1.194296598434448242e+00 -1.336592078208923340e+00 1.292275667190551758e+00 -2.226797938346862793e-01 -1.944449245929718018e-01 -1.310360580682754517e-01
1.194458961486816406e+00 -1.335590839385986328e+00 1.291609048843383789e+00 -2.225842773914337158e-01 -1.939567476511001587e-01 -1.316650956869125366e-01
1.194825410842895508e+00 -1.332914352416992188e+00 1.289853930473327637e+00 -2.223493009805679321e-01 -1.927875727415084839e-01 -1.331174969673156738e-01
1.195159792900085449e+00 -1.326414704322814941e+00 1.286182761192321777e+00 -2.218821942806243896e-01 -1.896258443593978882e-01 -1.369754225015640259e-01
1.198412537574768066e+00 -1.306218147277832031e+00 1.271758556365966797e+00 -2.209214568138122559e-01 -1.832172870635986328e-01 -1.434519588947296143e-01
1.193554878234863281e+00 -1.285066008567810059e+00 1.264176726341247559e+00 -2.196803241968154907e-01 -1.710143685340881348e-01 -1.598716825246810913e-01
1.196775197982788086e+00 -1.262565970420837402e+00 1.243466258049011230e+00 -2.195551991462707520e-01 -1.608583629131317139e-01 -1.699524372816085815e-01
1.201056957244873047e+00 -1.250220537185668945e+00 1.234220027923583984e+00 -2.202036976814270020e-01 -1.579210460186004639e-01 -1.715875118970870972e-01
1.197728037834167480e+00 -1.254923462867736816e+00 1.239815950393676758e+00 -2.198358327150344849e-01 -1.585470288991928101e-01 -1.721745431423187256e-01
1.196773767471313477e+00 -1.255426526069641113e+00 1.240092873573303223e+00 -2.200043946504592896e-01 -1.577637642621994019e-01 -1.733530163764953613e-01
1.199930548667907715e+00 -1.250600337982177734e+00 1.235270738601684570e+00 -2.219076156616210938e-01 -1.581918597221374512e-01 -1.701507717370986938e-01
