1.233491420745849609e+00 -1.204288601875305176e+00 1.189790368080139160e+00 -1.968345642089843750e-01 -2.278558313846588135e-01 -1.725231558084487915e-01
1.233250498771667480e+00 -1.204461574554443359e+00 1.189907670021057129e+00 -1.968086361885070801e-01 -2.277790904045104980e-01 -1.726856380701065063e-01
1.232607603073120117e+00 -1.204917907714843750e+00 1.190204620361328125e+00 -1.967227905988693237e-01 -2.275173068046569824e-01 -1.732167452573776245e-01
1.230744719505310059e+00 -1.206059455871582031e+00 1.190999150276184082e+00 -1.966206282377243042e-01 -2.270985841751098633e-01 -1.741076409816741943e-01
1.224588274955749512e+00 -1.212904691696166992e+00 1.196515560150146484e+00 -1.951026022434234619e-01 -2.257446646690368652e-01 -1.780881285667419434e-01
1.219511866569519043e+00 -1.213582754135131836e+00 1.195173144340515137e+00 -1.952090561389923096e-01 -2.217458784580230713e-01 -1.841751933097839355e-01
1.210870623588562012e+00 -1.221432209014892578e+00 1.202283501625061035e+00 -1.939287334680557251e-01 -2.205691933631896973e-01 -1.881061196327209473e-01
1.211171507835388184e+00 -1.221627354621887207e+00 1.201681375503540039e+00 -1.937266886234283447e-01 -2.209896147251129150e-01 -1.871465742588043213e-01
1.210333108901977539e+00 -1.222941875457763672e+00 1.202104210853576660e+00 -1.924180239439010620e-01 -2.178178131580352783e-01 -1.919470727443695068e-01
1.211138606071472168e+00 -1.220405101776123047e+00 1.200842142105102539e+00 -1.925802081823348999e-01 -2.171083092689514160e-01 -1.920243948698043823e-01
1.211418032646179199e+00 -1.220454096794128418e+00 1.200854182243347168e+00 -1.936648935079574585e-01 -2.174358069896697998e-01 -1.912183016538619995e-01
