1.215529084205627441e+00 -1.149672985076904297e+00 1.249737858772277832e+00 -2.276042401790618896e-01 -2.550317347049713135e-01 -1.780416518449783325e-01
1.215313553810119629e+00 -1.150821566581726074e+00 1.249600529670715332e+00 -2.275293320417404175e-01 -2.548174262046813965e-01 -1.785402148962020874e-01
1.214811801910400391e+00 -1.153873801231384277e+00 1.249037742614746094e+00 -2.273689657449722290e-01 -2.543016970157623291e-01 -1.796995848417282104e-01
1.213131904602050781e+00 -1.162286996841430664e+00 1.247891068458557129e+00 -2.269773632287979126e-01 -2.531845271587371826e-01 -1.824004352092742920e-01
1.208993792533874512e+00 -1.183346033096313477e+00 1.244781970977783203e+00 -2.254261523485183716e-01 -2.484555691480636597e-01 -1.928610056638717651e-01
1.201905608177185059e+00 -1.219653725624084473e+00 1.238262534141540527e+00 -2.245798707008361816e-01 -2.445477843284606934e-01 -2.011679112911224365e-01
1.195945143699645996e+00 -1.245448589324951172e+00 1.234104037284851074e+00 -2.231692075729370117e-01 -2.404436469078063965e-01 -2.090132534503936768e-01
1.193647980690002441e+00 -1.255834102630615234e+00 1.240625500679016113e+00 -2.209433913230895996e-01 -2.383954674005508423e-01 -2.151660323143005371e-01
1.198958396911621094e+00 -1.244528532028198242e+00 1.229246973991394043e+00 -2.233235538005828857e-01 -2.357738316059112549e-01 -2.137689590454101562e-01
1.191439747810363770e+00 -1.259340047836303711e+00 1.240769267082214355e+00 -2.219609767198562622e-01 -2.363709360361099243e-01 -2.161965668201446533e-01
1.193766713142395020e+00 -1.254154086112976074e+00 1.236574053764343262e+00 -2.230101525783538818e-01 -2.352211177349090576e-01 -2.147547602653503418e-01
