1.253475427627563477e+00 -1.319907426834106445e+00 1.186923980712890625e+00 -2.470862418413162231e-01 -2.699338793754577637e-01 -2.315424680709838867e-01
1.252980709075927734e+00 -1.318964004516601562e+00 1.187320470809936523e+00 -2.470379918813705444e-01 -2.698836922645568848e-01 -2.315384745597839355e-01
1.251551032066345215e+00 -1.316453218460083008e+00 1.188408374786376953e+00 -2.468878477811813354e-01 -2.696983814239501953e-01 -2.315984070301055908e-01
1.248185873031616211e+00 -1.308359503746032715e+00 1.190686225891113281e+00 -2.464160919189453125e-01 -2.689870595932006836e-01 -2.317049056291580200e-01
1.236635088920593262e+00 -1.293865799903869629e+00 1.201006770133972168e+00 -2.455947548151016235e-01 -2.695140242576599121e-01 -2.300222963094711304e-01
1.221188545227050781e+00 -1.258023142814636230e+00 1.209939360618591309e+00 -2.451020330190658569e-01 -2.673917114734649658e-01 -2.302499413490295410e-01
1.210500717163085938e+00 -1.234143376350402832e+00 1.213211297988891602e+00 -2.466206550598144531e-01 -2.659457027912139893e-01 -2.274723052978515625e-01
1.202342987060546875e+00 -1.239436507225036621e+00 1.222074985504150391e+00 -2.456731796264648438e-01 -2.653203606605529785e-01 -2.292910218238830566e-01
1.200254797935485840e+00 -1.242595434188842773e+00 1.227765917778015137e+00 -2.449083030223846436e-01 -2.649883925914764404e-01 -2.298085242509841919e-01
1.206222534179687500e+00 -1.234609842300415039e+00 1.219638705253601074e+00 -2.451888620853424072e-01 -2.608715891838073730e-01 -2.328854203224182129e-01
1.203903794288635254e+00 -1.236292362213134766e+00 1.221686601638793945e+00 -2.456604689359664917e-01 -2.606604397296905518e-01 -2.321178615093231201e-01
