1.059696197509765625e+00 -1.196558952331542969e+00 1.197441577911376953e+00 -2.039706110954284668e-01 -2.183225005865097046e-01 -1.854228228330612183e-01
1.061058759689331055e+00 -1.196980118751525879e+00 1.197388291358947754e+00 -2.039595842361450195e-01 -2.182913422584533691e-01 -1.855438053607940674e-01
1.064871311187744141e+00 -1.198133468627929688e+00 1.197318315505981445e+00 -2.040273249149322510e-01 -2.184362262487411499e-01 -1.854854226112365723e-01
1.074932098388671875e+00 -1.201436758041381836e+00 1.197284579277038574e+00 -2.040819227695465088e-01 -2.184188961982727051e-01 -1.860838383436203003e-01
1.101541399955749512e+00 -1.208737969398498535e+00 1.194926023483276367e+00 -2.031400501728057861e-01 -2.167800515890121460e-01 -1.902625262737274170e-01
1.146361231803894043e+00 -1.223332643508911133e+00 1.196578621864318848e+00 -2.034718543291091919e-01 -2.207139581441879272e-01 -1.872146576642990112e-01
1.177268028259277344e+00 -1.228804707527160645e+00 1.189697861671447754e+00 -2.037316560745239258e-01 -2.179060280323028564e-01 -1.909563839435577393e-01
1.182019472122192383e+00 -1.236238837242126465e+00 1.194207072257995605e+00 -2.005135267972946167e-01 -2.133031934499740601e-01 -2.003003060817718506e-01
1.187344551086425781e+00 -1.228983521461486816e+00 1.189037084579467773e+00 -2.024145275354385376e-01 -2.138780355453491211e-01 -1.944315135478973389e-01
1.183647394180297852e+00 -1.233838915824890137e+00 1.192142128944396973e+00 -2.025744467973709106e-01 -2.143356204032897949e-01 -1.912173330783843994e-01
1.181522369384765625e+00 -1.236757993698120117e+00 1.195315003395080566e+00 -2.018813788890838623e-01 -2.132545709609985352e-01 -1.921160072088241577e-01
