1.214745998382568359e+00 -1.206538796424865723e+00 1.193038463592529297e+00 -2.173862904310226440e-01 -2.131004929542541504e-01 -1.845393776893615723e-01
1.204597353935241699e+00 -1.222639799118041992e+00 1.175423145294189453e+00 -2.211006432771682739e-01 -2.126519232988357544e-01 -1.843407452106475830e-01
1.194612503051757812e+00 -1.227162957191467285e+00 1.173694014549255371e+00 -2.220806777477264404e-01 -2.135408967733383179e-01 -1.838011145591735840e-01
1.190019488334655762e+00 -1.228095889091491699e+00 1.185155987739562988e+00 -2.221846133470535278e-01 -2.181201279163360596e-01 -1.827587783336639404e-01
1.185963869094848633e+00 -1.226656556129455566e+00 1.198121428489685059e+00 -2.194597572088241577e-01 -2.184675335884094238e-01 -1.870400011539459229e-01
1.179216980934143066e+00 -1.222101569175720215e+00 1.211529254913330078e+00 -2.184225171804428101e-01 -2.208787202835083008e-01 -1.889020204544067383e-01
1.183600783348083496e+00 -1.210579991340637207e+00 1.221135497093200684e+00 -2.185086309909820557e-01 -2.241362035274505615e-01 -1.893848478794097900e-01
1.189055442810058594e+00 -1.209199070930480957e+00 1.220837950706481934e+00 -2.178043723106384277e-01 -2.244564145803451538e-01 -1.939448565244674683e-01
1.191231012344360352e+00 -1.209036827087402344e+00 1.215944051742553711e+00 -2.197105735540390015e-01 -2.269249856472015381e-01 -1.934184283018112183e-01
1.196253776550292969e+00 -1.208012342453002930e+00 1.211192965507507324e+00 -2.211307883262634277e-01 -2.308683395385742188e-01 -1.924826502799987793e-01
