1.220564603805541992e+00 -1.191310524940490723e+00 1.173056483268737793e+00 -2.105256319046020508e-01 -2.019956409931182861e-01 -1.820263117551803589e-01
1.220076441764831543e+00 -1.177142024040222168e+00 1.214234828948974609e+00 -2.088872194290161133e-01 -2.088342308998107910e-01 -1.783185452222824097e-01
1.225672245025634766e+00 -1.152420282363891602e+00 1.230515956878662109e+00 -2.069294154644012451e-01 -2.093667984008789062e-01 -1.800640374422073364e-01
1.244679927825927734e+00 -1.141731023788452148e+00 1.232001900672912598e+00 -2.080454528331756592e-01 -2.116304188966751099e-01 -1.799531131982803345e-01
1.257749438285827637e+00 -1.136565089225769043e+00 1.210405468940734863e+00 -2.098240107297897339e-01 -2.061781734228134155e-01 -1.850613057613372803e-01
1.264732599258422852e+00 -1.151888966560363770e+00 1.185410857200622559e+00 -2.174938172101974487e-01 -2.091085761785507202e-01 -1.801493912935256958e-01
1.260096907615661621e+00 -1.163552165031433105e+00 1.170226931571960449e+00 -2.238234132528305054e-01 -2.131938338279724121e-01 -1.746912598609924316e-01
1.254958271980285645e+00 -1.170681595802307129e+00 1.168232917785644531e+00 -2.251427322626113892e-01 -2.149554789066314697e-01 -1.734565198421478271e-01
1.247284650802612305e+00 -1.171271085739135742e+00 1.170055389404296875e+00 -2.256221920251846313e-01 -2.154482752084732056e-01 -1.730591058731079102e-01
1.246642827987670898e+00 -1.168023586273193359e+00 1.177859902381896973e+00 -2.263512164354324341e-01 -2.166620343923568726e-01 -1.730310022830963135e-01
