1.224909901618957520e+00 -1.184161782264709473e+00 1.173170685768127441e+00 -2.097060084342956543e-01 -2.183794677257537842e-01 -1.871020942926406860e-01
1.188744783401489258e+00 -1.157723069190979004e+00 1.114721775054931641e+00 -2.134483456611633301e-01 -2.034572660923004150e-01 -1.909977197647094727e-01
1.222738146781921387e+00 -1.201248764991760254e+00 1.135415911674499512e+00 -2.142956256866455078e-01 -2.167138010263442993e-01 -1.792208254337310791e-01
1.184573888778686523e+00 -1.167402505874633789e+00 1.097132086753845215e+00 -2.124064713716506958e-01 -1.958016008138656616e-01 -1.905867457389831543e-01
1.215076088905334473e+00 -1.212436079978942871e+00 1.132807374000549316e+00 -2.103257030248641968e-01 -2.090642750263214111e-01 -1.836807876825332642e-01
1.169939517974853516e+00 -1.178772330284118652e+00 1.109890103340148926e+00 -2.096602320671081543e-01 -1.969696879386901855e-01 -1.917434334754943848e-01
1.199989199638366699e+00 -1.206318497657775879e+00 1.158112049102783203e+00 -2.069537341594696045e-01 -2.106461375951766968e-01 -1.872223615646362305e-01
1.166951656341552734e+00 -1.172035455703735352e+00 1.143527150154113770e+00 -2.063257098197937012e-01 -2.034511417150497437e-01 -1.894040107727050781e-01
1.204068064689636230e+00 -1.179907679557800293e+00 1.168587565422058105e+00 -2.048941254615783691e-01 -2.110482752323150635e-01 -1.900061964988708496e-01
1.185217022895812988e+00 -1.174725174903869629e+00 1.149337172508239746e+00 -2.078877538442611694e-01 -2.071643769741058350e-01 -1.906269639730453491e-01
