1.230100750923156738e+00 -1.180620193481445312e+00 1.165670871734619141e+00 -2.064009457826614380e-01 -3.216134905815124512e-01 -2.772775590419769287e-01
1.209225296974182129e+00 -1.181084394454956055e+00 1.167630076408386230e+00 -2.052448689937591553e-01 -3.183178901672363281e-01 -2.774713039398193359e-01
1.212026953697204590e+00 -1.170940399169921875e+00 1.178533196449279785e+00 -2.037397921085357666e-01 -3.176676928997039795e-01 -2.751954793930053711e-01
1.216100931167602539e+00 -1.167921543121337891e+00 1.180873155593872070e+00 -2.038371711969375610e-01 -3.158594369888305664e-01 -2.750824689865112305e-01
1.220281124114990234e+00 -1.165692448616027832e+00 1.176904201507568359e+00 -2.034905403852462769e-01 -3.131567537784576416e-01 -2.769569456577301025e-01
1.221288204193115234e+00 -1.170875549316406250e+00 1.173170804977416992e+00 -2.042112350463867188e-01 -3.120728135108947754e-01 -2.750284075736999512e-01
1.218767166137695312e+00 -1.168676137924194336e+00 1.170312404632568359e+00 -2.062212675809860229e-01 -3.117324411869049072e-01 -2.708044052124023438e-01
1.224592924118041992e+00 -1.166399121284484863e+00 1.167058706283569336e+00 -2.065408825874328613e-01 -3.096809685230255127e-01 -2.709171175956726074e-01
1.223836064338684082e+00 -1.172488451004028320e+00 1.165666460990905762e+00 -2.059590667486190796e-01 -3.084771037101745605e-01 -2.720871865749359131e-01
1.220095276832580566e+00 -1.172023534774780273e+00 1.163403153419494629e+00 -2.071284502744674683e-01 -3.069066107273101807e-01 -2.689602673053741455e-01
