1.222917914390563965e+00 -1.190033793449401855e+00 1.179565191268920898e+00 -1.772416085004806519e-01 -2.341252565383911133e-01 -1.841552257537841797e-01
1.262583017349243164e+00 -1.310683965682983398e+00 1.010221123695373535e+00 -1.901319026947021484e-01 -2.117450535297393799e-01 -1.841828823089599609e-01
1.114570617675781250e+00 -1.482785344123840332e+00 9.772629141807556152e-01 -1.902431547641754150e-01 -1.985584646463394165e-01 -2.177326679229736328e-01
9.182916879653930664e-01 -1.502626299858093262e+00 1.119344472885131836e+00 -1.743445843458175659e-01 -1.895554661750793457e-01 -2.380907982587814331e-01
9.283481240272521973e-01 -1.329882621765136719e+00 1.293060302734375000e+00 -1.709841489791870117e-01 -2.110052257776260376e-01 -2.282171398401260376e-01
1.127835512161254883e+00 -1.174362659454345703e+00 1.304284811019897461e+00 -1.872488260269165039e-01 -2.298894077539443970e-01 -1.889972984790802002e-01
1.284308433532714844e+00 -1.199108123779296875e+00 1.119646668434143066e+00 -2.046771347522735596e-01 -2.178844511508941650e-01 -1.649563014507293701e-01
1.240033268928527832e+00 -1.378184318542480469e+00 9.537008404731750488e-01 -2.172309756278991699e-01 -1.971587538719177246e-01 -1.654052138328552246e-01
1.032810807228088379e+00 -1.525857210159301758e+00 9.941123127937316895e-01 -2.121871709823608398e-01 -1.769632399082183838e-01 -2.063802778720855713e-01
8.680435419082641602e-01 -1.504817128181457520e+00 1.216650962829589844e+00 -1.902077794075012207e-01 -1.836018711328506470e-01 -2.143113315105438232e-01
