1.110044002532958984e+00 -1.352419614791870117e+00 1.322103261947631836e+00 -1.964038759469985962e-01 -2.243539094924926758e-01 -2.007617205381393433e-01
9.845838546752929688e-01 -1.230196595191955566e+00 1.315329074859619141e+00 -1.940407305955886841e-01 -1.930655986070632935e-01 -2.167440205812454224e-01
1.110492587089538574e+00 -1.204153537750244141e+00 1.437992572784423828e+00 -1.963713467121124268e-01 -2.258924841880798340e-01 -1.970776021480560303e-01
1.104753494262695312e+00 -1.141978502273559570e+00 1.346813201904296875e+00 -2.121233940124511719e-01 -2.137510180473327637e-01 -1.836919635534286499e-01
1.207259654998779297e+00 -1.187552690505981445e+00 1.323658943176269531e+00 -2.164599150419235229e-01 -2.140344381332397461e-01 -1.809628754854202271e-01
1.175453662872314453e+00 -1.204870223999023438e+00 1.205950617790222168e+00 -2.282036542892456055e-01 -1.984089612960815430e-01 -1.852483004331588745e-01
1.165244340896606445e+00 -1.314408898353576660e+00 1.233658790588378906e+00 -2.294650971889495850e-01 -2.138914912939071655e-01 -1.822787076234817505e-01
1.036057829856872559e+00 -1.307033896446228027e+00 1.256244063377380371e+00 -2.252441644668579102e-01 -2.014006078243255615e-01 -2.024868875741958618e-01
1.037755131721496582e+00 -1.270221948623657227e+00 1.380746722221374512e+00 -2.142697721719741821e-01 -2.151629626750946045e-01 -2.008014917373657227e-01
1.061319828033447266e+00 -1.161763429641723633e+00 1.383677482604980469e+00 -2.191677093505859375e-01 -2.117734998464584351e-01 -1.909745633602142334e-01
