1.212487459182739258e+00 -1.199464082717895508e+00 1.166718840599060059e+00 -2.272285521030426025e-01 -1.512323915958404541e-01 -1.462116539478302002e-01
1.226548314094543457e+00 -1.132352113723754883e+00 1.404611945152282715e+00 -1.993462145328521729e-01 -1.663979142904281616e-01 -1.722060441970825195e-01
1.246179938316345215e+00 -8.911404013633728027e-01 1.371710419654846191e+00 -1.922275871038436890e-01 -1.523672193288803101e-01 -1.702297627925872803e-01
1.520050525665283203e+00 -8.430266380310058594e-01 1.285825967788696289e+00 -2.096753567457199097e-01 -1.475031673908233643e-01 -1.264349371194839478e-01
1.520289421081542969e+00 -9.446558952331542969e-01 1.029080986976623535e+00 -2.315674424171447754e-01 -1.354329884052276611e-01 -8.563464879989624023e-02
1.467187404632568359e+00 -1.208127737045288086e+00 1.026085853576660156e+00 -2.304199039936065674e-01 -1.310943067073822021e-01 -1.014939323067665100e-01
1.206998467445373535e+00 -1.264201879501342773e+00 1.147710442543029785e+00 -2.112691998481750488e-01 -1.106056347489356995e-01 -1.420369595289230347e-01
1.166151642799377441e+00 -1.151015758514404297e+00 1.404751777648925781e+00 -1.897440254688262939e-01 -1.180687993764877319e-01 -1.748285144567489624e-01
1.243410468101501465e+00 -8.765051960945129395e-01 1.413536071777343750e+00 -1.872058212757110596e-01 -1.121444404125213623e-01 -1.599522382020950317e-01
1.504133701324462891e+00 -8.313558101654052734e-01 1.316664457321166992e+00 -2.004209458827972412e-01 -1.038306728005409241e-01 -1.229081228375434875e-01
