1.214073777198791504e+00 -1.196334123611450195e+00 1.201196193695068359e+00 -1.753171682357788086e-01 -1.462360024452209473e-01 -1.188340485095977783e-01
1.344904780387878418e+00 -1.303630709648132324e+00 9.662966728210449219e-01 -1.953554302453994751e-01 -1.437645256519317627e-01 -9.470424056053161621e-02
1.235316395759582520e+00 -1.403460144996643066e+00 7.072538733482360840e-01 -2.057093977928161621e-01 -1.184494048357009888e-01 -8.055342733860015869e-02
1.091257333755493164e+00 -1.603950023651123047e+00 7.461744546890258789e-01 -2.018055617809295654e-01 -1.068457514047622681e-01 -1.042630001902580261e-01
8.790528774261474609e-01 -1.593329548835754395e+00 9.524496197700500488e-01 -1.853600889444351196e-01 -7.669883221387863159e-02 -1.291343122720718384e-01
9.393753409385681152e-01 -1.446295976638793945e+00 1.213667631149291992e+00 -1.807543784379959106e-01 -8.675494790077209473e-02 -1.385765820741653442e-01
1.122565031051635742e+00 -1.251652598381042480e+00 1.201341509819030762e+00 -1.903274059295654297e-01 -9.661823511123657227e-02 -9.401665627956390381e-02
1.328162193298339844e+00 -1.272347331047058105e+00 1.024443149566650391e+00 -2.014677077531814575e-01 -8.792883902788162231e-02 -6.548068672418594360e-02
1.286263227462768555e+00 -1.373541116714477539e+00 7.485052943229675293e-01 -2.056961506605148315e-01 -8.039367198944091797e-02 -3.272301703691482544e-02
1.108616352081298828e+00 -1.649180889129638672e+00 7.694692611694335938e-01 -2.037736624479293823e-01 -5.889301747083663940e-02 -7.027970999479293823e-02
