1.277659296989440918e+00 -1.174367904663085938e+00 1.115848541259765625e+00 -2.145929783582687378e-01 -1.319156438112258911e-01 -1.664960980415344238e-01
1.276947379112243652e+00 -1.174787759780883789e+00 1.116735219955444336e+00 -2.146785110235214233e-01 -1.322053074836730957e-01 -1.663959920406341553e-01
1.274979829788208008e+00 -1.175957441329956055e+00 1.119245886802673340e+00 -2.147896438837051392e-01 -1.328897774219512939e-01 -1.660196483135223389e-01
1.269514203071594238e+00 -1.179250001907348633e+00 1.125705361366271973e+00 -2.154035270214080811e-01 -1.348374933004379272e-01 -1.659513264894485474e-01
1.255956530570983887e+00 -1.186851501464843750e+00 1.142886877059936523e+00 -2.171231210231781006e-01 -1.403228938579559326e-01 -1.631946265697479248e-01
1.233062267303466797e+00 -1.198563814163208008e+00 1.170569300651550293e+00 -2.173843383789062500e-01 -1.475387513637542725e-01 -1.594312041997909546e-01
1.214402318000793457e+00 -1.211195707321166992e+00 1.193066954612731934e+00 -2.171089649200439453e-01 -1.520297229290008545e-01 -1.632062196731567383e-01
1.211533784866333008e+00 -1.211578249931335449e+00 1.193584561347961426e+00 -2.190979421138763428e-01 -1.557633280754089355e-01 -1.620279550552368164e-01
1.211482644081115723e+00 -1.212062239646911621e+00 1.195199966430664062e+00 -2.201493680477142334e-01 -1.587230563163757324e-01 -1.616163700819015503e-01
1.210207343101501465e+00 -1.212229251861572266e+00 1.196298241615295410e+00 -2.216666787862777710e-01 -1.604435443878173828e-01 -1.613177210092544556e-01
1.210911512374877930e+00 -1.212655186653137207e+00 1.195729970932006836e+00 -2.207325994968414307e-01 -1.606189459562301636e-01 -1.608715802431106567e-01
