1.087845563888549805e+00 -1.262802124023437500e+00 1.108574271202087402e+00 -2.067115008831024170e-01 -2.062363624572753906e-01 -1.900325268507003784e-01
1.089181303977966309e+00 -1.262305736541748047e+00 1.109558105468750000e+00 -2.066546976566314697e-01 -2.064027041196823120e-01 -1.900655329227447510e-01
1.092844963073730469e+00 -1.260996580123901367e+00 1.112296581268310547e+00 -2.063267827033996582e-01 -2.066990137100219727e-01 -1.903925538063049316e-01
1.102872848510742188e+00 -1.257019996643066406e+00 1.119680166244506836e+00 -2.063463777303695679e-01 -2.084130942821502686e-01 -1.897405683994293213e-01
1.128085255622863770e+00 -1.248035669326782227e+00 1.138910770416259766e+00 -2.033003270626068115e-01 -2.100807875394821167e-01 -1.926272064447402954e-01
1.171100258827209473e+00 -1.232341289520263672e+00 1.173995137214660645e+00 -1.996046304702758789e-01 -2.143295407295227051e-01 -1.932790279388427734e-01
1.201441526412963867e+00 -1.217930555343627930e+00 1.192077517509460449e+00 -2.001417726278305054e-01 -2.165566682815551758e-01 -1.939340680837631226e-01
1.206732630729675293e+00 -1.218691349029541016e+00 1.198832631111145020e+00 -2.015285193920135498e-01 -2.186735123395919800e-01 -1.943195760250091553e-01
1.208231925964355469e+00 -1.218036532402038574e+00 1.200544714927673340e+00 -2.013243734836578369e-01 -2.187819927930831909e-01 -1.955098807811737061e-01
1.208503007888793945e+00 -1.217737197875976562e+00 1.200464844703674316e+00 -2.018077373504638672e-01 -2.186591029167175293e-01 -1.963555961847305298e-01
1.208670616149902344e+00 -1.217409133911132812e+00 1.200658679008483887e+00 -2.025534212589263916e-01 -2.185459733009338379e-01 -1.970447301864624023e-01
