1.269176602363586426e+00 -1.324591517448425293e+00 1.490535378456115723e+00 -1.873330622911453247e-01 -2.661276161670684814e-01 -1.680758893489837646e-01
1.268574237823486328e+00 -1.323500633239746094e+00 1.487283825874328613e+00 -1.875365376472473145e-01 -2.654685974121093750e-01 -1.682588905096054077e-01
1.266868114471435547e+00 -1.320512175559997559e+00 1.478394746780395508e+00 -1.879441440105438232e-01 -2.636392712593078613e-01 -1.685541868209838867e-01
1.262765765190124512e+00 -1.311634778976440430e+00 1.453574419021606445e+00 -1.895032525062561035e-01 -2.583361864089965820e-01 -1.703182160854339600e-01
1.251140952110290527e+00 -1.289453029632568359e+00 1.391589760780334473e+00 -1.905327141284942627e-01 -2.432672381401062012e-01 -1.750166714191436768e-01
1.228793859481811523e+00 -1.252647280693054199e+00 1.283969521522521973e+00 -1.955849230289459229e-01 -2.172544896602630615e-01 -1.871616542339324951e-01
1.211100459098815918e+00 -1.226258277893066406e+00 1.221085429191589355e+00 -2.018451988697052002e-01 -2.080788910388946533e-01 -1.775687932968139648e-01
1.209125041961669922e+00 -1.217983961105346680e+00 1.204105138778686523e+00 -2.046933770179748535e-01 -2.070076465606689453e-01 -1.792990863323211670e-01
1.207305669784545898e+00 -1.219728946685791016e+00 1.202590942382812500e+00 -2.050682604312896729e-01 -2.070019245147705078e-01 -1.859120428562164307e-01
1.207921385765075684e+00 -1.218796849250793457e+00 1.201891899108886719e+00 -2.065953314304351807e-01 -2.067955881357192993e-01 -1.871956884860992432e-01
1.207646250724792480e+00 -1.217994451522827148e+00 1.201425790786743164e+00 -2.073354721069335938e-01 -2.068378925323486328e-01 -1.879574060440063477e-01
