1.238819956779479980e+00 -1.215633392333984375e+00 1.228205919265747070e+00 -1.777895987033843994e-01 -2.234518676996231079e-01 -2.052167057991027832e-01
1.238364458084106445e+00 -1.215840935707092285e+00 1.228068113327026367e+00 -1.778027266263961792e-01 -2.234554588794708252e-01 -2.050849944353103638e-01
1.237133622169494629e+00 -1.216367483139038086e+00 1.227632999420166016e+00 -1.778684854507446289e-01 -2.234348803758621216e-01 -2.047676444053649902e-01
1.233650684356689453e+00 -1.217942714691162109e+00 1.226570367813110352e+00 -1.781745254993438721e-01 -2.232905030250549316e-01 -2.042270600795745850e-01
1.224085211753845215e+00 -1.223259449005126953e+00 1.225116491317749023e+00 -1.785483509302139282e-01 -2.230411171913146973e-01 -2.033350467681884766e-01
1.209111928939819336e+00 -1.230194091796875000e+00 1.220052242279052734e+00 -1.795265227556228638e-01 -2.221085280179977417e-01 -2.010669112205505371e-01
1.200583457946777344e+00 -1.233626723289489746e+00 1.216789722442626953e+00 -1.812600940465927124e-01 -2.205758988857269287e-01 -1.978799700736999512e-01
1.197248578071594238e+00 -1.236869215965270996e+00 1.216783761978149414e+00 -1.828301399946212769e-01 -2.180875837802886963e-01 -1.971252709627151489e-01
1.193525671958923340e+00 -1.240597248077392578e+00 1.219992160797119141e+00 -1.835851371288299561e-01 -2.163585424423217773e-01 -1.971970647573471069e-01
1.191774368286132812e+00 -1.244011998176574707e+00 1.223379492759704590e+00 -1.851041764020919800e-01 -2.166973501443862915e-01 -1.967158764600753784e-01
1.191229820251464844e+00 -1.244892835617065430e+00 1.225273728370666504e+00 -1.876907348632812500e-01 -2.190504819154739380e-01 -1.943344175815582275e-01
