1.176248311996459961e+00 -1.248676657676696777e+00 1.204100608825683594e+00 -2.132267653942108154e-01 -9.400524944067001343e-02 -1.113461852073669434e-01
1.176463961601257324e+00 -1.248572707176208496e+00 1.204319715499877930e+00 -2.132484912872314453e-01 -9.401332587003707886e-02 -1.113996654748916626e-01
1.177041411399841309e+00 -1.248282074928283691e+00 1.204873561859130859e+00 -2.132941633462905884e-01 -9.401725977659225464e-02 -1.115157380700111389e-01
1.178609609603881836e+00 -1.247412562370300293e+00 1.206137537956237793e+00 -2.133760005235671997e-01 -9.390994906425476074e-02 -1.118188053369522095e-01
1.183030009269714355e+00 -1.244778871536254883e+00 1.209171295166015625e+00 -2.137588709592819214e-01 -9.365759044885635376e-02 -1.125868409872055054e-01
1.190654635429382324e+00 -1.241120219230651855e+00 1.216015458106994629e+00 -2.145761996507644653e-01 -9.327679127454757690e-02 -1.132514327764511108e-01
1.193513631820678711e+00 -1.240492701530456543e+00 1.223804473876953125e+00 -2.147444635629653931e-01 -9.185791015625000000e-02 -1.144456267356872559e-01
1.192867279052734375e+00 -1.241922497749328613e+00 1.227241754531860352e+00 -2.149069458246231079e-01 -9.081202000379562378e-02 -1.154225766658782959e-01
1.194020152091979980e+00 -1.243071675300598145e+00 1.227492809295654297e+00 -2.153870910406112671e-01 -8.998428285121917725e-02 -1.169178634881973267e-01
1.194875240325927734e+00 -1.242245912551879883e+00 1.226904869079589844e+00 -2.164961993694305420e-01 -8.858441561460494995e-02 -1.190716475248336792e-01
1.195820569992065430e+00 -1.242167830467224121e+00 1.229074716567993164e+00 -2.174335122108459473e-01 -8.681944012641906738e-02 -1.215291172266006470e-01
