1.183825016021728516e+00 -1.207326531410217285e+00 1.186403274536132812e+00 -2.974898219108581543e-01 -1.905973553657531738e-01 -1.494052857160568237e-01
1.184059739112854004e+00 -1.207492113113403320e+00 1.186617970466613770e+00 -2.974787056446075439e-01 -1.905675828456878662e-01 -1.496191024780273438e-01
1.184656977653503418e+00 -1.207953333854675293e+00 1.187224030494689941e+00 -2.974200248718261719e-01 -1.904975175857543945e-01 -1.501082330942153931e-01
1.186180591583251953e+00 -1.209154248237609863e+00 1.188868761062622070e+00 -2.973345518112182617e-01 -1.905481219291687012e-01 -1.508580446243286133e-01
1.190653085708618164e+00 -1.212335348129272461e+00 1.192605257034301758e+00 -2.973921597003936768e-01 -1.904364824295043945e-01 -1.535985767841339111e-01
1.198453903198242188e+00 -1.218275308609008789e+00 1.199810504913330078e+00 -2.958912253379821777e-01 -1.886917501688003540e-01 -1.588666141033172607e-01
1.203105211257934570e+00 -1.222585797309875488e+00 1.206031084060668945e+00 -2.942776679992675781e-01 -1.874771118164062500e-01 -1.598108261823654175e-01
1.201425313949584961e+00 -1.226706981658935547e+00 1.210476636886596680e+00 -2.936959564685821533e-01 -1.869095265865325928e-01 -1.595019102096557617e-01
1.197646737098693848e+00 -1.232281088829040527e+00 1.215585827827453613e+00 -2.926012873649597168e-01 -1.853763908147811890e-01 -1.607646346092224121e-01
1.194756507873535156e+00 -1.236588954925537109e+00 1.220788478851318359e+00 -2.912428379058837891e-01 -1.830438226461410522e-01 -1.622562706470489502e-01
1.196672916412353516e+00 -1.237412810325622559e+00 1.228626489639282227e+00 -2.904901802539825439e-01 -1.828125268220901489e-01 -1.628655195236206055e-01
