1.082948803901672363e+00 -1.238610506057739258e+00 1.227398991584777832e+00 -2.184068411588668823e-01 -1.066057384014129639e-01 -9.350442886352539062e-02
1.084238648414611816e+00 -1.238490462303161621e+00 1.227132558822631836e+00 -2.184055745601654053e-01 -1.065189167857170105e-01 -9.384354948997497559e-02
1.087765574455261230e+00 -1.238124370574951172e+00 1.226361870765686035e+00 -2.184267938137054443e-01 -1.062917560338973999e-01 -9.476438164710998535e-02
1.097125291824340820e+00 -1.237401366233825684e+00 1.224715709686279297e+00 -2.186464965343475342e-01 -1.059788689017295837e-01 -9.704630821943283081e-02
1.119812011718750000e+00 -1.237568378448486328e+00 1.222993254661560059e+00 -2.193666398525238037e-01 -1.054423600435256958e-01 -1.035223752260208130e-01
1.159682393074035645e+00 -1.238766789436340332e+00 1.219395279884338379e+00 -2.221199572086334229e-01 -1.037948280572891235e-01 -1.165308058261871338e-01
1.186375141143798828e+00 -1.240270733833312988e+00 1.218244075775146484e+00 -2.265664339065551758e-01 -1.041737347841262817e-01 -1.236728280782699585e-01
1.193993330001831055e+00 -1.239311218261718750e+00 1.218515515327453613e+00 -2.293949276208877563e-01 -1.048889234662055969e-01 -1.244598478078842163e-01
1.195693731307983398e+00 -1.237405180931091309e+00 1.216590762138366699e+00 -2.306218296289443970e-01 -1.035190746188163757e-01 -1.252927333116531372e-01
1.197044730186462402e+00 -1.235786318778991699e+00 1.213725805282592773e+00 -2.315483987331390381e-01 -1.018874347209930420e-01 -1.262835264205932617e-01
1.197095274925231934e+00 -1.234321355819702148e+00 1.212068915367126465e+00 -2.328488528728485107e-01 -1.010928824543952942e-01 -1.277671009302139282e-01
