1.382693171501159668e+00 -1.307765483856201172e+00 1.036595702171325684e+00 -1.985130012035369873e-01 -1.609583199024200439e-01 -2.128884047269821167e-01
1.380965471267700195e+00 -1.306255698204040527e+00 1.037996053695678711e+00 -1.984960138797760010e-01 -1.613848209381103516e-01 -2.124741226434707642e-01
1.376176238059997559e+00 -1.302321672439575195e+00 1.042062759399414062e+00 -1.984436213970184326e-01 -1.626271307468414307e-01 -2.113306969404220581e-01
1.363186955451965332e+00 -1.291969776153564453e+00 1.053574562072753906e+00 -1.983178704977035522e-01 -1.658957749605178833e-01 -2.081170678138732910e-01
1.332350611686706543e+00 -1.264278411865234375e+00 1.079174876213073730e+00 -1.986200213432312012e-01 -1.726196408271789551e-01 -2.002187818288803101e-01
1.278730273246765137e+00 -1.219295501708984375e+00 1.122556686401367188e+00 -1.976251304149627686e-01 -1.842221468687057495e-01 -1.890795528888702393e-01
1.243005752563476562e+00 -1.186622619628906250e+00 1.154205441474914551e+00 -1.938154846429824829e-01 -1.932051330804824829e-01 -1.788029372692108154e-01
1.236814141273498535e+00 -1.177410721778869629e+00 1.157936215400695801e+00 -1.916972845792770386e-01 -1.933896243572235107e-01 -1.759501993656158447e-01
1.237690687179565430e+00 -1.172821402549743652e+00 1.153427004814147949e+00 -1.919265687465667725e-01 -1.905872821807861328e-01 -1.763586401939392090e-01
1.240538597106933594e+00 -1.169456839561462402e+00 1.150203227996826172e+00 -1.915393471717834473e-01 -1.879063844680786133e-01 -1.773821562528610229e-01
1.243271827697753906e+00 -1.165643930435180664e+00 1.153429031372070312e+00 -1.898171007633209229e-01 -1.876340955495834351e-01 -1.760408878326416016e-01
