1.194146871566772461e+00 -1.226267933845520020e+00 1.207505345344543457e+00 -1.577263176441192627e-01 -3.813060373067855835e-02 -1.429118961095809937e-01
1.207238435745239258e+00 -1.220308303833007812e+00 1.199286460876464844e+00 -1.548391133546829224e-01 -6.586573272943496704e-02 -1.125090271234512329e-01
1.210495114326477051e+00 -1.215029001235961914e+00 1.194880008697509766e+00 -1.691729277372360229e-01 -9.094673395156860352e-02 -9.473663568496704102e-02
1.204543948173522949e+00 -1.220780134201049805e+00 1.200103998184204102e+00 -1.781240552663803101e-01 -1.327960789203643799e-01 -1.537644416093826294e-01
1.210342884063720703e+00 -1.213638305664062500e+00 1.194612383842468262e+00 -1.728751659393310547e-01 -1.022885814309120178e-01 -9.685300290584564209e-02
1.207391738891601562e+00 -1.216430306434631348e+00 1.196484446525573730e+00 -1.610820889472961426e-01 -9.799717366695404053e-02 -1.181878745555877686e-01
1.211773037910461426e+00 -1.210630416870117188e+00 1.191844463348388672e+00 -1.716221123933792114e-01 -9.000235795974731445e-02 -9.658575057983398438e-02
1.207509875297546387e+00 -1.217638134956359863e+00 1.198206424713134766e+00 -1.694433391094207764e-01 -9.352266788482666016e-02 -1.083024665713310242e-01
1.211680293083190918e+00 -1.211768507957458496e+00 1.191802263259887695e+00 -1.668576449155807495e-01 -8.749832957983016968e-02 -1.207600533962249756e-01
1.211115837097167969e+00 -1.212517738342285156e+00 1.193429350852966309e+00 -1.828425526618957520e-01 -8.874106407165527344e-02 -1.063631772994995117e-01
1.212445735931396484e+00 -1.210163831710815430e+00 1.191159248352050781e+00 -1.703287810087203979e-01 -9.713353216648101807e-02 -1.204700544476509094e-01
