1.244961142539978027e+00 -9.887039065361022949e-01 1.219982862472534180e+00 -2.135695219039916992e-01 -2.235421836376190186e-01 -1.768161952495574951e-01
1.225632905960083008e+00 -1.194328069686889648e+00 1.177845120429992676e+00 -2.186634689569473267e-01 -2.106474637985229492e-01 -1.874795258045196533e-01
1.212159037590026855e+00 -1.215176105499267578e+00 1.202459335327148438e+00 -1.976935863494873047e-01 -2.286892980337142944e-01 -1.833721399307250977e-01
1.227924227714538574e+00 -1.185169458389282227e+00 1.167242288589477539e+00 -2.122862637042999268e-01 -2.096466422080993652e-01 -1.945977210998535156e-01
1.218241333961486816e+00 -1.203137636184692383e+00 1.184490203857421875e+00 -2.073411196470260620e-01 -2.027657330036163330e-01 -1.890658438205718994e-01
1.230515003204345703e+00 -1.184067010879516602e+00 1.165750980377197266e+00 -2.010961920022964478e-01 -1.951378881931304932e-01 -1.886639297008514404e-01
1.227342128753662109e+00 -1.191298723220825195e+00 1.173735737800598145e+00 -1.873241513967514038e-01 -2.128550708293914795e-01 -1.838235557079315186e-01
1.234890103340148926e+00 -1.179949998855590820e+00 1.158649921417236328e+00 -1.930963695049285889e-01 -1.956346482038497925e-01 -2.130974531173706055e-01
1.218398094177246094e+00 -1.201200723648071289e+00 1.182281732559204102e+00 -2.003319114446640015e-01 -2.129904776811599731e-01 -2.027332186698913574e-01
1.216390371322631836e+00 -1.203944206237792969e+00 1.185881018638610840e+00 -2.150143384933471680e-01 -2.214233279228210449e-01 -2.116243243217468262e-01
1.222738504409790039e+00 -1.194947242736816406e+00 1.176609396934509277e+00 -2.088561058044433594e-01 -2.117320299148559570e-01 -1.912445127964019775e-01
