1.220937132835388184e+00 -1.263028621673583984e+00 1.263730287551879883e+00 -1.851537972688674927e-01 -2.221950739622116089e-01 -2.118296921253204346e-01
1.220677495002746582e+00 -1.262706160545349121e+00 1.263239264488220215e+00 -1.852686703205108643e-01 -2.222037315368652344e-01 -2.117403745651245117e-01
1.219982624053955078e+00 -1.261816263198852539e+00 1.261856555938720703e+00 -1.856258362531661987e-01 -2.221956402063369751e-01 -2.115917354822158813e-01
1.218227982521057129e+00 -1.259266853332519531e+00 1.257869720458984375e+00 -1.865420341491699219e-01 -2.220729291439056396e-01 -2.112874239683151245e-01
1.214630722999572754e+00 -1.251574397087097168e+00 1.246709942817687988e+00 -1.888487339019775391e-01 -2.220920771360397339e-01 -2.099844515323638916e-01
1.208917498588562012e+00 -1.237118840217590332e+00 1.226157665252685547e+00 -1.932404190301895142e-01 -2.219919860363006592e-01 -2.091344296932220459e-01
1.204141020774841309e+00 -1.227720856666564941e+00 1.213051080703735352e+00 -1.966471374034881592e-01 -2.244121730327606201e-01 -2.083239108324050903e-01
1.203013777732849121e+00 -1.224773168563842773e+00 1.209173560142517090e+00 -1.982215642929077148e-01 -2.284723818302154541e-01 -2.080435156822204590e-01
1.202839493751525879e+00 -1.224182724952697754e+00 1.208909034729003906e+00 -1.971609741449356079e-01 -2.301527410745620728e-01 -2.094829082489013672e-01
1.202547907829284668e+00 -1.224997401237487793e+00 1.210139751434326172e+00 -1.967573910951614380e-01 -2.311875075101852417e-01 -2.111708372831344604e-01
1.203055977821350098e+00 -1.225733280181884766e+00 1.209169507026672363e+00 -1.989193707704544067e-01 -2.331386506557464600e-01 -2.122541964054107666e-01
