1.300425767898559570e+00 -1.036063194274902344e+00 1.333369255065917969e+00 -2.778233289718627930e-01 -2.749861478805541992e-01 -1.220156624913215637e-01
1.299533963203430176e+00 -1.037971854209899902e+00 1.331808805465698242e+00 -2.777808010578155518e-01 -2.743999660015106201e-01 -1.229877993464469910e-01
1.297064900398254395e+00 -1.043252587318420410e+00 1.327559590339660645e+00 -2.776496410369873047e-01 -2.727493047714233398e-01 -1.258295327425003052e-01
1.290479779243469238e+00 -1.057484745979309082e+00 1.315907955169677734e+00 -2.774293422698974609e-01 -2.684542536735534668e-01 -1.335431635379791260e-01
1.274054765701293945e+00 -1.092651844024658203e+00 1.285116076469421387e+00 -2.772432267665863037e-01 -2.585909366607666016e-01 -1.500420272350311279e-01
1.241040349006652832e+00 -1.157621860504150391e+00 1.234929323196411133e+00 -2.764251828193664551e-01 -2.412375211715698242e-01 -1.811116188764572144e-01
1.217123150825500488e+00 -1.202748417854309082e+00 1.205597877502441406e+00 -2.755944132804870605e-01 -2.280784547328948975e-01 -2.102078646421432495e-01
1.211279392242431641e+00 -1.212791919708251953e+00 1.198129653930664062e+00 -2.776333689689636230e-01 -2.284551113843917847e-01 -2.150100767612457275e-01
1.211837530136108398e+00 -1.211921215057373047e+00 1.195351362228393555e+00 -2.802987694740295410e-01 -2.330196052789688110e-01 -2.127925306558609009e-01
1.210960626602172852e+00 -1.214403510093688965e+00 1.198466897010803223e+00 -2.811004221439361572e-01 -2.362400293350219727e-01 -2.152734845876693726e-01
1.209406733512878418e+00 -1.215045213699340820e+00 1.200278043746948242e+00 -2.803612351417541504e-01 -2.371928244829177856e-01 -2.211940884590148926e-01
