1.149385690689086914e+00 -1.184634327888488770e+00 1.398089528083801270e+00 -1.960403621196746826e-01 -2.473638653755187988e-01 -2.010581344366073608e-01
1.150359749794006348e+00 -1.184863924980163574e+00 1.395766854286193848e+00 -1.963516920804977417e-01 -2.470923811197280884e-01 -2.011177539825439453e-01
1.153054594993591309e+00 -1.185422301292419434e+00 1.389366507530212402e+00 -1.972872465848922729e-01 -2.464649379253387451e-01 -2.010602355003356934e-01
1.160473585128784180e+00 -1.186604022979736328e+00 1.371652364730834961e+00 -1.998994648456573486e-01 -2.448098957538604736e-01 -2.007696777582168579e-01
1.178103446960449219e+00 -1.190361380577087402e+00 1.327110290527343750e+00 -2.055012583732604980e-01 -2.391234338283538818e-01 -2.025984823703765869e-01
1.206574797630310059e+00 -1.194395065307617188e+00 1.247556209564208984e+00 -2.166472971439361572e-01 -2.304811477661132812e-01 -1.999647021293640137e-01
1.219990015029907227e+00 -1.199345707893371582e+00 1.197516202926635742e+00 -2.240538895130157471e-01 -2.231143116950988770e-01 -2.012832462787628174e-01
1.221556782722473145e+00 -1.200623393058776855e+00 1.187338590621948242e+00 -2.268073856830596924e-01 -2.221637517213821411e-01 -2.025148719549179077e-01
1.219968676567077637e+00 -1.202763319015502930e+00 1.188193798065185547e+00 -2.290165871381759644e-01 -2.256451845169067383e-01 -2.011580020189285278e-01
1.218253731727600098e+00 -1.204916596412658691e+00 1.189426064491271973e+00 -2.298896014690399170e-01 -2.284148335456848145e-01 -2.007880508899688721e-01
1.224518299102783203e+00 -1.194632530212402344e+00 1.178332924842834473e+00 -2.310034632682800293e-01 -2.284058928489685059e-01 -1.981580853462219238e-01
