1.120587229728698730e+00 -1.204428195953369141e+00 1.191819548606872559e+00 -2.106330990791320801e-01 -2.008929848670959473e-01 -2.457466423511505127e-01
1.121243715286254883e+00 -1.205009579658508301e+00 1.192404985427856445e+00 -2.106914818286895752e-01 -2.013174742460250854e-01 -2.453950643539428711e-01
1.123038053512573242e+00 -1.206622719764709473e+00 1.194027543067932129e+00 -2.108272612094879150e-01 -2.024277746677398682e-01 -2.445765584707260132e-01
1.127979636192321777e+00 -1.210931777954101562e+00 1.198285222053527832e+00 -2.111476063728332520e-01 -2.053114324808120728e-01 -2.424573004245758057e-01
1.140599727630615234e+00 -1.221702218055725098e+00 1.208587408065795898e+00 -2.123709470033645630e-01 -2.133786082267761230e-01 -2.352218180894851685e-01
1.160441994667053223e+00 -1.243882775306701660e+00 1.229490995407104492e+00 -2.137006670236587524e-01 -2.266733199357986450e-01 -2.259559333324432373e-01
1.172899127006530762e+00 -1.259260654449462891e+00 1.243326187133789062e+00 -2.152901738882064819e-01 -2.357100844383239746e-01 -2.228207290172576904e-01
1.174075245857238770e+00 -1.265180349349975586e+00 1.249247431755065918e+00 -2.176389098167419434e-01 -2.384053468704223633e-01 -2.247810959815979004e-01
1.173805832862854004e+00 -1.266647934913635254e+00 1.250289320945739746e+00 -2.216254770755767822e-01 -2.404520809650421143e-01 -2.260439544916152954e-01
1.176375746726989746e+00 -1.262587070465087891e+00 1.246379613876342773e+00 -2.260118275880813599e-01 -2.429001629352569580e-01 -2.255017757415771484e-01
1.174640417098999023e+00 -1.265092968940734863e+00 1.251648664474487305e+00 -2.285179048776626587e-01 -2.463206648826599121e-01 -2.280363440513610840e-01
