1.180494070053100586e+00 -1.259364008903503418e+00 1.250585556030273438e+00 -1.963275521993637085e-01 -1.868520677089691162e-01 -2.120347470045089722e-01
1.199262499809265137e+00 -1.233738780021667480e+00 1.218304634094238281e+00 -2.006448209285736084e-01 -1.825938075780868530e-01 -2.081413269042968750e-01
1.205057621002197266e+00 -1.225378751754760742e+00 1.201556801795959473e+00 -2.248366922140121460e-01 -1.755079478025436401e-01 -1.989756226539611816e-01
1.197747468948364258e+00 -1.229211807250976562e+00 1.211445093154907227e+00 -2.216143608093261719e-01 -1.747433096170425415e-01 -2.018679976463317871e-01
1.203145384788513184e+00 -1.224410057067871094e+00 1.212428569793701172e+00 -2.135681807994842529e-01 -1.661202013492584229e-01 -1.971838027238845825e-01
1.213414549827575684e+00 -1.216920852661132812e+00 1.206826806068420410e+00 -2.093325108289718628e-01 -1.642874181270599365e-01 -1.998212784528732300e-01
1.208267211914062500e+00 -1.219060063362121582e+00 1.212409496307373047e+00 -2.124386429786682129e-01 -1.719924956560134888e-01 -2.010688483715057373e-01
1.200809717178344727e+00 -1.228594064712524414e+00 1.210341095924377441e+00 -2.011888027191162109e-01 -1.772124469280242920e-01 -2.109352350234985352e-01
1.205905556678771973e+00 -1.223195552825927734e+00 1.206284523010253906e+00 -2.012388706207275391e-01 -1.777524352073669434e-01 -2.069241851568222046e-01
1.204030990600585938e+00 -1.228700876235961914e+00 1.217854857444763184e+00 -2.054996788501739502e-01 -1.840804666280746460e-01 -2.011097669601440430e-01
1.206536293029785156e+00 -1.222308397293090820e+00 1.200194239616394043e+00 -2.091358155012130737e-01 -1.810629665851593018e-01 -2.081612646579742432e-01
