1.135068178176879883e+00 -1.144807934761047363e+00 1.451094388961791992e+00 -1.306780874729156494e-01 -3.900644779205322266e-01 -1.592846363782882690e-01
1.198389291763305664e+00 -1.229477763175964355e+00 1.202984333038330078e+00 -1.670068204402923584e-01 -3.574159145355224609e-01 -1.798071414232254028e-01
1.196402072906494141e+00 -1.240549325942993164e+00 1.209920048713684082e+00 -1.470479220151901245e-01 -3.513526320457458496e-01 -1.882046014070510864e-01
1.212249040603637695e+00 -1.223628759384155273e+00 1.199481606483459473e+00 -1.716023385524749756e-01 -3.546708822250366211e-01 -1.795670390129089355e-01
1.204357862472534180e+00 -1.230947732925415039e+00 1.210103869438171387e+00 -1.762256026268005371e-01 -3.510331511497497559e-01 -1.916034221649169922e-01
1.202720522880554199e+00 -1.226533651351928711e+00 1.197604894638061523e+00 -1.682172715663909912e-01 -3.550834655761718750e-01 -1.772478669881820679e-01
1.206388950347900391e+00 -1.222366333007812500e+00 1.209246516227722168e+00 -1.791524589061737061e-01 -3.607134222984313965e-01 -1.864954233169555664e-01
1.207274556159973145e+00 -1.224011659622192383e+00 1.201031565666198730e+00 -1.738231480121612549e-01 -3.560312390327453613e-01 -1.817369461059570312e-01
1.204901099205017090e+00 -1.220374703407287598e+00 1.204335093498229980e+00 -1.761825382709503174e-01 -3.545287251472473145e-01 -1.730236411094665527e-01
1.203347921371459961e+00 -1.225282549858093262e+00 1.211707711219787598e+00 -1.769949197769165039e-01 -3.669607639312744141e-01 -1.703131347894668579e-01
1.205820679664611816e+00 -1.229851007461547852e+00 1.210627794265747070e+00 -1.752321422100067139e-01 -3.597199916839599609e-01 -1.791238337755203247e-01
