1.224617362022399902e+00 -1.257041096687316895e+00 1.199583172798156738e+00 -2.295035570859909058e-01 -2.087893486022949219e-01 -1.951941698789596558e-01
1.201833963394165039e+00 -1.225166320800781250e+00 1.208994746208190918e+00 -2.304417341947555542e-01 -2.108368724584579468e-01 -1.896629184484481812e-01
1.199580669403076172e+00 -1.227135062217712402e+00 1.207313060760498047e+00 -2.267730832099914551e-01 -2.105432152748107910e-01 -2.023708075284957886e-01
1.198332190513610840e+00 -1.227100253105163574e+00 1.204473495483398438e+00 -2.177320271730422974e-01 -2.144027948379516602e-01 -2.115759253501892090e-01
1.208003759384155273e+00 -1.218207001686096191e+00 1.193823575973510742e+00 -2.303888797760009766e-01 -2.212543338537216187e-01 -1.953965872526168823e-01
1.199801564216613770e+00 -1.226761817932128906e+00 1.209287643432617188e+00 -2.228915095329284668e-01 -2.181798368692398071e-01 -1.901191920042037964e-01
1.199032187461853027e+00 -1.226203680038452148e+00 1.208308696746826172e+00 -2.317682206630706787e-01 -2.152684628963470459e-01 -1.877057552337646484e-01
1.195568919181823730e+00 -1.229866266250610352e+00 1.203944921493530273e+00 -2.291218340396881104e-01 -2.049552351236343384e-01 -1.869429945945739746e-01
1.198119759559631348e+00 -1.225239515304565430e+00 1.203542470932006836e+00 -2.284263521432876587e-01 -2.080205976963043213e-01 -1.869447976350784302e-01
1.200150489807128906e+00 -1.224859952926635742e+00 1.199292898178100586e+00 -2.277097404003143311e-01 -2.074886411428451538e-01 -1.882701814174652100e-01
1.207137703895568848e+00 -1.217024445533752441e+00 1.189706921577453613e+00 -2.361974716186523438e-01 -2.095600962638854980e-01 -1.883243769407272339e-01
