1.242077231407165527e+00 -1.223383784294128418e+00 1.176971554756164551e+00 -8.480295538902282715e-02 -2.006601542234420776e-01 -2.771607339382171631e-01
1.208365321159362793e+00 -1.228315591812133789e+00 1.201064825057983398e+00 -8.196959644556045532e-02 -2.048290073871612549e-01 -2.745280265808105469e-01
1.208756208419799805e+00 -1.238176226615905762e+00 1.228902935981750488e+00 -8.411909639835357666e-02 -1.986292898654937744e-01 -2.696680724620819092e-01
1.207266807556152344e+00 -1.231486558914184570e+00 1.204209208488464355e+00 -1.003256961703300476e-01 -1.962424516677856445e-01 -2.618713080883026123e-01
1.209060430526733398e+00 -1.235039472579956055e+00 1.207117080688476562e+00 -9.279619157314300537e-02 -2.008769065141677856e-01 -2.800082862377166748e-01
1.208013653755187988e+00 -1.231186866760253906e+00 1.201327919960021973e+00 -7.599193602800369263e-02 -2.019544094800949097e-01 -2.852675914764404297e-01
1.205787181854248047e+00 -1.231553673744201660e+00 1.205742359161376953e+00 -9.016367793083190918e-02 -1.988663077354431152e-01 -2.776450216770172119e-01
1.206157565116882324e+00 -1.238316297531127930e+00 1.219337105751037598e+00 -8.816174417734146118e-02 -2.049029171466827393e-01 -2.776269912719726562e-01
1.215417742729187012e+00 -1.228563189506530762e+00 1.208330631256103516e+00 -7.919130474328994751e-02 -2.029833495616912842e-01 -2.787898480892181396e-01
1.207031726837158203e+00 -1.238054871559143066e+00 1.210437774658203125e+00 -8.112208545207977295e-02 -2.033904939889907837e-01 -2.804572582244873047e-01
1.210962057113647461e+00 -1.232284069061279297e+00 1.197393655776977539e+00 -8.317378163337707520e-02 -1.999095380306243896e-01 -2.805102467536926270e-01
