1.276753306388854980e+00 -1.167012691497802734e+00 1.289835453033447266e+00 -1.706190705299377441e-01 -2.387110590934753418e-01 -1.902561783790588379e-01
1.212218880653381348e+00 -1.221104025840759277e+00 1.200894474983215332e+00 -1.807067841291427612e-01 -2.271136939525604248e-01 -1.866595596075057983e-01
1.203022003173828125e+00 -1.232040882110595703e+00 1.205284476280212402e+00 -1.938926428556442261e-01 -2.214456498622894287e-01 -1.916716247797012329e-01
1.215022206306457520e+00 -1.210577964782714844e+00 1.208864331245422363e+00 -1.827728748321533203e-01 -2.180142402648925781e-01 -2.055424004793167114e-01
1.216005444526672363e+00 -1.213489055633544922e+00 1.207032799720764160e+00 -1.661663800477981567e-01 -1.984008997678756714e-01 -2.044198364019393921e-01
1.210961937904357910e+00 -1.220825791358947754e+00 1.204351544380187988e+00 -1.614217162132263184e-01 -2.045563161373138428e-01 -2.106505036354064941e-01
1.209954380989074707e+00 -1.223146200180053711e+00 1.204266905784606934e+00 -1.668625175952911377e-01 -2.060415297746658325e-01 -2.001997530460357666e-01
1.211678147315979004e+00 -1.223351240158081055e+00 1.205805420875549316e+00 -1.647852361202239990e-01 -2.182106822729110718e-01 -1.978869140148162842e-01
1.208488702774047852e+00 -1.227676272392272949e+00 1.214306712150573730e+00 -1.777339428663253784e-01 -2.263592481613159180e-01 -1.917190104722976685e-01
1.208459258079528809e+00 -1.226611495018005371e+00 1.214384913444519043e+00 -1.779130697250366211e-01 -2.267803251743316650e-01 -1.867121607065200806e-01
1.211464881896972656e+00 -1.221202492713928223e+00 1.209678173065185547e+00 -1.804696917533874512e-01 -2.285580486059188843e-01 -1.874684244394302368e-01
