1.210943937301635742e+00 -1.423250913619995117e+00 1.004584431648254395e+00 -1.713833212852478027e-01 -2.893469631671905518e-01 -2.615177631378173828e-01
1.209047794342041016e+00 -1.232083320617675781e+00 1.225577235221862793e+00 -1.476572304964065552e-01 -3.190681636333465576e-01 -2.399612814188003540e-01
1.207081794738769531e+00 -1.238726019859313965e+00 1.222579240798950195e+00 -1.491107046604156494e-01 -3.117067813873291016e-01 -2.340466231107711792e-01
1.219034194946289062e+00 -1.227960228919982910e+00 1.228966116905212402e+00 -1.435029059648513794e-01 -3.055137395858764648e-01 -2.592962980270385742e-01
1.215270161628723145e+00 -1.226356625556945801e+00 1.216199040412902832e+00 -1.467964947223663330e-01 -3.132890462875366211e-01 -2.674979865550994873e-01
1.215268373489379883e+00 -1.230059266090393066e+00 1.218423843383789062e+00 -1.456587910652160645e-01 -3.098112344741821289e-01 -2.615932226181030273e-01
1.206658720970153809e+00 -1.230453848838806152e+00 1.207130074501037598e+00 -1.582129597663879395e-01 -3.187597393989562988e-01 -2.512304782867431641e-01
1.210179686546325684e+00 -1.228164911270141602e+00 1.214624166488647461e+00 -1.433395445346832275e-01 -3.288665115833282471e-01 -2.485074996948242188e-01
1.211053371429443359e+00 -1.231203794479370117e+00 1.209165215492248535e+00 -1.425094157457351685e-01 -3.304308056831359863e-01 -2.513785660266876221e-01
1.207439184188842773e+00 -1.232914209365844727e+00 1.219294190406799316e+00 -1.439106315374374390e-01 -3.290542960166931152e-01 -2.436404228210449219e-01
1.208348274230957031e+00 -1.227648258209228516e+00 1.214492082595825195e+00 -1.494250744581222534e-01 -3.229820728302001953e-01 -2.418854385614395142e-01
