1.258714199066162109e+00 -1.232975602149963379e+00 1.171451687812805176e+00 -2.177751064300537109e-01 -1.523994058370590210e-01 -2.282406091690063477e-01
1.199627399444580078e+00 -1.222835302352905273e+00 1.205694079399108887e+00 -2.164240777492523193e-01 -1.590756773948669434e-01 -2.254467010498046875e-01
1.200638413429260254e+00 -1.223817229270935059e+00 1.204789161682128906e+00 -2.157418429851531982e-01 -1.582072973251342773e-01 -2.234796583652496338e-01
1.203091144561767578e+00 -1.218882322311401367e+00 1.200954198837280273e+00 -2.147745043039321899e-01 -1.552228480577468872e-01 -2.211030721664428711e-01
1.201301813125610352e+00 -1.217664957046508789e+00 1.199944972991943359e+00 -2.088614404201507568e-01 -1.593515276908874512e-01 -2.229072004556655884e-01
1.202375888824462891e+00 -1.220704197883605957e+00 1.199765920639038086e+00 -2.211050689220428467e-01 -1.636505275964736938e-01 -2.337316274642944336e-01
1.200294017791748047e+00 -1.223624348640441895e+00 1.207687020301818848e+00 -2.266711145639419556e-01 -1.659643501043319702e-01 -2.269358634948730469e-01
1.199491262435913086e+00 -1.220115423202514648e+00 1.203456282615661621e+00 -2.145387083292007446e-01 -1.604431718587875366e-01 -2.240960001945495605e-01
1.200723648071289062e+00 -1.215914726257324219e+00 1.198938250541687012e+00 -2.178947627544403076e-01 -1.578409075736999512e-01 -2.280974239110946655e-01
1.202391266822814941e+00 -1.221921443939208984e+00 1.207898497581481934e+00 -2.232863754034042358e-01 -1.692407727241516113e-01 -2.313750237226486206e-01
1.199272990226745605e+00 -1.218408823013305664e+00 1.204045891761779785e+00 -2.202377021312713623e-01 -1.622310429811477661e-01 -2.243932038545608521e-01
