1.201293826103210449e+00 -1.209126114845275879e+00 1.266070485115051270e+00 -8.387798070907592773e-02 -3.307904899120330811e-01 -1.284425556659698486e-01
1.201269984245300293e+00 -1.209349632263183594e+00 1.265614628791809082e+00 -8.395682275295257568e-02 -3.304743766784667969e-01 -1.297564506530761719e-01
1.201212048530578613e+00 -1.209964871406555176e+00 1.264377236366271973e+00 -8.410400152206420898e-02 -3.295547962188720703e-01 -1.333161592483520508e-01
1.201087355613708496e+00 -1.211661219596862793e+00 1.260945439338684082e+00 -8.424161374568939209e-02 -3.266240656375885010e-01 -1.428470909595489502e-01
1.200572729110717773e+00 -1.216273069381713867e+00 1.251869440078735352e+00 -8.493529260158538818e-02 -3.182143270969390869e-01 -1.658956259489059448e-01
1.199133753776550293e+00 -1.226156473159790039e+00 1.236168742179870605e+00 -8.598598837852478027e-02 -2.998059689998626709e-01 -2.041808068752288818e-01
1.198445439338684082e+00 -1.234602093696594238e+00 1.224564433097839355e+00 -8.808869868516921997e-02 -2.835556864738464355e-01 -2.284917533397674561e-01
1.198222517967224121e+00 -1.236711502075195312e+00 1.221178054809570312e+00 -8.886437118053436279e-02 -2.795594036579132080e-01 -2.333130687475204468e-01
1.198228836059570312e+00 -1.237059354782104492e+00 1.219840407371520996e+00 -8.940066397190093994e-02 -2.795921266078948975e-01 -2.344071120023727417e-01
1.198085308074951172e+00 -1.237463951110839844e+00 1.218919634819030762e+00 -8.975329250097274780e-02 -2.793129980564117432e-01 -2.360241115093231201e-01
1.197484970092773438e+00 -1.237813949584960938e+00 1.218496441841125488e+00 -9.005505591630935669e-02 -2.772826552391052246e-01 -2.387466281652450562e-01
