1.205489754676818848e+00 -1.222180247306823730e+00 1.203280091285705566e+00 -1.909676045179367065e-01 -2.073740959167480469e-01 -2.190989702939987183e-01
1.205597281455993652e+00 -1.221638798713684082e+00 1.201063990592956543e+00 -1.911590099334716797e-01 -2.082064449787139893e-01 -2.194234579801559448e-01
1.206401586532592773e+00 -1.220802187919616699e+00 1.200413227081298828e+00 -1.917914152145385742e-01 -2.103063464164733887e-01 -2.187060862779617310e-01
1.206948399543762207e+00 -1.220438480377197266e+00 1.200040698051452637e+00 -1.914624124765396118e-01 -2.119081914424896240e-01 -2.183014452457427979e-01
1.207132101058959961e+00 -1.219896674156188965e+00 1.199651837348937988e+00 -1.917653679847717285e-01 -2.135532945394515991e-01 -2.185882329940795898e-01
1.207086205482482910e+00 -1.220000028610229492e+00 1.199316263198852539e+00 -1.918738335371017456e-01 -2.148177623748779297e-01 -2.182060331106185913e-01
1.207411646842956543e+00 -1.219613552093505859e+00 1.199207544326782227e+00 -1.919261217117309570e-01 -2.162583321332931519e-01 -2.191982716321945190e-01
1.207633852958679199e+00 -1.219353556632995605e+00 1.199485540390014648e+00 -1.921663731336593628e-01 -2.177735120058059692e-01 -2.201728671789169312e-01
1.207749605178833008e+00 -1.219104528427124023e+00 1.199432373046875000e+00 -1.926076710224151611e-01 -2.193125933408737183e-01 -2.210335880517959595e-01
1.207617998123168945e+00 -1.219270586967468262e+00 1.198905348777770996e+00 -1.926225721836090088e-01 -2.203540205955505371e-01 -2.213376909494400024e-01
