1.207415938377380371e+00 -1.211416482925415039e+00 1.193245768547058105e+00 -2.200401425361633301e-01 -2.726548910140991211e-01 -2.211726158857345581e-01
1.209456324577331543e+00 -1.211689114570617676e+00 1.193269610404968262e+00 -2.192842364311218262e-01 -2.711802124977111816e-01 -2.257555127143859863e-01
1.209779262542724609e+00 -1.210754632949829102e+00 1.192849040031433105e+00 -2.179455310106277466e-01 -2.687624692916870117e-01 -2.251634895801544189e-01
1.209535598754882812e+00 -1.211778402328491211e+00 1.194229722023010254e+00 -2.170234322547912598e-01 -2.683649063110351562e-01 -2.249672710895538330e-01
1.209563374519348145e+00 -1.211854577064514160e+00 1.193369865417480469e+00 -2.160652279853820801e-01 -2.670269906520843506e-01 -2.252308130264282227e-01
1.209696054458618164e+00 -1.211043477058410645e+00 1.192641735076904297e+00 -2.149973809719085693e-01 -2.645795643329620361e-01 -2.253290712833404541e-01
1.209653139114379883e+00 -1.211430668830871582e+00 1.193998575210571289e+00 -2.144010663032531738e-01 -2.639788091182708740e-01 -2.249998599290847778e-01
1.209659457206726074e+00 -1.211297512054443359e+00 1.193277120590209961e+00 -2.142944633960723877e-01 -2.627930641174316406e-01 -2.245668768882751465e-01
1.209165215492248535e+00 -1.211569070816040039e+00 1.193657159805297852e+00 -2.141400873661041260e-01 -2.621692121028900146e-01 -2.242746502161026001e-01
1.210343241691589355e+00 -1.211013793945312500e+00 1.193820118904113770e+00 -2.142484635114669800e-01 -2.618814706802368164e-01 -2.242985069751739502e-01
