1.200427174568176270e+00 -1.231138110160827637e+00 1.214017033576965332e+00 -2.071428447961807251e-01 -2.127788364887237549e-01 -2.130328118801116943e-01
1.200782060623168945e+00 -1.229915261268615723e+00 1.213183760643005371e+00 -2.065698355436325073e-01 -2.122027873992919922e-01 -2.127456367015838623e-01
1.200589895248413086e+00 -1.230284094810485840e+00 1.213253259658813477e+00 -2.063497900962829590e-01 -2.119388878345489502e-01 -2.115883380174636841e-01
1.201007366180419922e+00 -1.230010271072387695e+00 1.213494658470153809e+00 -2.058432698249816895e-01 -2.116607129573822021e-01 -2.113874554634094238e-01
1.200652122497558594e+00 -1.229935765266418457e+00 1.213527917861938477e+00 -2.050889134407043457e-01 -2.113300114870071411e-01 -2.117065191268920898e-01
1.200714349746704102e+00 -1.230284571647644043e+00 1.213359713554382324e+00 -2.053438574075698853e-01 -2.116249054670333862e-01 -2.099419534206390381e-01
1.200895667076110840e+00 -1.230214834213256836e+00 1.213391065597534180e+00 -2.044652402400970459e-01 -2.110153734683990479e-01 -2.105114758014678955e-01
1.201029419898986816e+00 -1.230052709579467773e+00 1.213325619697570801e+00 -2.036491632461547852e-01 -2.099892199039459229e-01 -2.110030949115753174e-01
1.201027393341064453e+00 -1.230144143104553223e+00 1.213140368461608887e+00 -2.034838348627090454e-01 -2.094992697238922119e-01 -2.108775526285171509e-01
1.201253890991210938e+00 -1.230188131332397461e+00 1.213117957115173340e+00 -2.025914192199707031e-01 -2.085437327623367310e-01 -2.106150537729263306e-01
