1.203334212303161621e+00 -1.220145463943481445e+00 1.200289726257324219e+00 -2.061671614646911621e-01 -2.418077737092971802e-01 -2.167545258998870850e-01
1.204038619995117188e+00 -1.222427487373352051e+00 1.202544093132019043e+00 -2.056478261947631836e-01 -2.411499172449111938e-01 -2.177932858467102051e-01
1.203181505203247070e+00 -1.224374890327453613e+00 1.204377055168151855e+00 -2.050986438989639282e-01 -2.410541176795959473e-01 -2.195090502500534058e-01
1.202591538429260254e+00 -1.226163864135742188e+00 1.205380678176879883e+00 -2.037975490093231201e-01 -2.405392527580261230e-01 -2.196957468986511230e-01
1.201473593711853027e+00 -1.226712703704833984e+00 1.206557273864746094e+00 -2.025052607059478760e-01 -2.387153208255767822e-01 -2.210302203893661499e-01
1.200831651687622070e+00 -1.227839112281799316e+00 1.207868337631225586e+00 -2.030113935470581055e-01 -2.391095161437988281e-01 -2.217661440372467041e-01
1.200150489807128906e+00 -1.228731632232666016e+00 1.208481788635253906e+00 -2.029369175434112549e-01 -2.387150228023529053e-01 -2.216495871543884277e-01
1.199785590171813965e+00 -1.229623079299926758e+00 1.208769083023071289e+00 -2.018680572509765625e-01 -2.383619993925094604e-01 -2.222183495759963989e-01
1.199735403060913086e+00 -1.230056405067443848e+00 1.209297776222229004e+00 -2.013919055461883545e-01 -2.382758557796478271e-01 -2.218230962753295898e-01
1.199755191802978516e+00 -1.230477094650268555e+00 1.209794521331787109e+00 -1.998623907566070557e-01 -2.373189628124237061e-01 -2.212942838668823242e-01
