1.212229847908020020e+00 -1.211353302001953125e+00 1.191033840179443359e+00 -1.343599557876586914e-01 -1.712563782930374146e-01 -1.727509349584579468e-01
1.214735269546508789e+00 -1.210828781127929688e+00 1.192123055458068848e+00 -1.361112594604492188e-01 -1.730642318725585938e-01 -1.711337268352508545e-01
1.215129256248474121e+00 -1.210911989212036133e+00 1.191301822662353516e+00 -1.362604200839996338e-01 -1.725469827651977539e-01 -1.719596534967422485e-01
1.215744256973266602e+00 -1.210668444633483887e+00 1.191367149353027344e+00 -1.364817619323730469e-01 -1.720049977302551270e-01 -1.715171039104461670e-01
1.214584589004516602e+00 -1.210435390472412109e+00 1.191382288932800293e+00 -1.373732984066009521e-01 -1.727532297372817993e-01 -1.709993034601211548e-01
1.214890718460083008e+00 -1.210895538330078125e+00 1.191149950027465820e+00 -1.375999897718429565e-01 -1.726164817810058594e-01 -1.717961877584457397e-01
1.215463399887084961e+00 -1.210801601409912109e+00 1.191313266754150391e+00 -1.380499005317687988e-01 -1.725208908319473267e-01 -1.718039512634277344e-01
1.214896321296691895e+00 -1.210451841354370117e+00 1.191589951515197754e+00 -1.387721598148345947e-01 -1.724505573511123657e-01 -1.716993749141693115e-01
1.215337038040161133e+00 -1.210474729537963867e+00 1.191393852233886719e+00 -1.390997618436813354e-01 -1.722683310508728027e-01 -1.721481233835220337e-01
1.215397715568542480e+00 -1.211048126220703125e+00 1.191380620002746582e+00 -1.397142112255096436e-01 -1.722362786531448364e-01 -1.709477454423904419e-01
