1.202166438102722168e+00 -1.218672633171081543e+00 1.205124735832214355e+00 -1.952743232250213623e-01 -2.277126163244247437e-01 -1.929288059473037720e-01
1.204569220542907715e+00 -1.221035361289978027e+00 1.202957868576049805e+00 -1.946069747209548950e-01 -2.246559262275695801e-01 -1.940823793411254883e-01
1.204913020133972168e+00 -1.220859527587890625e+00 1.203532695770263672e+00 -1.929896473884582520e-01 -2.224290370941162109e-01 -1.983837932348251343e-01
1.204806804656982422e+00 -1.221282124519348145e+00 1.203368067741394043e+00 -1.922297328710556030e-01 -2.207054048776626587e-01 -1.993879526853561401e-01
1.204885363578796387e+00 -1.221655845642089844e+00 1.203608393669128418e+00 -1.912972033023834229e-01 -2.194111347198486328e-01 -2.007771730422973633e-01
1.204539418220520020e+00 -1.221383333206176758e+00 1.203816771507263184e+00 -1.908751130104064941e-01 -2.186464369297027588e-01 -2.016991227865219116e-01
1.204397678375244141e+00 -1.221997261047363281e+00 1.203423380851745605e+00 -1.901076883077621460e-01 -2.164239287376403809e-01 -2.020955383777618408e-01
1.205244421958923340e+00 -1.221151947975158691e+00 1.203500628471374512e+00 -1.895851492881774902e-01 -2.147761583328247070e-01 -2.016196846961975098e-01
1.204700231552124023e+00 -1.221354365348815918e+00 1.202536463737487793e+00 -1.896370947360992432e-01 -2.122020125389099121e-01 -2.004625350236892700e-01
1.205078244209289551e+00 -1.220864057540893555e+00 1.203224778175354004e+00 -1.895924359560012817e-01 -2.109792530536651611e-01 -1.992323696613311768e-01
