1.207230329513549805e+00 -1.218611836433410645e+00 1.197526574134826660e+00 -1.671509742736816406e-01 -1.919663846492767334e-01 -1.934067606925964355e-01
1.208047032356262207e+00 -1.218552589416503906e+00 1.198347449302673340e+00 -1.674334853887557983e-01 -1.935341656208038330e-01 -1.940932571887969971e-01
1.207880139350891113e+00 -1.218254446983337402e+00 1.197898864746093750e+00 -1.677192896604537964e-01 -1.942598372697830200e-01 -1.936776787042617798e-01
1.208007812500000000e+00 -1.218410491943359375e+00 1.197895288467407227e+00 -1.675351560115814209e-01 -1.953721791505813599e-01 -1.942488551139831543e-01
1.208066225051879883e+00 -1.218233823776245117e+00 1.197588682174682617e+00 -1.677247136831283569e-01 -1.962228417396545410e-01 -1.947245299816131592e-01
1.208225846290588379e+00 -1.218131899833679199e+00 1.197513461112976074e+00 -1.678212583065032959e-01 -1.976187080144882202e-01 -1.953114718198776245e-01
1.208505868911743164e+00 -1.217737317085266113e+00 1.197754621505737305e+00 -1.678806245326995850e-01 -1.988360434770584106e-01 -1.958685070276260376e-01
1.208000779151916504e+00 -1.217919707298278809e+00 1.197061061859130859e+00 -1.684601902961730957e-01 -1.998286396265029907e-01 -1.963970661163330078e-01
1.208443760871887207e+00 -1.218278765678405762e+00 1.197547793388366699e+00 -1.691237539052963257e-01 -2.011771053075790405e-01 -1.971039772033691406e-01
1.208539843559265137e+00 -1.217826128005981445e+00 1.197750449180603027e+00 -1.696783453226089478e-01 -2.029360234737396240e-01 -1.981876194477081299e-01
