1.204049944877624512e+00 -1.225023388862609863e+00 1.210360765457153320e+00 -2.094180732965469360e-01 -2.096647471189498901e-01 -2.187792956829071045e-01
1.204854965209960938e+00 -1.223275065422058105e+00 1.207788825035095215e+00 -2.109033167362213135e-01 -2.115622609853744507e-01 -2.152806371450424194e-01
1.205627083778381348e+00 -1.221415162086486816e+00 1.205763578414916992e+00 -2.120804190635681152e-01 -2.128146588802337646e-01 -2.128872126340866089e-01
1.205887317657470703e+00 -1.220643877983093262e+00 1.204537272453308105e+00 -2.129930704832077026e-01 -2.138942033052444458e-01 -2.106302678585052490e-01
1.206241488456726074e+00 -1.219909906387329102e+00 1.203985571861267090e+00 -2.137288302183151245e-01 -2.144858241081237793e-01 -2.088081240653991699e-01
1.205890059471130371e+00 -1.219519376754760742e+00 1.203191637992858887e+00 -2.138997167348861694e-01 -2.152372300624847412e-01 -2.072768509387969971e-01
1.206612467765808105e+00 -1.219475150108337402e+00 1.202836871147155762e+00 -2.140124291181564331e-01 -2.159383744001388550e-01 -2.060606777667999268e-01
1.205635786056518555e+00 -1.219558715820312500e+00 1.202638983726501465e+00 -2.147367894649505615e-01 -2.171692699193954468e-01 -2.056883424520492554e-01
1.206056833267211914e+00 -1.219604849815368652e+00 1.202341079711914062e+00 -2.145862877368927002e-01 -2.176515609025955200e-01 -2.050195783376693726e-01
1.205818653106689453e+00 -1.219449996948242188e+00 1.202750325202941895e+00 -2.149398326873779297e-01 -2.184517383575439453e-01 -2.046962976455688477e-01
