1.195909261703491211e+00 -1.226739525794982910e+00 1.214201092720031738e+00 -2.089889347553253174e-01 -2.398541122674942017e-01 -1.921402215957641602e-01
1.199657440185546875e+00 -1.227093219757080078e+00 1.213230013847351074e+00 -2.070913612842559814e-01 -2.398502081632614136e-01 -1.961535513401031494e-01
1.200215101242065430e+00 -1.227239608764648438e+00 1.212990164756774902e+00 -2.054504156112670898e-01 -2.413464486598968506e-01 -2.022093534469604492e-01
1.200254917144775391e+00 -1.227276206016540527e+00 1.211982607841491699e+00 -2.048961371183395386e-01 -2.432560175657272339e-01 -2.069246470928192139e-01
1.200287342071533203e+00 -1.227630734443664551e+00 1.211215376853942871e+00 -2.049732208251953125e-01 -2.447988390922546387e-01 -2.091115415096282959e-01
1.200782299041748047e+00 -1.226821303367614746e+00 1.211313128471374512e+00 -2.045575976371765137e-01 -2.460521459579467773e-01 -2.087022662162780762e-01
1.201067209243774414e+00 -1.226836085319519043e+00 1.210688471794128418e+00 -2.041241228580474854e-01 -2.477775365114212036e-01 -2.108317017555236816e-01
1.200705885887145996e+00 -1.226217150688171387e+00 1.211424469947814941e+00 -2.035247683525085449e-01 -2.493999451398849487e-01 -2.124671638011932373e-01
1.200669288635253906e+00 -1.226973533630371094e+00 1.211265802383422852e+00 -2.029233574867248535e-01 -2.506786882877349854e-01 -2.142300903797149658e-01
1.201056361198425293e+00 -1.226793646812438965e+00 1.211106538772583008e+00 -2.024282515048980713e-01 -2.519710063934326172e-01 -2.148164212703704834e-01
