1.204182624816894531e+00 -1.220363020896911621e+00 1.201033353805541992e+00 -2.265306562185287476e-01 -1.694832146167755127e-01 -1.690734475851058960e-01
1.205396533012390137e+00 -1.220428228378295898e+00 1.202180147171020508e+00 -2.256776243448257446e-01 -1.715774238109588623e-01 -1.711108535528182983e-01
1.205251097679138184e+00 -1.220644235610961914e+00 1.202473282814025879e+00 -2.251395583152770996e-01 -1.734414100646972656e-01 -1.716492772102355957e-01
1.204891443252563477e+00 -1.221001744270324707e+00 1.202752232551574707e+00 -2.243451774120330811e-01 -1.753322035074234009e-01 -1.726502180099487305e-01
1.204363942146301270e+00 -1.220989227294921875e+00 1.203034877777099609e+00 -2.234603166580200195e-01 -1.770507991313934326e-01 -1.735140681266784668e-01
1.204148650169372559e+00 -1.220811009407043457e+00 1.202456235885620117e+00 -2.228307873010635376e-01 -1.782594621181488037e-01 -1.740175932645797729e-01
1.204381346702575684e+00 -1.220952987670898438e+00 1.202848792076110840e+00 -2.218465805053710938e-01 -1.800498813390731812e-01 -1.757847964763641357e-01
1.204274773597717285e+00 -1.221127986907958984e+00 1.202642560005187988e+00 -2.209193706512451172e-01 -1.818100810050964355e-01 -1.775632947683334351e-01
1.204405546188354492e+00 -1.220861315727233887e+00 1.202949762344360352e+00 -2.204881310462951660e-01 -1.837829053401947021e-01 -1.787253767251968384e-01
1.204398751258850098e+00 -1.220769405364990234e+00 1.202777385711669922e+00 -2.194394171237945557e-01 -1.851860433816909790e-01 -1.792770922183990479e-01
