1.208489537239074707e+00 -1.216365694999694824e+00 1.202857613563537598e+00 -1.839406937360763550e-01 -2.380180656909942627e-01 -2.251554578542709351e-01
1.209017753601074219e+00 -1.218769907951354980e+00 1.201063394546508789e+00 -1.841687113046646118e-01 -2.383456230163574219e-01 -2.231368273496627808e-01
1.209415912628173828e+00 -1.218308091163635254e+00 1.200395226478576660e+00 -1.854344457387924194e-01 -2.392795830965042114e-01 -2.220149934291839600e-01
1.208618879318237305e+00 -1.217970013618469238e+00 1.200304150581359863e+00 -1.862831711769104004e-01 -2.397112101316452026e-01 -2.208684831857681274e-01
1.208516597747802734e+00 -1.218961954116821289e+00 1.200235366821289062e+00 -1.867908239364624023e-01 -2.394908070564270020e-01 -2.209903299808502197e-01
1.208827257156372070e+00 -1.218327403068542480e+00 1.200345754623413086e+00 -1.870508342981338501e-01 -2.403630763292312622e-01 -2.199942320585250854e-01
1.208547353744506836e+00 -1.218213200569152832e+00 1.199663281440734863e+00 -1.871858537197113037e-01 -2.404902577400207520e-01 -2.191084623336791992e-01
1.208243012428283691e+00 -1.218719363212585449e+00 1.200325131416320801e+00 -1.877059787511825562e-01 -2.417068481445312500e-01 -2.181592881679534912e-01
1.208544611930847168e+00 -1.217940092086791992e+00 1.200255513191223145e+00 -1.881440132856369019e-01 -2.423016428947448730e-01 -2.181523591279983521e-01
1.208513617515563965e+00 -1.218626141548156738e+00 1.200480699539184570e+00 -1.885279119014739990e-01 -2.425658255815505981e-01 -2.177688181400299072e-01
