1.209663629531860352e+00 -1.204943180084228516e+00 1.184973478317260742e+00 -1.954224258661270142e-01 -1.969709992408752441e-01 -1.634407043457031250e-01
1.209728240966796875e+00 -1.204926967620849609e+00 1.184998035430908203e+00 -1.954466551542282104e-01 -1.969369053840637207e-01 -1.634916365146636963e-01
1.209905982017517090e+00 -1.204881548881530762e+00 1.185069322586059570e+00 -1.955023109912872314e-01 -1.968448013067245483e-01 -1.636344492435455322e-01
1.210394620895385742e+00 -1.204759359359741211e+00 1.185262084007263184e+00 -1.956427246332168579e-01 -1.966195851564407349e-01 -1.640545427799224854e-01
1.211736559867858887e+00 -1.204431891441345215e+00 1.185753703117370605e+00 -1.960288435220718384e-01 -1.962648034095764160e-01 -1.652834713459014893e-01
1.214420557022094727e+00 -1.203669071197509766e+00 1.186863064765930176e+00 -1.965698748826980591e-01 -1.963578015565872192e-01 -1.682532131671905518e-01
1.216072559356689453e+00 -1.202912926673889160e+00 1.187375783920288086e+00 -1.972705572843551636e-01 -1.975616514682769775e-01 -1.718696504831314087e-01
1.216432332992553711e+00 -1.202727794647216797e+00 1.187062978744506836e+00 -1.985892057418823242e-01 -1.994539052248001099e-01 -1.752360463142395020e-01
1.216926574707031250e+00 -1.202709794044494629e+00 1.187010288238525391e+00 -2.008887827396392822e-01 -2.008394002914428711e-01 -1.773923337459564209e-01
1.216798424720764160e+00 -1.202796936035156250e+00 1.187456488609313965e+00 -2.031245082616806030e-01 -2.025431692600250244e-01 -1.787208616733551025e-01
1.215499281883239746e+00 -1.203097105026245117e+00 1.188041448593139648e+00 -2.051829844713211060e-01 -2.052343487739562988e-01 -1.790513992309570312e-01
