1.403251647949218750e+00 -1.130977272987365723e+00 1.268944740295410156e+00 -2.203368693590164185e-01 -2.867649793624877930e-01 -2.431367337703704834e-01
1.400943160057067871e+00 -1.132325291633605957e+00 1.268588542938232422e+00 -2.203004509210586548e-01 -2.867943346500396729e-01 -2.432520687580108643e-01
1.394627094268798828e+00 -1.135934710502624512e+00 1.267483115196228027e+00 -2.202657461166381836e-01 -2.868632674217224121e-01 -2.433977872133255005e-01
1.377572536468505859e+00 -1.145281314849853516e+00 1.263851642608642578e+00 -2.202534973621368408e-01 -2.872273921966552734e-01 -2.437129169702529907e-01
1.333787560462951660e+00 -1.169215083122253418e+00 1.255422592163085938e+00 -2.207536399364471436e-01 -2.893733978271484375e-01 -2.451755106449127197e-01
1.258664131164550781e+00 -1.206061959266662598e+00 1.236206889152526855e+00 -2.254883050918579102e-01 -2.905912995338439941e-01 -2.460922747850418091e-01
1.210976600646972656e+00 -1.227324366569519043e+00 1.221261858940124512e+00 -2.300570309162139893e-01 -2.871952354907989502e-01 -2.472287714481353760e-01
1.201255679130554199e+00 -1.231112837791442871e+00 1.217144370079040527e+00 -2.293626219034194946e-01 -2.853402197360992432e-01 -2.496617138385772705e-01
1.199456334114074707e+00 -1.231814265251159668e+00 1.217413067817687988e+00 -2.262766957283020020e-01 -2.871893942356109619e-01 -2.524700164794921875e-01
1.198318004608154297e+00 -1.232219696044921875e+00 1.217850327491760254e+00 -2.234725952148437500e-01 -2.900630831718444824e-01 -2.550662159919738770e-01
1.198479056358337402e+00 -1.233537316322326660e+00 1.218262791633605957e+00 -2.210418283939361572e-01 -2.927461862564086914e-01 -2.583544254302978516e-01
