1.171393871307373047e+00 -1.354158401489257812e+00 1.086800932884216309e+00 -2.339795380830764771e-01 -2.174051403999328613e-01 -1.747640222311019897e-01
1.172509908676147461e+00 -1.351665854454040527e+00 1.087060451507568359e+00 -2.335657924413681030e-01 -2.172444611787796021e-01 -1.750136017799377441e-01
1.175587415695190430e+00 -1.344764351844787598e+00 1.087725281715393066e+00 -2.325940877199172974e-01 -2.167806923389434814e-01 -1.756634712219238281e-01
1.183828830718994141e+00 -1.326026797294616699e+00 1.089757919311523438e+00 -2.307032942771911621e-01 -2.156772166490554810e-01 -1.763107925653457642e-01
1.206470012664794922e+00 -1.275040507316589355e+00 1.091651439666748047e+00 -2.249505221843719482e-01 -2.136903554201126099e-01 -1.769597977399826050e-01
1.247528314590454102e+00 -1.178914070129394531e+00 1.086584329605102539e+00 -2.145482599735260010e-01 -2.112131267786026001e-01 -1.743576228618621826e-01
1.264939785003662109e+00 -1.130052447319030762e+00 1.096705079078674316e+00 -2.049053460359573364e-01 -2.141531109809875488e-01 -1.677131056785583496e-01
1.262183666229248047e+00 -1.129700064659118652e+00 1.109930872917175293e+00 -1.958906650543212891e-01 -2.170540988445281982e-01 -1.692764908075332642e-01
1.260654807090759277e+00 -1.130080103874206543e+00 1.111767053604125977e+00 -1.890609115362167358e-01 -2.186761349439620972e-01 -1.726892888545989990e-01
1.263147592544555664e+00 -1.126012444496154785e+00 1.107363104820251465e+00 -1.838444322347640991e-01 -2.206488251686096191e-01 -1.746940761804580688e-01
1.265737414360046387e+00 -1.121568679809570312e+00 1.102956652641296387e+00 -1.781375110149383545e-01 -2.217141836881637573e-01 -1.730250418186187744e-01
