1.357791423797607422e+00 -1.114174127578735352e+00 1.354663848876953125e+00 -1.718621701002120972e-01 -2.308597266674041748e-01 -1.862735003232955933e-01
1.356379270553588867e+00 -1.115171551704406738e+00 1.352874875068664551e+00 -1.721425652503967285e-01 -2.306314110755920410e-01 -1.863991022109985352e-01
1.352585196495056152e+00 -1.117740511894226074e+00 1.347805380821228027e+00 -1.729233264923095703e-01 -2.299947142601013184e-01 -1.866763383150100708e-01
1.342049479484558105e+00 -1.124741196632385254e+00 1.334070205688476562e+00 -1.753459721803665161e-01 -2.293343544006347656e-01 -1.861182749271392822e-01
1.313485741615295410e+00 -1.143871784210205078e+00 1.300022363662719727e+00 -1.819878965616226196e-01 -2.279298603534698486e-01 -1.851033270359039307e-01
1.264539837837219238e+00 -1.172451376914978027e+00 1.235388159751892090e+00 -1.970739066600799561e-01 -2.212325036525726318e-01 -1.866225898265838623e-01
1.234078288078308105e+00 -1.189215540885925293e+00 1.191496849060058594e+00 -2.076748907566070557e-01 -2.136997878551483154e-01 -1.902748942375183105e-01
1.225041031837463379e+00 -1.194841623306274414e+00 1.183819055557250977e+00 -2.088403105735778809e-01 -2.109833508729934692e-01 -1.928561478853225708e-01
1.221884250640869141e+00 -1.198531031608581543e+00 1.184730648994445801e+00 -2.082966417074203491e-01 -2.103264480829238892e-01 -1.925086081027984619e-01
1.220556855201721191e+00 -1.199917078018188477e+00 1.186124682426452637e+00 -2.094473689794540405e-01 -2.104800939559936523e-01 -1.925082653760910034e-01
1.221235513687133789e+00 -1.199272751808166504e+00 1.186717510223388672e+00 -2.150957286357879639e-01 -2.090433239936828613e-01 -1.948520392179489136e-01
