1.169314384460449219e+00 -1.312762260437011719e+00 1.235763549804687500e+00 -1.777615547180175781e-01 -2.072637826204299927e-01 -2.143234461545944214e-01
1.169584631919860840e+00 -1.311976909637451172e+00 1.235627651214599609e+00 -1.778378784656524658e-01 -2.073096930980682373e-01 -2.141382247209548950e-01
1.170346260070800781e+00 -1.309783101081848145e+00 1.235216498374938965e+00 -1.780751496553421021e-01 -2.074394971132278442e-01 -2.136013656854629517e-01
1.172296404838562012e+00 -1.303996801376342773e+00 1.234329223632812500e+00 -1.788286119699478149e-01 -2.079093754291534424e-01 -2.121344804763793945e-01
1.177255511283874512e+00 -1.289264321327209473e+00 1.232163548469543457e+00 -1.811555773019790649e-01 -2.091231346130371094e-01 -2.086262851953506470e-01
1.185448408126831055e+00 -1.263973355293273926e+00 1.228287935256958008e+00 -1.863127648830413818e-01 -2.101819515228271484e-01 -2.031491547822952271e-01
1.188242316246032715e+00 -1.250934839248657227e+00 1.229251265525817871e+00 -1.899674832820892334e-01 -2.115285694599151611e-01 -1.963174939155578613e-01
1.187750220298767090e+00 -1.249045491218566895e+00 1.230876564979553223e+00 -1.905722320079803467e-01 -2.126370966434478760e-01 -1.916817277669906616e-01
1.188694953918457031e+00 -1.246690511703491211e+00 1.230121016502380371e+00 -1.928820461034774780e-01 -2.136740833520889282e-01 -1.882519572973251343e-01
1.189885258674621582e+00 -1.245265960693359375e+00 1.229615569114685059e+00 -1.946353018283843994e-01 -2.146369516849517822e-01 -1.864958703517913818e-01
1.188677787780761719e+00 -1.246232271194458008e+00 1.229512214660644531e+00 -1.956194490194320679e-01 -2.145649641752243042e-01 -1.856811940670013428e-01
