1.149400115013122559e+00 -1.239273786544799805e+00 1.135902285575866699e+00 -2.666178047657012939e-01 -8.737981319427490234e-02 -1.039355397224426270e-01
1.150065064430236816e+00 -1.238983988761901855e+00 1.136550426483154297e+00 -2.666193544864654541e-01 -8.757560700178146362e-02 -1.039120554924011230e-01
1.151906609535217285e+00 -1.238168716430664062e+00 1.138323307037353516e+00 -2.666104435920715332e-01 -8.809839189052581787e-02 -1.037912815809249878e-01
1.156981110572814941e+00 -1.235851883888244629e+00 1.143067479133605957e+00 -2.664800882339477539e-01 -8.949622511863708496e-02 -1.033961400389671326e-01
1.169944643974304199e+00 -1.229857563972473145e+00 1.155045747756958008e+00 -2.661367058753967285e-01 -9.314119815826416016e-02 -1.036717444658279419e-01
1.190982937812805176e+00 -1.222076535224914551e+00 1.178987503051757812e+00 -2.648878991603851318e-01 -1.006014347076416016e-01 -1.047476157546043396e-01
1.204706072807312012e+00 -1.216408610343933105e+00 1.193924784660339355e+00 -2.641458511352539062e-01 -1.077119261026382446e-01 -1.064552515745162964e-01
1.208406209945678711e+00 -1.213777184486389160e+00 1.196092724800109863e+00 -2.637468278408050537e-01 -1.134246811270713806e-01 -1.080003082752227783e-01
1.209604740142822266e+00 -1.212467551231384277e+00 1.196622729301452637e+00 -2.629571557044982910e-01 -1.185384616255760193e-01 -1.089603677392005920e-01
1.209698557853698730e+00 -1.212316274642944336e+00 1.197227478027343750e+00 -2.624822258949279785e-01 -1.223926246166229248e-01 -1.097948178648948669e-01
1.209171891212463379e+00 -1.212852835655212402e+00 1.197821974754333496e+00 -2.627076506614685059e-01 -1.259067207574844360e-01 -1.108430400490760803e-01
