1.288677930831909180e+00 -1.101544976234436035e+00 1.326045393943786621e+00 -2.051055133342742920e-01 -1.703527867794036865e-01 -2.377306520938873291e-01
1.288049340248107910e+00 -1.102603554725646973e+00 1.324434638023376465e+00 -2.052753567695617676e-01 -1.704350858926773071e-01 -2.371577471494674683e-01
1.286158323287963867e+00 -1.105702400207519531e+00 1.320184111595153809e+00 -2.056867778301239014e-01 -1.708095073699951172e-01 -2.356181442737579346e-01
1.280506372451782227e+00 -1.114702343940734863e+00 1.309282541275024414e+00 -2.067061960697174072e-01 -1.723791658878326416e-01 -2.315618544816970825e-01
1.267657637596130371e+00 -1.135084390640258789e+00 1.279461383819580078e+00 -2.094563692808151245e-01 -1.758416444063186646e-01 -2.203323543071746826e-01
1.245436072349548340e+00 -1.167134284973144531e+00 1.222872257232666016e+00 -2.168274521827697754e-01 -1.820582747459411621e-01 -1.992823034524917603e-01
1.228379487991333008e+00 -1.190106153488159180e+00 1.188076615333557129e+00 -2.214365750551223755e-01 -1.868485212326049805e-01 -1.893827021121978760e-01
1.222660899162292480e+00 -1.197887659072875977e+00 1.182914853096008301e+00 -2.226239293813705444e-01 -1.892649233341217041e-01 -1.876697838306427002e-01
1.221102118492126465e+00 -1.200199723243713379e+00 1.183106422424316406e+00 -2.219054549932479858e-01 -1.911793351173400879e-01 -1.859280616044998169e-01
1.221204280853271484e+00 -1.200117349624633789e+00 1.182535529136657715e+00 -2.191872894763946533e-01 -1.917398273944854736e-01 -1.851696372032165527e-01
1.221698522567749023e+00 -1.198813796043395996e+00 1.181141138076782227e+00 -2.159795761108398438e-01 -1.906959414482116699e-01 -1.853020936250686646e-01
