1.257765650749206543e+00 -1.253489851951599121e+00 1.234625458717346191e+00 -1.955640017986297607e-01 -2.187863141298294067e-01 -2.108870893716812134e-01
1.257365584373474121e+00 -1.252865552902221680e+00 1.234004020690917969e+00 -1.956605762243270874e-01 -2.188131213188171387e-01 -2.105623632669448853e-01
1.256196856498718262e+00 -1.251276135444641113e+00 1.232446312904357910e+00 -1.958895623683929443e-01 -2.188993245363235474e-01 -2.096602320671081543e-01
1.252818465232849121e+00 -1.247289657592773438e+00 1.228592872619628906e+00 -1.963449418544769287e-01 -2.193371951580047607e-01 -2.078087776899337769e-01
1.244135379791259766e+00 -1.236912131309509277e+00 1.218493580818176270e+00 -1.976180225610733032e-01 -2.207109928131103516e-01 -2.045050114393234253e-01
1.227889895439147949e+00 -1.220847249031066895e+00 1.203135371208190918e+00 -1.995806992053985596e-01 -2.222497761249542236e-01 -1.999852359294891357e-01
1.218418955802917480e+00 -1.208938837051391602e+00 1.191105961799621582e+00 -2.011208385229110718e-01 -2.229008674621582031e-01 -1.948797851800918579e-01
1.216211915016174316e+00 -1.205998897552490234e+00 1.188583731651306152e+00 -2.009216994047164917e-01 -2.260404527187347412e-01 -1.896061003208160400e-01
1.215620160102844238e+00 -1.205355405807495117e+00 1.189342856407165527e+00 -1.991668641567230225e-01 -2.294716536998748779e-01 -1.865227371454238892e-01
1.215524435043334961e+00 -1.205186486244201660e+00 1.189818978309631348e+00 -1.976125389337539673e-01 -2.311945706605911255e-01 -1.863743364810943604e-01
1.216676235198974609e+00 -1.205881595611572266e+00 1.187988281250000000e+00 -1.977191269397735596e-01 -2.313244342803955078e-01 -1.870131343603134155e-01
