1.289068102836608887e+00 -1.188246250152587891e+00 1.156675934791564941e+00 -1.737722605466842651e-01 -1.340629011392593384e-01 -1.951982527971267700e-01
1.288454294204711914e+00 -1.188136816024780273e+00 1.156705379486083984e+00 -1.738449633121490479e-01 -1.343277245759963989e-01 -1.946837306022644043e-01
1.286759972572326660e+00 -1.187850713729858398e+00 1.156804323196411133e+00 -1.740618348121643066e-01 -1.350446045398712158e-01 -1.933416873216629028e-01
1.281890034675598145e+00 -1.187531590461730957e+00 1.157555699348449707e+00 -1.744621396064758301e-01 -1.370150744915008545e-01 -1.899973005056381226e-01
1.269742846488952637e+00 -1.186393380165100098e+00 1.159247159957885742e+00 -1.757566481828689575e-01 -1.420304924249649048e-01 -1.807104647159576416e-01
1.250023245811462402e+00 -1.181749582290649414e+00 1.159267663955688477e+00 -1.796374171972274780e-01 -1.497633159160614014e-01 -1.637152433395385742e-01
1.237656950950622559e+00 -1.177573800086975098e+00 1.157569289207458496e+00 -1.833682060241699219e-01 -1.561325788497924805e-01 -1.518995612859725952e-01
1.233932733535766602e+00 -1.176844358444213867e+00 1.158877730369567871e+00 -1.841939389705657959e-01 -1.625496745109558105e-01 -1.453641802072525024e-01
1.232477426528930664e+00 -1.177813291549682617e+00 1.161264777183532715e+00 -1.833524256944656372e-01 -1.672644615173339844e-01 -1.419294029474258423e-01
1.231669545173645020e+00 -1.178665280342102051e+00 1.162449836730957031e+00 -1.816713213920593262e-01 -1.694138050079345703e-01 -1.406870782375335693e-01
1.231164693832397461e+00 -1.179009556770324707e+00 1.161845922470092773e+00 -1.800438463687896729e-01 -1.707234829664230347e-01 -1.401554048061370850e-01
