1.256467223167419434e+00 -1.021952033042907715e+00 1.376715898513793945e+00 -1.934213042259216309e-01 -2.023499161005020142e-01 -1.424483209848403931e-01
1.255823612213134766e+00 -1.024447917938232422e+00 1.375095367431640625e+00 -1.934905350208282471e-01 -2.021041214466094971e-01 -1.429455280303955078e-01
1.254067659378051758e+00 -1.031283617019653320e+00 1.370601296424865723e+00 -1.936812400817871094e-01 -2.013744413852691650e-01 -1.443987488746643066e-01
1.249462008476257324e+00 -1.049499750137329102e+00 1.357931256294250488e+00 -1.943209469318389893e-01 -1.995529830455780029e-01 -1.481346189975738525e-01
1.237712264060974121e+00 -1.095067143440246582e+00 1.325122714042663574e+00 -1.962600052356719971e-01 -1.958470642566680908e-01 -1.562352329492568970e-01
1.217649579048156738e+00 -1.170268893241882324e+00 1.262393116950988770e+00 -1.997506767511367798e-01 -1.880044937133789062e-01 -1.692709177732467651e-01
1.206530213356018066e+00 -1.212598204612731934e+00 1.214537382125854492e+00 -2.031424641609191895e-01 -1.813268959522247314e-01 -1.739828288555145264e-01
1.204847931861877441e+00 -1.221307396888732910e+00 1.203524947166442871e+00 -2.047042250633239746e-01 -1.812440603971481323e-01 -1.755958944559097290e-01
1.203525662422180176e+00 -1.224438667297363281e+00 1.203946113586425781e+00 -2.067733854055404663e-01 -1.838387548923492432e-01 -1.772000938653945923e-01
1.201918482780456543e+00 -1.226337313652038574e+00 1.205404758453369141e+00 -2.088070958852767944e-01 -1.860333085060119629e-01 -1.789303869009017944e-01
1.201719641685485840e+00 -1.226212620735168457e+00 1.205778598785400391e+00 -2.108105868101119995e-01 -1.878647953271865845e-01 -1.797575056552886963e-01
