1.201322674751281738e+00 -1.223752379417419434e+00 1.209067106246948242e+00 -2.242909818887710571e-01 -2.310055196285247803e-01 -2.363384515047073364e-01
1.342454552650451660e+00 -1.180310130119323730e+00 1.123111128807067871e+00 -2.349055260419845581e-01 -2.475196123123168945e-01 -2.221275866031646729e-01
1.392373442649841309e+00 -1.221671462059020996e+00 9.546537995338439941e-01 -2.459702789783477783e-01 -2.517981827259063721e-01 -1.928037405014038086e-01
1.335833668708801270e+00 -1.379367947578430176e+00 8.907905817031860352e-01 -2.495822906494140625e-01 -2.356024235486984253e-01 -2.103374898433685303e-01
1.177546501159667969e+00 -1.444296002388000488e+00 9.468575119972229004e-01 -2.502082884311676025e-01 -2.187679708003997803e-01 -2.309211194515228271e-01
1.115977406501770020e+00 -1.419754743576049805e+00 1.103540539741516113e+00 -2.443432956933975220e-01 -2.224537432193756104e-01 -2.373886257410049438e-01
1.148576736450195312e+00 -1.263738989830017090e+00 1.195052742958068848e+00 -2.357186079025268555e-01 -2.346801459789276123e-01 -2.248950302600860596e-01
1.310557246208190918e+00 -1.192839384078979492e+00 1.160458326339721680e+00 -2.417912632226943970e-01 -2.418625056743621826e-01 -2.184561342000961304e-01
1.376872777938842773e+00 -1.203462719917297363e+00 9.985736012458801270e-01 -2.481125146150588989e-01 -2.437976598739624023e-01 -1.985528916120529175e-01
1.362629532814025879e+00 -1.331823348999023438e+00 9.013673663139343262e-01 -2.572023272514343262e-01 -2.315403670072555542e-01 -1.997626423835754395e-01
