1.163053274154663086e+00 -1.283004879951477051e+00 1.271531581878662109e+00 -1.928180456161499023e-01 -2.428053617477416992e-01 -2.162929773330688477e-01
1.197448015213012695e+00 -1.300572633743286133e+00 1.148275375366210938e+00 -1.957061886787414551e-01 -2.399014085531234741e-01 -2.186125963926315308e-01
1.197890520095825195e+00 -1.377238392829895020e+00 1.064733743667602539e+00 -2.034849524497985840e-01 -2.310378849506378174e-01 -2.217979133129119873e-01
1.113709092140197754e+00 -1.447066664695739746e+00 1.034862637519836426e+00 -2.050391286611557007e-01 -2.205462157726287842e-01 -2.340087890625000000e-01
1.024273633956909180e+00 -1.466058731079101562e+00 1.111373424530029297e+00 -2.034343481063842773e-01 -2.128296494483947754e-01 -2.390121519565582275e-01
1.004621863365173340e+00 -1.418445229530334473e+00 1.228287577629089355e+00 -1.960742622613906860e-01 -2.123791277408599854e-01 -2.411793470382690430e-01
1.054145693778991699e+00 -1.315647721290588379e+00 1.268944144248962402e+00 -2.007705569267272949e-01 -2.227259874343872070e-01 -2.254917174577713013e-01
1.164725422859191895e+00 -1.280907630920410156e+00 1.227985739707946777e+00 -2.076282352209091187e-01 -2.320473343133926392e-01 -2.120083272457122803e-01
1.219281673431396484e+00 -1.302833676338195801e+00 1.109092473983764648e+00 -2.156268507242202759e-01 -2.314517647027969360e-01 -2.056503146886825562e-01
1.194946765899658203e+00 -1.406448602676391602e+00 1.037547945976257324e+00 -2.204101085662841797e-01 -2.205497324466705322e-01 -2.119867801666259766e-01
