1.199488759040832520e+00 -1.215904593467712402e+00 1.210692882537841797e+00 -1.362702250480651855e-01 -2.487423717975616455e-01 -1.772156059741973877e-01
1.116681456565856934e+00 -1.420228242874145508e+00 1.144876480102539062e+00 -1.302518993616104126e-01 -2.321319282054901123e-01 -2.182740718126296997e-01
8.714566826820373535e-01 -1.497681379318237305e+00 1.228306651115417480e+00 -1.169370114803314209e-01 -2.015914320945739746e-01 -2.525085806846618652e-01
7.437918782234191895e-01 -1.412109494209289551e+00 1.455210328102111816e+00 -1.015715673565864563e-01 -2.063771188259124756e-01 -2.493770867586135864e-01
8.182348608970642090e-01 -1.162526249885559082e+00 1.565549731254577637e+00 -9.145925939083099365e-02 -2.099114954471588135e-01 -2.411657422780990601e-01
1.069496273994445801e+00 -1.095222949981689453e+00 1.536454319953918457e+00 -1.167476102709770203e-01 -2.299107909202575684e-01 -2.393338829278945923e-01
1.166883349418640137e+00 -1.154716730117797852e+00 1.322133660316467285e+00 -1.451079845428466797e-01 -2.400796860456466675e-01 -2.139360159635543823e-01
1.151832103729248047e+00 -1.335594773292541504e+00 1.214285612106323242e+00 -1.666553616523742676e-01 -2.543259859085083008e-01 -1.837422996759414673e-01
9.797189831733703613e-01 -1.444875717163085938e+00 1.210559725761413574e+00 -1.692976057529449463e-01 -2.254243791103363037e-01 -2.170786559581756592e-01
8.216795921325683594e-01 -1.444871068000793457e+00 1.354726195335388184e+00 -1.611979901790618896e-01 -2.165438979864120483e-01 -2.133032381534576416e-01
