1.194371104240417480e+00 -1.245872616767883301e+00 1.229621887207031250e+00 -1.665349900722503662e-01 -2.244821190834045410e-01 -1.976682245731353760e-01
1.197929739952087402e+00 -1.297212958335876465e+00 1.221550345420837402e+00 -1.648180931806564331e-01 -2.147203087806701660e-01 -2.134334295988082886e-01
1.127669692039489746e+00 -1.321268677711486816e+00 1.220286130905151367e+00 -1.698123514652252197e-01 -2.193554788827896118e-01 -2.061530649662017822e-01
1.107246756553649902e+00 -1.312908053398132324e+00 1.278236985206604004e+00 -1.664559990167617798e-01 -2.206114530563354492e-01 -2.093148827552795410e-01
1.091190218925476074e+00 -1.285846710205078125e+00 1.337596416473388672e+00 -1.614700555801391602e-01 -2.215115576982498169e-01 -2.119123935699462891e-01
1.103283762931823730e+00 -1.244564414024353027e+00 1.371501922607421875e+00 -1.603099703788757324e-01 -2.250794470310211182e-01 -2.102255821228027344e-01
1.130329728126525879e+00 -1.228489756584167480e+00 1.381093621253967285e+00 -1.612669974565505981e-01 -2.279031872749328613e-01 -2.115694582462310791e-01
1.142676949501037598e+00 -1.229878067970275879e+00 1.368519425392150879e+00 -1.643324494361877441e-01 -2.289885878562927246e-01 -2.116862535476684570e-01
1.149112343788146973e+00 -1.237042427062988281e+00 1.348698735237121582e+00 -1.669112741947174072e-01 -2.276361733675003052e-01 -2.136692255735397339e-01
1.155324697494506836e+00 -1.242948532104492188e+00 1.332201361656188965e+00 -1.705133467912673950e-01 -2.292599678039550781e-01 -2.120400071144104004e-01
