1.197604417800903320e+00 -1.238264083862304688e+00 1.219809532165527344e+00 -2.487495541572570801e-01 -1.956645846366882324e-01 -2.589127123355865479e-01
1.194954395294189453e+00 -1.207672715187072754e+00 1.338398814201354980e+00 -2.508593201637268066e-01 -2.167178541421890259e-01 -2.496629953384399414e-01
1.201625704765319824e+00 -1.111369013786315918e+00 1.361523032188415527e+00 -2.437259554862976074e-01 -2.136128246784210205e-01 -2.519266009330749512e-01
1.300751686096191406e+00 -1.073367476463317871e+00 1.356813669204711914e+00 -2.433152198791503906e-01 -2.120697796344757080e-01 -2.576214075088500977e-01
1.327969193458557129e+00 -1.092150688171386719e+00 1.273364186286926270e+00 -2.488483637571334839e-01 -2.081177681684494019e-01 -2.546925544738769531e-01
1.331277608871459961e+00 -1.152395844459533691e+00 1.220172762870788574e+00 -2.526302933692932129e-01 -2.019767910242080688e-01 -2.573364675045013428e-01
1.290971994400024414e+00 -1.199504733085632324e+00 1.195904850959777832e+00 -2.542064785957336426e-01 -2.017925232648849487e-01 -2.589851617813110352e-01
1.262352228164672852e+00 -1.199186325073242188e+00 1.211786985397338867e+00 -2.552539706230163574e-01 -2.062310874462127686e-01 -2.568289041519165039e-01
1.261910200119018555e+00 -1.187198281288146973e+00 1.246710181236267090e+00 -2.551167607307434082e-01 -2.134987115859985352e-01 -2.537400424480438232e-01
1.255772471427917480e+00 -1.172327637672424316e+00 1.271838784217834473e+00 -2.547689080238342285e-01 -2.172316163778305054e-01 -2.539361119270324707e-01
