1.207011461257934570e+00 -1.216685533523559570e+00 1.207564353942871094e+00 -2.742168307304382324e-01 -2.568251788616180420e-01 -2.147693037986755371e-01
1.187149405479431152e+00 -1.185429215431213379e+00 1.267274498939514160e+00 -2.639518380165100098e-01 -2.553633451461791992e-01 -2.245188206434249878e-01
1.201207518577575684e+00 -1.138709068298339844e+00 1.301655411720275879e+00 -2.583093941211700439e-01 -2.581329941749572754e-01 -2.244373708963394165e-01
1.228339910507202148e+00 -1.127493143081665039e+00 1.299383163452148438e+00 -2.602649331092834473e-01 -2.605303525924682617e-01 -2.245298027992248535e-01
1.242152333259582520e+00 -1.133172750473022461e+00 1.274945139884948730e+00 -2.626184523105621338e-01 -2.572501003742218018e-01 -2.270609736442565918e-01
1.249674081802368164e+00 -1.143949389457702637e+00 1.254081487655639648e+00 -2.656454443931579590e-01 -2.561233937740325928e-01 -2.270719856023788452e-01
1.248940706253051758e+00 -1.153466105461120605e+00 1.240707397460937500e+00 -2.677234411239624023e-01 -2.546093165874481201e-01 -2.276857048273086548e-01
1.246821999549865723e+00 -1.156799197196960449e+00 1.225684165954589844e+00 -2.706289291381835938e-01 -2.547879219055175781e-01 -2.251185774803161621e-01
1.247961997985839844e+00 -1.163550734519958496e+00 1.218389272689819336e+00 -2.723163962364196777e-01 -2.553016841411590576e-01 -2.246224284172058105e-01
1.246263861656188965e+00 -1.167756319046020508e+00 1.214636683464050293e+00 -2.741412222385406494e-01 -2.566127181053161621e-01 -2.229296863079071045e-01
