1.192443251609802246e+00 -1.237469673156738281e+00 1.224317193031311035e+00 -2.550159990787506104e-01 -1.790527552366256714e-01 -1.876837909221649170e-01
1.179311990737915039e+00 -1.247799634933471680e+00 1.203803896903991699e+00 -2.562727630138397217e-01 -1.763720363378524780e-01 -1.905083209276199341e-01
1.180382490158081055e+00 -1.247925281524658203e+00 1.201610326766967773e+00 -2.564383745193481445e-01 -1.744757294654846191e-01 -1.934209913015365601e-01
1.179715752601623535e+00 -1.251485347747802734e+00 1.196089029312133789e+00 -2.588851749897003174e-01 -1.764451563358306885e-01 -1.934862136840820312e-01
1.178545713424682617e+00 -1.250799894332885742e+00 1.195328474044799805e+00 -2.603472471237182617e-01 -1.776674985885620117e-01 -1.929061561822891235e-01
1.181595683097839355e+00 -1.250272393226623535e+00 1.189611315727233887e+00 -2.618360519409179688e-01 -1.770737171173095703e-01 -1.940430849790573120e-01
1.183356165885925293e+00 -1.252891182899475098e+00 1.184749007225036621e+00 -2.635806500911712646e-01 -1.794511228799819946e-01 -1.933954954147338867e-01
1.184827327728271484e+00 -1.255544185638427734e+00 1.181479215621948242e+00 -2.656371295452117920e-01 -1.806017309427261353e-01 -1.932975053787231445e-01
1.179062008857727051e+00 -1.259379744529724121e+00 1.178314566612243652e+00 -2.666878104209899902e-01 -1.813374459743499756e-01 -1.926571875810623169e-01
1.175252318382263184e+00 -1.260551452636718750e+00 1.181449294090270996e+00 -2.685031592845916748e-01 -1.836510747671127319e-01 -1.915291398763656616e-01
