1.218816161155700684e+00 -1.195521473884582520e+00 1.180962681770324707e+00 -2.048389166593551636e-01 -2.139580547809600830e-01 -1.893891990184783936e-01
1.223220586776733398e+00 -1.207598924636840820e+00 1.159255862236022949e+00 -2.075831890106201172e-01 -2.126404345035552979e-01 -1.854832172393798828e-01
1.218403458595275879e+00 -1.220558285713195801e+00 1.143464922904968262e+00 -2.082044333219528198e-01 -2.108629643917083740e-01 -1.854300200939178467e-01
1.214084982872009277e+00 -1.223664164543151855e+00 1.133726954460144043e+00 -2.083615511655807495e-01 -2.096224725246429443e-01 -1.858925074338912964e-01
1.212635159492492676e+00 -1.223055601119995117e+00 1.131016850471496582e+00 -2.082988619804382324e-01 -2.102886289358139038e-01 -1.846617013216018677e-01
1.213919520378112793e+00 -1.224203586578369141e+00 1.128995418548583984e+00 -2.083749920129776001e-01 -2.124808877706527710e-01 -1.829967945814132690e-01
1.215591311454772949e+00 -1.224370360374450684e+00 1.127024054527282715e+00 -2.092393040657043457e-01 -2.130413204431533813e-01 -1.819450259208679199e-01
1.214833498001098633e+00 -1.225207328796386719e+00 1.123291611671447754e+00 -2.097774147987365723e-01 -2.130214273929595947e-01 -1.824338436126708984e-01
1.215343356132507324e+00 -1.226635098457336426e+00 1.121106863021850586e+00 -2.093833535909652710e-01 -2.129667997360229492e-01 -1.825249940156936646e-01
1.213750481605529785e+00 -1.228313803672790527e+00 1.118688583374023438e+00 -2.096571177244186401e-01 -2.140100300312042236e-01 -1.824006140232086182e-01
