1.244019150733947754e+00 -1.177587628364562988e+00 1.177033424377441406e+00 -1.804810315370559692e-01 -2.306539714336395264e-01 -1.945015192031860352e-01
1.180135011672973633e+00 -1.158456325531005859e+00 1.226112127304077148e+00 -1.769422888755798340e-01 -2.394077777862548828e-01 -1.837676316499710083e-01
1.202113389968872070e+00 -1.104390740394592285e+00 1.288408041000366211e+00 -1.615827828645706177e-01 -2.385956048965454102e-01 -1.952568888664245605e-01
1.221353650093078613e+00 -1.079366564750671387e+00 1.291097164154052734e+00 -1.608514487743377686e-01 -2.380673736333847046e-01 -1.958318203687667847e-01
1.249770641326904297e+00 -1.070512771606445312e+00 1.274140238761901855e+00 -1.635852456092834473e-01 -2.357733398675918579e-01 -1.951742321252822876e-01
1.270184636116027832e+00 -1.071294903755187988e+00 1.224868178367614746e+00 -1.703196465969085693e-01 -2.311966270208358765e-01 -1.913562119007110596e-01
1.277530908584594727e+00 -1.117343068122863770e+00 1.201162338256835938e+00 -1.744783222675323486e-01 -2.348717600107192993e-01 -1.785446852445602417e-01
1.247040629386901855e+00 -1.127472758293151855e+00 1.187547922134399414e+00 -1.696143001317977905e-01 -2.235947847366333008e-01 -1.928893774747848511e-01
1.248936533927917480e+00 -1.119581222534179688e+00 1.192365527153015137e+00 -1.674469709396362305e-01 -2.250883877277374268e-01 -1.928341090679168701e-01
1.252294063568115234e+00 -1.120980024337768555e+00 1.194956660270690918e+00 -1.667050570249557495e-01 -2.271731942892074585e-01 -1.934579461812973022e-01
