1.242039084434509277e+00 -1.169391512870788574e+00 1.165820956230163574e+00 -1.738059520721435547e-01 -1.210855469107627869e-01 -1.081148758530616760e-01
1.269080519676208496e+00 -1.170710086822509766e+00 1.096572518348693848e+00 -1.791993081569671631e-01 -1.099479049444198608e-01 -1.183679327368736267e-01
1.263297796249389648e+00 -1.239056110382080078e+00 1.074626564979553223e+00 -1.830301135778427124e-01 -1.223896741867065430e-01 -1.034186556935310364e-01
1.204684972763061523e+00 -1.247414588928222656e+00 1.075865149497985840e+00 -1.838772296905517578e-01 -1.197846755385398865e-01 -1.077052205801010132e-01
1.200851440429687500e+00 -1.228745937347412109e+00 1.110949993133544922e+00 -1.815715283155441284e-01 -1.261633336544036865e-01 -1.102182194590568542e-01
1.217613697052001953e+00 -1.207127332687377930e+00 1.124124288558959961e+00 -1.814685910940170288e-01 -1.298503279685974121e-01 -1.101159676909446716e-01
1.229675173759460449e+00 -1.206456422805786133e+00 1.121183037757873535e+00 -1.808382868766784668e-01 -1.290351301431655884e-01 -1.178850084543228149e-01
1.234068989753723145e+00 -1.210051536560058594e+00 1.108331799507141113e+00 -1.816232800483703613e-01 -1.317075043916702271e-01 -1.200157254934310913e-01
1.231943130493164062e+00 -1.219740509986877441e+00 1.099537968635559082e+00 -1.823951601982116699e-01 -1.375635564327239990e-01 -1.195479556918144226e-01
1.227014660835266113e+00 -1.218994498252868652e+00 1.094611883163452148e+00 -1.825243830680847168e-01 -1.420818865299224854e-01 -1.222354918718338013e-01
