1.210402965545654297e+00 -1.218562483787536621e+00 1.194662690162658691e+00 -1.583309769630432129e-01 -1.891037523746490479e-01 -1.573942005634307861e-01
1.208574414253234863e+00 -1.219130754470825195e+00 1.198578000068664551e+00 -1.567649096250534058e-01 -1.882951557636260986e-01 -1.666864305734634399e-01
1.198426723480224609e+00 -1.238482594490051270e+00 1.214010834693908691e+00 -1.920406669378280640e-01 -2.609124779701232910e-01 -2.388288378715515137e-01
1.196651816368103027e+00 -1.239167690277099609e+00 1.215487718582153320e+00 -2.057134211063385010e-01 -3.031223416328430176e-01 -2.453850954771041870e-01
1.199738979339599609e+00 -1.227229952812194824e+00 1.211009144783020020e+00 -1.835452914237976074e-01 -2.395892441272735596e-01 -1.972979456186294556e-01
1.204137444496154785e+00 -1.222984552383422852e+00 1.207114577293395996e+00 -1.792574077844619751e-01 -2.390300184488296509e-01 -2.112163603305816650e-01
1.205405950546264648e+00 -1.224370479583740234e+00 1.207234978675842285e+00 -1.855205595493316650e-01 -2.756637930870056152e-01 -2.501122057437896729e-01
1.205525636672973633e+00 -1.224521875381469727e+00 1.206494331359863281e+00 -1.789565980434417725e-01 -2.320768982172012329e-01 -2.077643871307373047e-01
1.204427361488342285e+00 -1.223474502563476562e+00 1.202740788459777832e+00 -1.705933064222335815e-01 -2.204318940639495850e-01 -1.975031048059463501e-01
1.198572278022766113e+00 -1.230367898941040039e+00 1.208379864692687988e+00 -1.730094701051712036e-01 -2.278368026018142700e-01 -2.048879265785217285e-01
1.198897242546081543e+00 -1.230293273925781250e+00 1.208492040634155273e+00 -1.682908236980438232e-01 -2.084579616785049438e-01 -1.926591545343399048e-01
