1.256835222244262695e+00 -1.134381532669067383e+00 1.195557951927185059e+00 -2.465136796236038208e-01 -2.227542102336883545e-01 -1.865079402923583984e-01
1.215613484382629395e+00 -1.219393730163574219e+00 1.200340628623962402e+00 -2.448395639657974243e-01 -2.197930067777633667e-01 -2.044965773820877075e-01
1.202307581901550293e+00 -1.231603980064392090e+00 1.212592720985412598e+00 -2.290251851081848145e-01 -2.364195287227630615e-01 -2.455738335847854614e-01
1.218553423881530762e+00 -1.214971899986267090e+00 1.199707627296447754e+00 -2.571322321891784668e-01 -2.256031334400177002e-01 -2.180845737457275391e-01
1.221288442611694336e+00 -1.211794257164001465e+00 1.203684210777282715e+00 -2.461543381214141846e-01 -1.977917253971099854e-01 -2.035604417324066162e-01
1.217558145523071289e+00 -1.215794920921325684e+00 1.196521759033203125e+00 -2.725535035133361816e-01 -2.248208373785018921e-01 -2.177402526140213013e-01
1.218188881874084473e+00 -1.216456055641174316e+00 1.197101473808288574e+00 -2.531051039695739746e-01 -2.155143469572067261e-01 -2.125827521085739136e-01
1.217219710350036621e+00 -1.214855074882507324e+00 1.195610761642456055e+00 -2.479799538850784302e-01 -2.157665491104125977e-01 -2.174334526062011719e-01
1.216922163963317871e+00 -1.216810226440429688e+00 1.201105356216430664e+00 -2.569898366928100586e-01 -2.279744446277618408e-01 -2.101590633392333984e-01
1.220694422721862793e+00 -1.216041445732116699e+00 1.198812246322631836e+00 -2.371359318494796753e-01 -2.201658338308334351e-01 -2.061915099620819092e-01
1.222462534904479980e+00 -1.218104004859924316e+00 1.204793453216552734e+00 -2.338693588972091675e-01 -2.248929589986801147e-01 -2.037141919136047363e-01
