1.326081991195678711e+00 -1.084949851036071777e+00 1.108324766159057617e+00 -2.718037068843841553e-01 -3.635091483592987061e-01 -2.106756269931793213e-01
1.200513362884521484e+00 -1.224005699157714844e+00 1.211792349815368652e+00 -2.179538905620574951e-01 -3.401766419410705566e-01 -2.785971164703369141e-01
1.203176140785217285e+00 -1.221198797225952148e+00 1.209544897079467773e+00 -2.595396637916564941e-01 -3.583831191062927246e-01 -2.957280874252319336e-01
1.207533597946166992e+00 -1.220737338066101074e+00 1.206949234008789062e+00 -2.065146565437316895e-01 -2.962849736213684082e-01 -2.635575830936431885e-01
1.205308675765991211e+00 -1.220405697822570801e+00 1.209009766578674316e+00 -2.178394049406051636e-01 -3.279829621315002441e-01 -2.529643177986145020e-01
1.205016374588012695e+00 -1.222327113151550293e+00 1.208896517753601074e+00 -2.026840448379516602e-01 -3.089047968387603760e-01 -2.534358203411102295e-01
1.209222435951232910e+00 -1.216088771820068359e+00 1.201323628425598145e+00 -1.958407461643218994e-01 -3.035208880901336670e-01 -2.506892681121826172e-01
1.205663561820983887e+00 -1.220167040824890137e+00 1.206233143806457520e+00 -1.959869563579559326e-01 -3.203708231449127197e-01 -2.608554661273956299e-01
1.207714557647705078e+00 -1.217504262924194336e+00 1.206179022789001465e+00 -2.198583781719207764e-01 -3.348250687122344971e-01 -2.666954994201660156e-01
1.204698443412780762e+00 -1.219473361968994141e+00 1.208046913146972656e+00 -2.404142171144485474e-01 -3.295261263847351074e-01 -2.704649865627288818e-01
1.206574082374572754e+00 -1.217663645744323730e+00 1.204744935035705566e+00 -2.408336400985717773e-01 -3.346385657787322998e-01 -2.565917968750000000e-01
