1.389063596725463867e+00 -1.197420120239257812e+00 1.079503417015075684e+00 -2.327887713909149170e-01 -2.159992754459381104e-01 -3.071292340755462646e-01
1.242874503135681152e+00 -1.229357242584228516e+00 1.317232489585876465e+00 -2.187832742929458618e-01 -3.131618201732635498e-01 -2.706499695777893066e-01
1.316140651702880859e+00 -1.117856502532958984e+00 1.170932531356811523e+00 -2.378051877021789551e-01 -2.323750406503677368e-01 -2.470966130495071411e-01
1.193782925605773926e+00 -1.227808713912963867e+00 1.220699429512023926e+00 -1.793407350778579712e-01 -2.834456861019134521e-01 -2.489473521709442139e-01
1.240791559219360352e+00 -1.208740830421447754e+00 1.297934889793395996e+00 -2.392479181289672852e-01 -3.458434641361236572e-01 -2.712374925613403320e-01
1.276906967163085938e+00 -1.229286909103393555e+00 1.337870478630065918e+00 -2.371284067630767822e-01 -3.302299678325653076e-01 -2.684246301651000977e-01
1.245000600814819336e+00 -1.235697150230407715e+00 1.312129616737365723e+00 -2.142899334430694580e-01 -3.476924300193786621e-01 -2.844470143318176270e-01
1.251051902770996094e+00 -1.227932214736938477e+00 1.325419664382934570e+00 -2.186627537012100220e-01 -3.377902209758758545e-01 -2.776336371898651123e-01
1.235184550285339355e+00 -1.242959499359130859e+00 1.310521125793457031e+00 -2.349361777305603027e-01 -3.482249975204467773e-01 -2.763073444366455078e-01
1.248840451240539551e+00 -1.242972970008850098e+00 1.308820724487304688e+00 -2.264281064271926880e-01 -3.716061711311340332e-01 -2.907707989215850830e-01
1.246254920959472656e+00 -1.243362545967102051e+00 1.321692705154418945e+00 -2.369311451911926270e-01 -3.653220534324645996e-01 -2.825831472873687744e-01
