1.206595063209533691e+00 -1.256219267845153809e+00 1.130671620368957520e+00 -1.888847202062606812e-01 -2.478168010711669922e-01 -1.795296370983123779e-01
1.258326768875122070e+00 -1.251695513725280762e+00 1.334843158721923828e+00 -1.644780188798904419e-01 -3.108285367488861084e-01 -2.765983343124389648e-01
1.223779201507568359e+00 -1.257552027702331543e+00 1.305399894714355469e+00 -1.804209351539611816e-01 -2.973960638046264648e-01 -2.443844974040985107e-01
1.232708811759948730e+00 -1.245978116989135742e+00 1.292068004608154297e+00 -1.838216334581375122e-01 -3.027723133563995361e-01 -2.545033693313598633e-01
1.306509494781494141e+00 -1.206713557243347168e+00 1.377786397933959961e+00 -2.002683132886886597e-01 -3.423037827014923096e-01 -2.811324894428253174e-01
1.250218510627746582e+00 -1.244833946228027344e+00 1.313048005104064941e+00 -2.613161802291870117e-01 -3.343428671360015869e-01 -2.728276848793029785e-01
1.250156402587890625e+00 -1.246562004089355469e+00 1.314251899719238281e+00 -2.253295183181762695e-01 -3.252589702606201172e-01 -2.662395834922790527e-01
1.230212092399597168e+00 -1.250024914741516113e+00 1.301783561706542969e+00 -2.193523645401000977e-01 -3.264540135860443115e-01 -2.647243142127990723e-01
1.247465014457702637e+00 -1.240674734115600586e+00 1.306986331939697266e+00 -2.107581198215484619e-01 -3.303133845329284668e-01 -2.657851576805114746e-01
1.226906538009643555e+00 -1.250747919082641602e+00 1.295547008514404297e+00 -1.998523175716400146e-01 -3.277666270732879639e-01 -2.669811844825744629e-01
1.255876779556274414e+00 -1.248804450035095215e+00 1.329606056213378906e+00 -1.857785135507583618e-01 -3.330577909946441650e-01 -2.823539674282073975e-01
