1.245088458061218262e+00 -1.057692646980285645e+00 1.201630234718322754e+00 -1.875296384096145630e-01 -6.121110171079635620e-02 -1.724883019924163818e-01
1.198024392127990723e+00 -1.225385546684265137e+00 1.204935312271118164e+00 -2.167941927909851074e-01 -1.520376205444335938e-01 -1.340954303741455078e-01
1.186923742294311523e+00 -1.247469544410705566e+00 1.223746538162231445e+00 -2.161803245544433594e-01 -1.654717177152633667e-01 -1.530267298221588135e-01
1.191307783126831055e+00 -1.240815043449401855e+00 1.215798497200012207e+00 -1.915853619575500488e-01 -2.196834385395050049e-01 -1.879258006811141968e-01
1.201882123947143555e+00 -1.225014090538024902e+00 1.208692312240600586e+00 -2.087779045104980469e-01 -1.700843125581741333e-01 -1.343113183975219727e-01
1.201102137565612793e+00 -1.230547666549682617e+00 1.213775277137756348e+00 -2.121992707252502441e-01 -1.464556753635406494e-01 -1.346852630376815796e-01
1.199020385742187500e+00 -1.225255012512207031e+00 1.207296729087829590e+00 -2.148858159780502319e-01 -1.615549176931381226e-01 -1.162754669785499573e-01
1.205746412277221680e+00 -1.223156690597534180e+00 1.202333569526672363e+00 -2.198890000581741333e-01 -1.541266143321990967e-01 -1.638940125703811646e-01
1.206070423126220703e+00 -1.221736431121826172e+00 1.200979351997375488e+00 -2.216823697090148926e-01 -1.530798226594924927e-01 -1.576443314552307129e-01
1.206400156021118164e+00 -1.220283508300781250e+00 1.197497487068176270e+00 -2.316775023937225342e-01 -1.746711730957031250e-01 -1.802899390459060669e-01
1.211581945419311523e+00 -1.219280004501342773e+00 1.196099996566772461e+00 -2.142584323883056641e-01 -1.619264930486679077e-01 -1.748355329036712646e-01
