1.212567567825317383e+00 -1.226426005363464355e+00 1.207268238067626953e+00 -2.357632517814636230e-01 -3.006039261817932129e-01 -2.595855891704559326e-01
1.210202574729919434e+00 -1.225847721099853516e+00 1.210208773612976074e+00 -2.356599420309066772e-01 -2.993460297584533691e-01 -2.556393146514892578e-01
1.209183812141418457e+00 -1.226703643798828125e+00 1.209823727607727051e+00 -2.355717271566390991e-01 -2.973619103431701660e-01 -2.550249099731445312e-01
1.208701968193054199e+00 -1.226848602294921875e+00 1.209993243217468262e+00 -2.355170100927352905e-01 -2.951046824455261230e-01 -2.531367242336273193e-01
1.209235191345214844e+00 -1.227090477943420410e+00 1.210477590560913086e+00 -2.351300716400146484e-01 -2.922522425651550293e-01 -2.522580325603485107e-01
1.207801938056945801e+00 -1.226918220520019531e+00 1.210920572280883789e+00 -2.350863665342330933e-01 -2.898537814617156982e-01 -2.492923885583877563e-01
1.209231138229370117e+00 -1.227395296096801758e+00 1.211742877960205078e+00 -2.350655794143676758e-01 -2.873855829238891602e-01 -2.480065524578094482e-01
1.207658171653747559e+00 -1.227558851242065430e+00 1.210704445838928223e+00 -2.338527441024780273e-01 -2.838010489940643311e-01 -2.484840452671051025e-01
1.208919882774353027e+00 -1.227674365043640137e+00 1.211544036865234375e+00 -2.339175194501876831e-01 -2.817466855049133301e-01 -2.466243803501129150e-01
1.207494735717773438e+00 -1.227883100509643555e+00 1.210599899291992188e+00 -2.333971858024597168e-01 -2.796268463134765625e-01 -2.456929981708526611e-01
