1.207405924797058105e+00 -1.220556974411010742e+00 1.204082489013671875e+00 -2.424274384975433350e-01 -2.553622722625732422e-01 -2.243048995733261108e-01
1.205259680747985840e+00 -1.222758412361145020e+00 1.205010175704956055e+00 -2.405253350734710693e-01 -2.526630759239196777e-01 -2.254442423582077026e-01
1.204429388046264648e+00 -1.223453044891357422e+00 1.206618428230285645e+00 -2.404800802469253540e-01 -2.519186735153198242e-01 -2.236062437295913696e-01
1.203641414642333984e+00 -1.223374366760253906e+00 1.206482172012329102e+00 -2.415315657854080200e-01 -2.518711090087890625e-01 -2.205057144165039062e-01
1.204600334167480469e+00 -1.222694277763366699e+00 1.206218719482421875e+00 -2.418257147073745728e-01 -2.508870959281921387e-01 -2.193693816661834717e-01
1.204499602317810059e+00 -1.222608208656311035e+00 1.206472873687744141e+00 -2.432269454002380371e-01 -2.516588568687438965e-01 -2.161633968353271484e-01
1.204665541648864746e+00 -1.222197771072387695e+00 1.206474781036376953e+00 -2.437443584203720093e-01 -2.502225637435913086e-01 -2.145576477050781250e-01
1.205324411392211914e+00 -1.221983313560485840e+00 1.206271171569824219e+00 -2.440270185470581055e-01 -2.482545822858810425e-01 -2.147207707166671753e-01
1.204710602760314941e+00 -1.222348690032958984e+00 1.206319451332092285e+00 -2.449215650558471680e-01 -2.471400350332260132e-01 -2.128775864839553833e-01
1.205004811286926270e+00 -1.222250699996948242e+00 1.206401944160461426e+00 -2.455464154481887817e-01 -2.463970929384231567e-01 -2.122610509395599365e-01
