1.209373593330383301e+00 -1.237195253372192383e+00 1.211276173591613770e+00 -2.133518308401107788e-01 -2.082274258136749268e-01 -1.856396794319152832e-01
1.210229754447937012e+00 -1.229311823844909668e+00 1.212103605270385742e+00 -2.146425545215606689e-01 -2.066081464290618896e-01 -1.904429197311401367e-01
1.210730552673339844e+00 -1.226999759674072266e+00 1.209675073623657227e+00 -2.166208326816558838e-01 -2.079649865627288818e-01 -1.886009573936462402e-01
1.211475014686584473e+00 -1.226057648658752441e+00 1.208820581436157227e+00 -2.161601781845092773e-01 -2.065384089946746826e-01 -1.889592856168746948e-01
1.211475610733032227e+00 -1.225617527961730957e+00 1.208039283752441406e+00 -2.162002623081207275e-01 -2.059140801429748535e-01 -1.897638142108917236e-01
1.212091207504272461e+00 -1.224927663803100586e+00 1.207285881042480469e+00 -2.156389951705932617e-01 -2.044909596443176270e-01 -1.892085671424865723e-01
1.212087273597717285e+00 -1.224394917488098145e+00 1.206601500511169434e+00 -2.164290696382522583e-01 -2.041648030281066895e-01 -1.879950165748596191e-01
1.211881279945373535e+00 -1.224167466163635254e+00 1.205807566642761230e+00 -2.166313529014587402e-01 -2.033108919858932495e-01 -1.884459704160690308e-01
1.212352156639099121e+00 -1.223605751991271973e+00 1.205511093139648438e+00 -2.168319523334503174e-01 -2.026162296533584595e-01 -1.884935051202774048e-01
1.212936878204345703e+00 -1.223332762718200684e+00 1.205218791961669922e+00 -2.203389853239059448e-01 -2.027835249900817871e-01 -1.897850781679153442e-01
