1.221261262893676758e+00 -1.230772137641906738e+00 1.225875616073608398e+00 -1.950474679470062256e-01 -2.457193136215209961e-01 -2.207407504320144653e-01
1.212471604347229004e+00 -1.233106732368469238e+00 1.218547821044921875e+00 -1.981913000345230103e-01 -2.456095218658447266e-01 -2.186584770679473877e-01
1.211593866348266602e+00 -1.232907772064208984e+00 1.218031406402587891e+00 -1.995786875486373901e-01 -2.452858537435531616e-01 -2.193632870912551880e-01
1.209831237792968750e+00 -1.233428597450256348e+00 1.216893315315246582e+00 -2.001987993717193604e-01 -2.437526136636734009e-01 -2.211329787969589233e-01
1.210315346717834473e+00 -1.233999729156494141e+00 1.216910481452941895e+00 -1.989255994558334351e-01 -2.410247176885604858e-01 -2.218098789453506470e-01
1.209645628929138184e+00 -1.233815193176269531e+00 1.217376708984375000e+00 -1.999986320734024048e-01 -2.408809810876846313e-01 -2.199856489896774292e-01
1.209617018699645996e+00 -1.234475731849670410e+00 1.217186927795410156e+00 -1.989784389734268188e-01 -2.378718703985214233e-01 -2.191752642393112183e-01
1.209621906280517578e+00 -1.234376788139343262e+00 1.217680931091308594e+00 -1.983001381158828735e-01 -2.355170696973800659e-01 -2.187239378690719604e-01
1.209214091300964355e+00 -1.234629034996032715e+00 1.217534184455871582e+00 -1.977501660585403442e-01 -2.343979328870773315e-01 -2.177765369415283203e-01
1.210146307945251465e+00 -1.234518647193908691e+00 1.218266367912292480e+00 -1.976763457059860229e-01 -2.338786274194717407e-01 -2.161572724580764771e-01
