1.206299304962158203e+00 -1.222178816795349121e+00 1.208232522010803223e+00 -2.115728408098220825e-01 -2.460972368717193604e-01 -2.114109992980957031e-01
1.207949995994567871e+00 -1.222395300865173340e+00 1.205950975418090820e+00 -2.104033231735229492e-01 -2.413635849952697754e-01 -2.112507224082946777e-01
1.208087682723999023e+00 -1.222715497016906738e+00 1.205238819122314453e+00 -2.085002958774566650e-01 -2.363364845514297485e-01 -2.138355821371078491e-01
1.208194851875305176e+00 -1.222514748573303223e+00 1.205208420753479004e+00 -2.072092592716217041e-01 -2.327475845813751221e-01 -2.154221832752227783e-01
1.207963705062866211e+00 -1.222031354904174805e+00 1.205022931098937988e+00 -2.069909572601318359e-01 -2.306372076272964478e-01 -2.131490111351013184e-01
1.208691000938415527e+00 -1.221833944320678711e+00 1.204384207725524902e+00 -2.077070474624633789e-01 -2.293540388345718384e-01 -2.111782729625701904e-01
1.208656907081604004e+00 -1.222458243370056152e+00 1.205305576324462891e+00 -2.070376127958297729e-01 -2.283735871315002441e-01 -2.107903361320495605e-01
1.207565665245056152e+00 -1.223093152046203613e+00 1.204838275909423828e+00 -2.057779878377914429e-01 -2.255838364362716675e-01 -2.126214206218719482e-01
1.208113312721252441e+00 -1.222685337066650391e+00 1.205311775207519531e+00 -2.062514126300811768e-01 -2.242213487625122070e-01 -2.107982337474822998e-01
1.207503199577331543e+00 -1.222942590713500977e+00 1.204520821571350098e+00 -2.066034674644470215e-01 -2.234678864479064941e-01 -2.076541781425476074e-01
