1.202146053314208984e+00 -1.224014282226562500e+00 1.204282283782958984e+00 -2.192252576351165771e-01 -2.235747128725051880e-01 -2.086476683616638184e-01
1.201709270477294922e+00 -1.225720524787902832e+00 1.207273602485656738e+00 -2.202433049678802490e-01 -2.250332236289978027e-01 -2.078674882650375366e-01
1.201053500175476074e+00 -1.227418899536132812e+00 1.209462046623229980e+00 -2.198475003242492676e-01 -2.258411794900894165e-01 -2.065347135066986084e-01
1.200145959854125977e+00 -1.228992104530334473e+00 1.211029767990112305e+00 -2.199103236198425293e-01 -2.264646589756011963e-01 -2.054460495710372925e-01
1.199468016624450684e+00 -1.229703783988952637e+00 1.212586760520935059e+00 -2.192600816488265991e-01 -2.273684740066528320e-01 -2.051372677087783813e-01
1.199296474456787109e+00 -1.231097698211669922e+00 1.213004708290100098e+00 -2.181896716356277466e-01 -2.273053973913192749e-01 -2.055862843990325928e-01
1.198596239089965820e+00 -1.232022285461425781e+00 1.213701486587524414e+00 -2.167834341526031494e-01 -2.262556403875350952e-01 -2.059801220893859863e-01
1.198033094406127930e+00 -1.231916785240173340e+00 1.213921785354614258e+00 -2.168744206428527832e-01 -2.266655266284942627e-01 -2.059836685657501221e-01
1.197966337203979492e+00 -1.232250571250915527e+00 1.214603304862976074e+00 -2.171867787837982178e-01 -2.272873818874359131e-01 -2.040767371654510498e-01
1.198054432868957520e+00 -1.232605695724487305e+00 1.214417219161987305e+00 -2.167768031358718872e-01 -2.269390225410461426e-01 -2.037251740694046021e-01
