1.145240306854248047e+00 -1.560541033744812012e+00 1.093833804130554199e+00 -2.547331154346466064e-01 -2.288682609796524048e-01 -2.124814689159393311e-01
1.218643546104431152e+00 -1.198861956596374512e+00 1.185476541519165039e+00 -2.368597835302352905e-01 -2.394074201583862305e-01 -2.134868055582046509e-01
1.222689867019653320e+00 -1.193965315818786621e+00 1.178613424301147461e+00 -2.593101859092712402e-01 -2.180140018463134766e-01 -1.985292881727218628e-01
1.213894486427307129e+00 -1.207744717597961426e+00 1.190868973731994629e+00 -2.564488947391510010e-01 -2.326949238777160645e-01 -2.007010132074356079e-01
1.209300398826599121e+00 -1.217470765113830566e+00 1.199703454971313477e+00 -2.577522099018096924e-01 -2.492437362670898438e-01 -2.443564981222152710e-01
1.207575082778930664e+00 -1.217003703117370605e+00 1.198992490768432617e+00 -2.468443959951400757e-01 -2.348217219114303589e-01 -2.166494429111480713e-01
1.206500172615051270e+00 -1.217296719551086426e+00 1.200845360755920410e+00 -2.481003105640411377e-01 -2.525223493576049805e-01 -2.386506795883178711e-01
1.213186383247375488e+00 -1.207366585731506348e+00 1.189746737480163574e+00 -2.579106986522674561e-01 -2.600401639938354492e-01 -2.131905853748321533e-01
1.212382793426513672e+00 -1.211636304855346680e+00 1.193022131919860840e+00 -2.608062326908111572e-01 -2.681479156017303467e-01 -2.447581738233566284e-01
1.208428382873535156e+00 -1.215557098388671875e+00 1.197409152984619141e+00 -2.625807523727416992e-01 -2.667659521102905273e-01 -2.421282231807708740e-01
1.207518696784973145e+00 -1.215812921524047852e+00 1.199775695800781250e+00 -2.627892196178436279e-01 -2.609992027282714844e-01 -2.240013927221298218e-01
