1.202602624893188477e+00 -1.512046933174133301e+00 1.075306415557861328e+00 -2.079554200172424316e-01 -2.017518728971481323e-01 -2.319157570600509644e-01
1.220702171325683594e+00 -1.196312665939331055e+00 1.171161413192749023e+00 -2.302857190370559692e-01 -2.037082016468048096e-01 -1.966977864503860474e-01
1.117766857147216797e+00 -1.350383043289184570e+00 1.333373785018920898e+00 -2.049699127674102783e-01 -2.153151035308837891e-01 -2.777198255062103271e-01
1.218977689743041992e+00 -1.198531031608581543e+00 1.178201913833618164e+00 -1.961475610733032227e-01 -1.940655857324600220e-01 -1.862454861402511597e-01
1.224206447601318359e+00 -1.195747375488281250e+00 1.172542214393615723e+00 -1.920286864042282104e-01 -2.148503959178924561e-01 -2.158188223838806152e-01
1.224558591842651367e+00 -1.189744234085083008e+00 1.170468926429748535e+00 -2.281297743320465088e-01 -2.191410362720489502e-01 -1.952366232872009277e-01
1.218372225761413574e+00 -1.197650790214538574e+00 1.177501797676086426e+00 -2.298145592212677002e-01 -2.075517326593399048e-01 -1.975882947444915771e-01
1.217350482940673828e+00 -1.201453328132629395e+00 1.181924223899841309e+00 -2.291119098663330078e-01 -2.103596478700637817e-01 -2.079265415668487549e-01
1.220375180244445801e+00 -1.197136402130126953e+00 1.177500605583190918e+00 -2.276391983032226562e-01 -2.111659198999404907e-01 -1.985826939344406128e-01
1.218706965446472168e+00 -1.198917388916015625e+00 1.175502657890319824e+00 -2.486599832773208618e-01 -2.115938812494277954e-01 -2.095699757337570190e-01
1.218814134597778320e+00 -1.198721408843994141e+00 1.180238008499145508e+00 -2.356518059968948364e-01 -2.099354267120361328e-01 -2.012819647789001465e-01
