1.185364961624145508e+00 -1.205941677093505859e+00 1.181726336479187012e+00 -2.280085086822509766e-01 -2.391171306371688843e-01 -2.136622816324234009e-01
1.204208016395568848e+00 -1.223451495170593262e+00 1.207828879356384277e+00 -2.187494635581970215e-01 -2.370209246873855591e-01 -2.121141701936721802e-01
1.202363729476928711e+00 -1.223472118377685547e+00 1.209545969963073730e+00 -2.256646156311035156e-01 -2.455577105283737183e-01 -2.059572935104370117e-01
1.206014275550842285e+00 -1.220378398895263672e+00 1.204270601272583008e+00 -2.310161292552947998e-01 -2.324098050594329834e-01 -2.022736966609954834e-01
1.204514741897583008e+00 -1.220496773719787598e+00 1.205350518226623535e+00 -2.450250983238220215e-01 -2.350082993507385254e-01 -2.053337395191192627e-01
1.204098224639892578e+00 -1.221754074096679688e+00 1.206075668334960938e+00 -2.286589145660400391e-01 -2.215729057788848877e-01 -2.153270393610000610e-01
1.204378962516784668e+00 -1.220224618911743164e+00 1.204148530960083008e+00 -2.196767330169677734e-01 -2.219524681568145752e-01 -2.031029760837554932e-01
1.204934000968933105e+00 -1.227798819541931152e+00 1.209764957427978516e+00 -2.042612731456756592e-01 -2.183217555284500122e-01 -2.178563922643661499e-01
1.207138895988464355e+00 -1.218521475791931152e+00 1.201488375663757324e+00 -2.069252580404281616e-01 -2.255705595016479492e-01 -2.097387015819549561e-01
1.199202537536621094e+00 -1.228680133819580078e+00 1.211777210235595703e+00 -2.195130288600921631e-01 -2.221306264400482178e-01 -2.148817628622055054e-01
1.202779412269592285e+00 -1.225228905677795410e+00 1.209042787551879883e+00 -2.193758487701416016e-01 -2.236300855875015259e-01 -2.042222023010253906e-01
