1.105178356170654297e+00 -1.289087533950805664e+00 1.236907124519348145e+00 -2.015821635723114014e-01 -2.167388796806335449e-01 -2.046672403812408447e-01
1.217788338661193848e+00 -1.195282578468322754e+00 1.179948091506958008e+00 -2.165790051221847534e-01 -2.189661711454391479e-01 -1.736668795347213745e-01
1.229781389236450195e+00 -1.185965538024902344e+00 1.170199036598205566e+00 -2.237717211246490479e-01 -2.239405065774917603e-01 -1.936091482639312744e-01
1.214402675628662109e+00 -1.201997637748718262e+00 1.186076164245605469e+00 -2.287491112947463989e-01 -2.305909097194671631e-01 -1.951028406620025635e-01
1.210206270217895508e+00 -1.210243701934814453e+00 1.192592263221740723e+00 -2.198413461446762085e-01 -2.122045904397964478e-01 -2.027610987424850464e-01
1.218813180923461914e+00 -1.195773482322692871e+00 1.178371667861938477e+00 -2.237000018358230591e-01 -2.120093852281570435e-01 -1.929067671298980713e-01
1.217523455619812012e+00 -1.198348164558410645e+00 1.179613947868347168e+00 -2.228430807590484619e-01 -2.076915502548217773e-01 -1.916974186897277832e-01
1.218749284744262695e+00 -1.197070837020874023e+00 1.178474187850952148e+00 -2.147540152072906494e-01 -2.083516716957092285e-01 -1.884964406490325928e-01
1.213419914245605469e+00 -1.203645944595336914e+00 1.186517953872680664e+00 -2.117519527673721313e-01 -2.157129347324371338e-01 -1.932666599750518799e-01
1.215342164039611816e+00 -1.201995491981506348e+00 1.186852574348449707e+00 -2.144906520843505859e-01 -2.169784903526306152e-01 -1.812037825584411621e-01
1.215793490409851074e+00 -1.200613737106323242e+00 1.183295965194702148e+00 -2.091168016195297241e-01 -2.123895138502120972e-01 -1.815648078918457031e-01
