1.205856084823608398e+00 -1.191223025321960449e+00 1.358294367790222168e+00 -2.958841919898986816e-01 -2.419168055057525635e-01 -1.631691157817840576e-01
1.221688508987426758e+00 -1.202453255653381348e+00 1.192853093147277832e+00 -2.977430820465087891e-01 -1.961835324764251709e-01 -2.010595500469207764e-01
1.261902332305908203e+00 -1.194665193557739258e+00 1.220427989959716797e+00 -2.916937768459320068e-01 -2.308558523654937744e-01 -1.950327903032302856e-01
1.235200881958007812e+00 -1.216959238052368164e+00 1.226908802986145020e+00 -3.011313080787658691e-01 -2.345229685306549072e-01 -1.838247328996658325e-01
1.270964741706848145e+00 -1.184181809425354004e+00 1.212888598442077637e+00 -3.054563999176025391e-01 -2.326531261205673218e-01 -1.866434216499328613e-01
1.221568107604980469e+00 -1.196212887763977051e+00 1.182195067405700684e+00 -3.107842803001403809e-01 -2.079897224903106689e-01 -1.987954080104827881e-01
1.240723371505737305e+00 -1.190751791000366211e+00 1.198993563652038574e+00 -3.239504694938659668e-01 -2.224836051464080811e-01 -2.178833782672882080e-01
1.228380322456359863e+00 -1.188814520835876465e+00 1.176276803016662598e+00 -3.124889731407165527e-01 -2.130531221628189087e-01 -1.904097199440002441e-01
1.238403797149658203e+00 -1.191172838211059570e+00 1.195884108543395996e+00 -3.175549507141113281e-01 -2.034711390733718872e-01 -1.963933855295181274e-01
1.217613935470581055e+00 -1.202864170074462891e+00 1.189234495162963867e+00 -3.113552629947662354e-01 -1.986611485481262207e-01 -1.925818920135498047e-01
1.229858517646789551e+00 -1.200497150421142578e+00 1.198523998260498047e+00 -3.121654391288757324e-01 -1.992657482624053955e-01 -1.948212534189224243e-01
