1.418448448181152344e+00 -1.249596238136291504e+00 1.136000394821166992e+00 -2.042371928691864014e-01 -1.997465491294860840e-01 -1.839600503444671631e-01
1.416127324104309082e+00 -1.249311447143554688e+00 1.136691093444824219e+00 -2.040915340185165405e-01 -1.997645497322082520e-01 -1.838419735431671143e-01
1.409570813179016113e+00 -1.248930692672729492e+00 1.139055252075195312e+00 -2.036007493734359741e-01 -1.997648030519485474e-01 -1.837500184774398804e-01
1.391901731491088867e+00 -1.246536374092102051e+00 1.144681930541992188e+00 -2.027586549520492554e-01 -2.003050446510314941e-01 -1.817855238914489746e-01
1.346475720405578613e+00 -1.243447661399841309e+00 1.159716844558715820e+00 -2.005397379398345947e-01 -2.014275193214416504e-01 -1.785329580307006836e-01
1.270960450172424316e+00 -1.227266907691955566e+00 1.180105328559875488e+00 -1.994098722934722900e-01 -2.036292552947998047e-01 -1.693320721387863159e-01
1.222886204719543457e+00 -1.223937630653381348e+00 1.198881864547729492e+00 -2.059303522109985352e-01 -2.138900458812713623e-01 -1.562021672725677490e-01
1.213476657867431641e+00 -1.218902230262756348e+00 1.198306560516357422e+00 -2.068005651235580444e-01 -2.127173393964767456e-01 -1.570609062910079956e-01
1.212195277214050293e+00 -1.215302228927612305e+00 1.199673414230346680e+00 -2.075473368167877197e-01 -2.117646485567092896e-01 -1.582711488008499146e-01
1.212381362915039062e+00 -1.216147065162658691e+00 1.199690461158752441e+00 -2.085891515016555786e-01 -2.107234448194503784e-01 -1.593481898307800293e-01
1.210250258445739746e+00 -1.216926097869873047e+00 1.197386860847473145e+00 -2.103400528430938721e-01 -2.101678699254989624e-01 -1.598491817712783813e-01
