1.118534207344055176e+00 -1.257714271545410156e+00 1.217323422431945801e+00 -1.403767615556716919e-01 -1.291524022817611694e-01 -2.059181183576583862e-01
1.119223833084106445e+00 -1.257721424102783203e+00 1.217458009719848633e+00 -1.404628753662109375e-01 -1.295430064201354980e-01 -2.054710090160369873e-01
1.121356964111328125e+00 -1.257389903068542480e+00 1.217432737350463867e+00 -1.407296657562255859e-01 -1.304372549057006836e-01 -2.044403403997421265e-01
1.125773549079895020e+00 -1.258699059486389160e+00 1.220143556594848633e+00 -1.411424130201339722e-01 -1.339879333972930908e-01 -2.004909217357635498e-01
1.143137335777282715e+00 -1.252953171730041504e+00 1.216718912124633789e+00 -1.437864154577255249e-01 -1.398779451847076416e-01 -1.929469108581542969e-01
1.174126386642456055e+00 -1.245376586914062500e+00 1.216157555580139160e+00 -1.476752758026123047e-01 -1.539668440818786621e-01 -1.753134578466415405e-01
1.184582352638244629e+00 -1.249346017837524414e+00 1.226240873336791992e+00 -1.494376361370086670e-01 -1.575624048709869385e-01 -1.735085844993591309e-01
1.192084193229675293e+00 -1.248512387275695801e+00 1.227690577507019043e+00 -1.523147225379943848e-01 -1.624984443187713623e-01 -1.683423519134521484e-01
1.193903565406799316e+00 -1.245973944664001465e+00 1.226090908050537109e+00 -1.551605015993118286e-01 -1.659154146909713745e-01 -1.655458956956863403e-01
1.195079565048217773e+00 -1.245186448097229004e+00 1.223924160003662109e+00 -1.572587788105010986e-01 -1.675617545843124390e-01 -1.645539700984954834e-01
1.195887446403503418e+00 -1.243964552879333496e+00 1.224483728408813477e+00 -1.588328182697296143e-01 -1.694339364767074585e-01 -1.634548455476760864e-01
