1.219258785247802734e+00 -1.238739371299743652e+00 1.182938694953918457e+00 -1.903773546218872070e-01 -1.988846957683563232e-01 -1.990010589361190796e-01
1.218909621238708496e+00 -1.238919973373413086e+00 1.183509945869445801e+00 -1.903742700815200806e-01 -1.990569084882736206e-01 -1.988495588302612305e-01
1.218078970909118652e+00 -1.239087104797363281e+00 1.184921622276306152e+00 -1.904422491788864136e-01 -1.996547579765319824e-01 -1.981892734766006470e-01
1.215985298156738281e+00 -1.240072011947631836e+00 1.188687801361083984e+00 -1.902995109558105469e-01 -2.003592252731323242e-01 -1.980924904346466064e-01
1.210700511932373047e+00 -1.240994453430175781e+00 1.198555231094360352e+00 -1.909961700439453125e-01 -2.053701579570770264e-01 -1.920308023691177368e-01
1.199931859970092773e+00 -1.245359301567077637e+00 1.212054967880249023e+00 -1.910164207220077515e-01 -2.084781527519226074e-01 -1.919623613357543945e-01
1.194227695465087891e+00 -1.246899247169494629e+00 1.222239255905151367e+00 -1.930939108133316040e-01 -2.147413194179534912e-01 -1.862327158451080322e-01
1.190334320068359375e+00 -1.249187111854553223e+00 1.227261424064636230e+00 -1.946996450424194336e-01 -2.172093689441680908e-01 -1.847137808799743652e-01
1.186887502670288086e+00 -1.252145767211914062e+00 1.231349110603332520e+00 -1.963603943586349487e-01 -2.206746637821197510e-01 -1.820767074823379517e-01
1.185534596443176270e+00 -1.255719780921936035e+00 1.232313871383666992e+00 -1.983595639467239380e-01 -2.231305837631225586e-01 -1.803691536188125610e-01
1.182500958442687988e+00 -1.258451342582702637e+00 1.234880805015563965e+00 -1.995724439620971680e-01 -2.242151796817779541e-01 -1.800970435142517090e-01
