1.087570309638977051e+00 -1.256715893745422363e+00 1.359977841377258301e+00 -1.669878512620925903e-01 -2.949231863021850586e-01 -2.037231177091598511e-01
1.088606119155883789e+00 -1.256688594818115234e+00 1.358522057533264160e+00 -1.670821160078048706e-01 -2.946057915687561035e-01 -2.040002942085266113e-01
1.091761589050292969e+00 -1.256207466125488281e+00 1.354069828987121582e+00 -1.674935668706893921e-01 -2.938349246978759766e-01 -2.044633030891418457e-01
1.099056363105773926e+00 -1.256365776062011719e+00 1.343516349792480469e+00 -1.683533936738967896e-01 -2.917580902576446533e-01 -2.063572406768798828e-01
1.118354916572570801e+00 -1.256383895874023438e+00 1.316987514495849609e+00 -1.709388792514801025e-01 -2.870610356330871582e-01 -2.093259096145629883e-01
1.158249616622924805e+00 -1.250546216964721680e+00 1.269782900810241699e+00 -1.770665198564529419e-01 -2.801078259944915771e-01 -2.153550535440444946e-01
1.176890850067138672e+00 -1.258110165596008301e+00 1.247231006622314453e+00 -1.785485297441482544e-01 -2.746601998805999756e-01 -2.255440652370452881e-01
1.180451869964599609e+00 -1.257904887199401855e+00 1.243616223335266113e+00 -1.806400418281555176e-01 -2.759595811367034912e-01 -2.244650274515151978e-01
1.182746887207031250e+00 -1.257229447364807129e+00 1.238234877586364746e+00 -1.830570399761199951e-01 -2.762814164161682129e-01 -2.242897450923919678e-01
1.186371684074401855e+00 -1.253683328628540039e+00 1.237226486206054688e+00 -1.846503913402557373e-01 -2.761817276477813721e-01 -2.252889722585678101e-01
1.186971545219421387e+00 -1.252992630004882812e+00 1.234722495079040527e+00 -1.865031123161315918e-01 -2.768698930740356445e-01 -2.254901379346847534e-01
