1.203502774238586426e+00 -1.214337825775146484e+00 1.239175438880920410e+00 -2.023042440414428711e-01 -1.642565727233886719e-01 -1.169194281101226807e-01
1.203479528427124023e+00 -1.214526057243347168e+00 1.238955974578857422e+00 -2.023330926895141602e-01 -1.642254292964935303e-01 -1.169640272855758667e-01
1.203400731086730957e+00 -1.215095281600952148e+00 1.238317608833312988e+00 -2.024352699518203735e-01 -1.641721427440643311e-01 -1.170497909188270569e-01
1.203421592712402344e+00 -1.216559052467346191e+00 1.236763954162597656e+00 -2.026567757129669189e-01 -1.639909148216247559e-01 -1.173685044050216675e-01
1.203095316886901855e+00 -1.219530224800109863e+00 1.232082724571228027e+00 -2.031468749046325684e-01 -1.631216704845428467e-01 -1.187587007880210876e-01
1.203921675682067871e+00 -1.225578665733337402e+00 1.221623182296752930e+00 -2.039590924978256226e-01 -1.602478772401809692e-01 -1.232504695653915405e-01
1.201645135879516602e+00 -1.228109598159790039e+00 1.215779423713684082e+00 -2.064587473869323730e-01 -1.617374420166015625e-01 -1.219809204339981079e-01
1.202453255653381348e+00 -1.229243278503417969e+00 1.212398648262023926e+00 -2.081969231367111206e-01 -1.615078151226043701e-01 -1.233181580901145935e-01
1.203170299530029297e+00 -1.228213310241699219e+00 1.211214542388916016e+00 -2.101790904998779297e-01 -1.624517142772674561e-01 -1.233456879854202271e-01
1.203036308288574219e+00 -1.227717041969299316e+00 1.209759473800659180e+00 -2.119662463665008545e-01 -1.634568870067596436e-01 -1.233803853392601013e-01
1.204466104507446289e+00 -1.227178573608398438e+00 1.209456562995910645e+00 -2.135367393493652344e-01 -1.642201244831085205e-01 -1.236377358436584473e-01
