1.214107155799865723e+00 -1.207627415657043457e+00 1.188483834266662598e+00 -1.374502629041671753e-01 -1.844661980867385864e-01 -1.527803838253021240e-01
1.220111370086669922e+00 -1.220039844512939453e+00 1.068412065505981445e+00 -1.465603113174438477e-01 -1.830960810184478760e-01 -1.552857458591461182e-01
1.197579979896545410e+00 -1.338417530059814453e+00 1.056942820549011230e+00 -1.593071520328521729e-01 -1.904781758785247803e-01 -1.573808938264846802e-01
1.076351046562194824e+00 -1.338374733924865723e+00 1.080662608146667480e+00 -1.701265871524810791e-01 -1.891811788082122803e-01 -1.694967150688171387e-01
1.078848361968994141e+00 -1.315852999687194824e+00 1.200397849082946777e+00 -1.767151504755020142e-01 -2.084663510322570801e-01 -1.608997583389282227e-01
1.111568331718444824e+00 -1.202284216880798340e+00 1.201207637786865234e+00 -1.851419359445571899e-01 -2.276345193386077881e-01 -1.565461754798889160e-01
1.226829528808593750e+00 -1.208122491836547852e+00 1.167603015899658203e+00 -2.065805792808532715e-01 -2.421886771917343140e-01 -1.430053114891052246e-01
1.217517733573913574e+00 -1.240748286247253418e+00 1.054421305656433105e+00 -2.142239511013031006e-01 -2.317940741777420044e-01 -1.353408098220825195e-01
1.173465251922607422e+00 -1.352389574050903320e+00 1.060450434684753418e+00 -2.238239645957946777e-01 -2.338757514953613281e-01 -1.469162255525588989e-01
1.060874223709106445e+00 -1.335387706756591797e+00 1.104891300201416016e+00 -2.411996275186538696e-01 -2.247470170259475708e-01 -1.499985754489898682e-01
