1.210682868957519531e+00 -1.211740732192993164e+00 1.196289777755737305e+00 -1.220250055193901062e-01 -2.693091332912445068e-01 -1.830312758684158325e-01
1.046141028404235840e+00 -1.232544541358947754e+00 1.234117388725280762e+00 -1.307520717382431030e-01 -2.701937556266784668e-01 -2.080993205308914185e-01
1.023434638977050781e+00 -1.173896908760070801e+00 1.388594865798950195e+00 -1.196049451828002930e-01 -3.197359442710876465e-01 -1.948138177394866943e-01
1.072666168212890625e+00 -1.021672725677490234e+00 1.396201133728027344e+00 -1.248237937688827515e-01 -3.332834839820861816e-01 -1.748054325580596924e-01
1.229800343513488770e+00 -1.008156299591064453e+00 1.345069885253906250e+00 -1.505237519741058350e-01 -3.502664566040039062e-01 -1.619006991386413574e-01
1.243951320648193359e+00 -1.082373857498168945e+00 1.201353788375854492e+00 -1.691996455192565918e-01 -3.347595334053039551e-01 -1.720262169837951660e-01
1.179671645164489746e+00 -1.223607659339904785e+00 1.197569727897644043e+00 -1.697025001049041748e-01 -3.337787985801696777e-01 -1.769027709960937500e-01
1.032458186149597168e+00 -1.230416417121887207e+00 1.266363501548767090e+00 -1.851122081279754639e-01 -3.189530968666076660e-01 -1.964003443717956543e-01
1.021961450576782227e+00 -1.142703890800476074e+00 1.402509689331054688e+00 -1.742878854274749756e-01 -3.553827106952667236e-01 -1.706654429435729980e-01
1.104654550552368164e+00 -1.004247069358825684e+00 1.395578503608703613e+00 -1.752361804246902466e-01 -3.623183369636535645e-01 -1.628184318542480469e-01
