1.206603884696960449e+00 -1.217420339584350586e+00 1.203475594520568848e+00 -1.413599550724029541e-01 -2.771190404891967773e-01 -2.122981548309326172e-01
1.311053276062011719e+00 -1.194056391716003418e+00 1.163086891174316406e+00 -1.680332124233245850e-01 -3.150286972522735596e-01 -1.163529232144355774e-01
1.331318378448486328e+00 -1.226186990737915039e+00 1.056969761848449707e+00 -1.754526942968368530e-01 -3.073626160621643066e-01 -1.341667175292968750e-01
1.296059370040893555e+00 -1.328024625778198242e+00 1.026029586791992188e+00 -1.800581812858581543e-01 -2.973115444183349609e-01 -1.474413871765136719e-01
1.191003680229187012e+00 -1.358906269073486328e+00 1.065788626670837402e+00 -1.849850565195083618e-01 -2.886779308319091797e-01 -1.493411064147949219e-01
1.164592027664184570e+00 -1.327392935752868652e+00 1.173746585845947266e+00 -1.750617474317550659e-01 -2.947388291358947754e-01 -1.481175422668457031e-01
1.201796889305114746e+00 -1.222853183746337891e+00 1.207514286041259766e+00 -1.724930852651596069e-01 -3.060847818851470947e-01 -1.349006146192550659e-01
1.305448412895202637e+00 -1.190627574920654297e+00 1.170334458351135254e+00 -1.855134367942810059e-01 -3.166944682598114014e-01 -1.167796626687049866e-01
1.333795189857482910e+00 -1.221258640289306641e+00 1.063983678817749023e+00 -1.966015994548797607e-01 -3.075505197048187256e-01 -1.129713281989097595e-01
1.300382256507873535e+00 -1.323314309120178223e+00 1.027081251144409180e+00 -1.991154998540878296e-01 -2.907147705554962158e-01 -1.358799636363983154e-01
