1.198429465293884277e+00 -1.232062458992004395e+00 1.214859008789062500e+00 -2.334211766719818115e-01 -2.340454906225204468e-01 -2.343898564577102661e-01
1.263311982154846191e+00 -1.290469408035278320e+00 1.154003143310546875e+00 -2.443887889385223389e-01 -2.392141669988632202e-01 -2.129062861204147339e-01
1.203907370567321777e+00 -1.346212148666381836e+00 1.084777832031250000e+00 -2.477199137210845947e-01 -2.202267497777938843e-01 -2.270378619432449341e-01
1.140391349792480469e+00 -1.413468599319458008e+00 1.133923530578613281e+00 -2.380431741476058960e-01 -2.210467904806137085e-01 -2.307640165090560913e-01
1.075897932052612305e+00 -1.360270738601684570e+00 1.193494200706481934e+00 -2.212105393409729004e-01 -2.067876160144805908e-01 -2.488415092229843140e-01
1.124978065490722656e+00 -1.311602592468261719e+00 1.269499182701110840e+00 -2.188668996095657349e-01 -2.253141999244689941e-01 -2.338716536760330200e-01
1.181174516677856445e+00 -1.239197373390197754e+00 1.227352857589721680e+00 -2.120551168918609619e-01 -2.187913358211517334e-01 -2.256281077861785889e-01
1.258508682250976562e+00 -1.276059865951538086e+00 1.168394923210144043e+00 -2.228309065103530884e-01 -2.186297625303268433e-01 -2.303890585899353027e-01
1.219482660293579102e+00 -1.331557154655456543e+00 1.088141322135925293e+00 -2.281888723373413086e-01 -2.131656259298324585e-01 -2.251551300287246704e-01
1.156931042671203613e+00 -1.409403681755065918e+00 1.118180513381958008e+00 -2.193490564823150635e-01 -2.099777162075042725e-01 -2.333132773637771606e-01
