1.211852073669433594e+00 -1.211101651191711426e+00 1.193584322929382324e+00 -2.428109198808670044e-01 -2.453851997852325439e-01 -2.140940129756927490e-01
1.275369167327880859e+00 -1.196739196777343750e+00 1.153748273849487305e+00 -2.378307133913040161e-01 -2.487981319427490234e-01 -2.122603952884674072e-01
1.287743330001831055e+00 -1.231994032859802246e+00 1.086347460746765137e+00 -2.314127683639526367e-01 -2.425026148557662964e-01 -2.201509326696395874e-01
1.249251842498779297e+00 -1.297672510147094727e+00 1.072184443473815918e+00 -2.289849817752838135e-01 -2.361247390508651733e-01 -2.299473732709884644e-01
1.182926654815673828e+00 -1.312246680259704590e+00 1.111549258232116699e+00 -2.259779870510101318e-01 -2.297512143850326538e-01 -2.299325466156005859e-01
1.172393798828125000e+00 -1.273498773574829102e+00 1.178772568702697754e+00 -2.161948084831237793e-01 -2.402843236923217773e-01 -2.342631816864013672e-01
1.211127042770385742e+00 -1.214557290077209473e+00 1.197423696517944336e+00 -2.175832241773605347e-01 -2.497004121541976929e-01 -2.318881750106811523e-01
1.271673083305358887e+00 -1.193648695945739746e+00 1.156047940254211426e+00 -2.235957980155944824e-01 -2.536414265632629395e-01 -2.258215099573135376e-01
1.290853023529052734e+00 -1.230612993240356445e+00 1.090201020240783691e+00 -2.194572836160659790e-01 -2.475574165582656860e-01 -2.193773090839385986e-01
1.249932289123535156e+00 -1.294550538063049316e+00 1.070203542709350586e+00 -2.185580581426620483e-01 -2.379593104124069214e-01 -2.445078343152999878e-01
