1.205486297607421875e+00 -1.221824049949645996e+00 1.197960257530212402e+00 -5.755118653178215027e-02 -2.002208977937698364e-01 -2.095904201269149780e-01
1.215345382690429688e+00 -1.226706027984619141e+00 1.263422846794128418e+00 -4.485152661800384521e-02 -2.061580568552017212e-01 -2.154330313205718994e-01
1.197190046310424805e+00 -1.175852417945861816e+00 1.265818119049072266e+00 -5.631301179528236389e-02 -2.050439566373825073e-01 -2.256789803504943848e-01
1.246019601821899414e+00 -1.171679377555847168e+00 1.285366296768188477e+00 -5.552896857261657715e-02 -2.106382697820663452e-01 -2.134603112936019897e-01
1.244728446006774902e+00 -1.161901950836181641e+00 1.243838667869567871e+00 -6.885507702827453613e-02 -2.042399793863296509e-01 -2.137597650289535522e-01
1.265271425247192383e+00 -1.189087033271789551e+00 1.233431339263916016e+00 -7.289677858352661133e-02 -2.103324085474014282e-01 -2.001433968544006348e-01
1.237213373184204102e+00 -1.203391313552856445e+00 1.215852022171020508e+00 -8.481027930974960327e-02 -2.075645029544830322e-01 -1.928533762693405151e-01
1.232071399688720703e+00 -1.205694913864135742e+00 1.226577281951904297e+00 -8.288156986236572266e-02 -2.072953134775161743e-01 -1.941948384046554565e-01
1.229541301727294922e+00 -1.198891401290893555e+00 1.236858248710632324e+00 -8.357023447751998901e-02 -2.086568474769592285e-01 -1.991664916276931763e-01
1.230472922325134277e+00 -1.194731712341308594e+00 1.244760751724243164e+00 -8.328227698802947998e-02 -2.098305821418762207e-01 -1.969963610172271729e-01
