1.172242403030395508e+00 -1.364004969596862793e+00 1.119387269020080566e+00 -1.433540135622024536e-01 -1.948986649513244629e-01 -2.503470182418823242e-01
1.217278361320495605e+00 -1.226710319519042969e+00 1.212306857109069824e+00 -2.258788347244262695e-01 -2.785228192806243896e-01 -2.263758927583694458e-01
1.222985386848449707e+00 -1.207287073135375977e+00 1.183855533599853516e+00 -1.637979745864868164e-01 -2.346907556056976318e-01 -1.995170414447784424e-01
1.215915322303771973e+00 -1.223336219787597656e+00 1.210794568061828613e+00 -2.259619534015655518e-01 -2.710539400577545166e-01 -2.313195914030075073e-01
1.227261900901794434e+00 -1.207464814186096191e+00 1.188424706459045410e+00 -2.168405354022979736e-01 -2.561087608337402344e-01 -2.099719792604446411e-01
1.224712133407592773e+00 -1.204846739768981934e+00 1.181825160980224609e+00 -1.827550381422042847e-01 -2.268154621124267578e-01 -2.041327953338623047e-01
1.216616153717041016e+00 -1.218606710433959961e+00 1.198324084281921387e+00 -1.908449232578277588e-01 -2.378019094467163086e-01 -2.137623280286788940e-01
1.221950173377990723e+00 -1.215697526931762695e+00 1.195543527603149414e+00 -1.692803651094436646e-01 -2.238354384899139404e-01 -2.137947380542755127e-01
1.220115542411804199e+00 -1.214799523353576660e+00 1.193976640701293945e+00 -1.854910850524902344e-01 -2.273998409509658813e-01 -1.990673542022705078e-01
1.216478109359741211e+00 -1.223120689392089844e+00 1.203058004379272461e+00 -1.685646921396255493e-01 -2.248272001743316650e-01 -2.044304162263870239e-01
1.216256022453308105e+00 -1.221361041069030762e+00 1.203017115592956543e+00 -1.774773895740509033e-01 -2.292625010013580322e-01 -1.987018436193466187e-01
