1.031291842460632324e+00 -1.198866605758666992e+00 1.227535486221313477e+00 -2.144661843776702881e-01 -2.187159508466720581e-01 -2.902357280254364014e-01
1.189283370971679688e+00 -1.253887534141540527e+00 1.243376970291137695e+00 -2.451556026935577393e-01 -2.610598802566528320e-01 -2.376472055912017822e-01
1.181407809257507324e+00 -1.273767948150634766e+00 1.261675238609313965e+00 -2.384541034698486328e-01 -2.566579580307006836e-01 -2.309461832046508789e-01
1.188076853752136230e+00 -1.257859468460083008e+00 1.240378379821777344e+00 -2.319767922163009644e-01 -2.320458590984344482e-01 -2.111235857009887695e-01
1.179444193840026855e+00 -1.270003795623779297e+00 1.252484083175659180e+00 -2.471075654029846191e-01 -2.495209276676177979e-01 -2.391677796840667725e-01
1.187235474586486816e+00 -1.261068105697631836e+00 1.248113036155700684e+00 -2.120010703802108765e-01 -2.476706206798553467e-01 -2.267404496669769287e-01
1.184762954711914062e+00 -1.269335627555847168e+00 1.250540137290954590e+00 -2.407731711864471436e-01 -2.413379400968551636e-01 -2.320224493741989136e-01
1.182631015777587891e+00 -1.262241959571838379e+00 1.243698239326477051e+00 -2.352362424135208130e-01 -2.424917072057723999e-01 -2.440466433763504028e-01
1.183790206909179688e+00 -1.258377313613891602e+00 1.241891384124755859e+00 -2.444816082715988159e-01 -2.598425149917602539e-01 -2.371183931827545166e-01
1.182539820671081543e+00 -1.263310074806213379e+00 1.247585773468017578e+00 -2.514140307903289795e-01 -2.689618468284606934e-01 -2.548206448554992676e-01
1.179982066154479980e+00 -1.266794204711914062e+00 1.248944282531738281e+00 -2.273196429014205933e-01 -2.570246756076812744e-01 -2.403919845819473267e-01
