1.324115991592407227e+00 -1.195503950119018555e+00 1.179755210876464844e+00 -1.817765980958938599e-01 -1.119488179683685303e-01 -1.738659590482711792e-01
1.189278006553649902e+00 -1.252513289451599121e+00 1.234189391136169434e+00 -2.278738915920257568e-01 -1.659268289804458618e-01 -1.622841209173202515e-01
1.196199893951416016e+00 -1.242956399917602539e+00 1.229829311370849609e+00 -2.363044917583465576e-01 -1.661322116851806641e-01 -1.419924497604370117e-01
1.196013569831848145e+00 -1.242731690406799316e+00 1.224669098854064941e+00 -3.139300346374511719e-01 -2.314358949661254883e-01 -2.009903490543365479e-01
1.190178394317626953e+00 -1.252677798271179199e+00 1.238013505935668945e+00 -2.629923522472381592e-01 -1.826187968254089355e-01 -1.368772834539413452e-01
1.186473965644836426e+00 -1.257370471954345703e+00 1.242947816848754883e+00 -2.382441312074661255e-01 -1.739454269409179688e-01 -1.578854918479919434e-01
1.188507318496704102e+00 -1.255177140235900879e+00 1.237340688705444336e+00 -2.243440300226211548e-01 -1.522880643606185913e-01 -1.518386751413345337e-01
1.190295219421386719e+00 -1.251453995704650879e+00 1.233809709548950195e+00 -2.375625520944595337e-01 -1.629087328910827637e-01 -1.620781123638153076e-01
1.186029791831970215e+00 -1.262654542922973633e+00 1.246083736419677734e+00 -2.246012091636657715e-01 -1.501617580652236938e-01 -1.539864242076873779e-01
1.179475069046020508e+00 -1.269804477691650391e+00 1.251296281814575195e+00 -2.917485535144805908e-01 -1.805792450904846191e-01 -1.765877306461334229e-01
1.187806725502014160e+00 -1.255122661590576172e+00 1.237355351448059082e+00 -2.590668201446533203e-01 -1.571865379810333252e-01 -1.652935147285461426e-01
