1.247469425201416016e+00 -1.250002622604370117e+00 1.283797502517700195e+00 -2.016917467117309570e-01 -2.068589031696319580e-01 -2.306514233350753784e-01
1.184675693511962891e+00 -1.267753601074218750e+00 1.250516295433044434e+00 -2.143280208110809326e-01 -2.076539993286132812e-01 -2.094369381666183472e-01
1.188348650932312012e+00 -1.263277769088745117e+00 1.251122236251831055e+00 -3.077969849109649658e-01 -2.400188148021697998e-01 -2.339138388633728027e-01
1.183732986450195312e+00 -1.280572414398193359e+00 1.266899824142456055e+00 -2.802338302135467529e-01 -2.340352684259414673e-01 -2.414198815822601318e-01
1.183468580245971680e+00 -1.269816279411315918e+00 1.250494003295898438e+00 -2.475854009389877319e-01 -2.011087983846664429e-01 -2.164299488067626953e-01
1.183004617691040039e+00 -1.268920660018920898e+00 1.247012734413146973e+00 -2.413993030786514282e-01 -2.189781367778778076e-01 -2.028189003467559814e-01
1.185869574546813965e+00 -1.262439370155334473e+00 1.242062687873840332e+00 -2.181414216756820679e-01 -2.068638950586318970e-01 -1.986054629087448120e-01
1.185831308364868164e+00 -1.260202288627624512e+00 1.244391798973083496e+00 -2.229321151971817017e-01 -2.201250493526458740e-01 -2.111647129058837891e-01
1.184844017028808594e+00 -1.263597965240478516e+00 1.248153686523437500e+00 -2.170123308897018433e-01 -2.181542962789535522e-01 -2.211769819259643555e-01
1.189003109931945801e+00 -1.258207559585571289e+00 1.241810917854309082e+00 -2.118825167417526245e-01 -2.066938877105712891e-01 -2.106217890977859497e-01
1.181702136993408203e+00 -1.273596286773681641e+00 1.253574848175048828e+00 -2.125361561775207520e-01 -2.123679518699645996e-01 -2.210473120212554932e-01
