1.293282032012939453e+00 -1.347855687141418457e+00 1.245591402053833008e+00 -2.244728058576583862e-01 -1.406263262033462524e-01 -7.386879622936248779e-02
1.206886649131774902e+00 -1.234730124473571777e+00 1.209853053092956543e+00 -3.054588139057159424e-01 -1.552383452653884888e-01 -1.900453865528106689e-01
1.203110814094543457e+00 -1.236117482185363770e+00 1.213214993476867676e+00 -2.752757966518402100e-01 -1.470040678977966309e-01 -1.620274335145950317e-01
1.197933793067932129e+00 -1.245804190635681152e+00 1.222619652748107910e+00 -3.052217364311218262e-01 -1.398218423128128052e-01 -1.786497831344604492e-01
1.200544714927673340e+00 -1.239969372749328613e+00 1.217252254486083984e+00 -2.912923991680145264e-01 -1.575777530670166016e-01 -1.684401035308837891e-01
1.192111968994140625e+00 -1.253762125968933105e+00 1.229621052742004395e+00 -2.997233271598815918e-01 -1.620630621910095215e-01 -1.764790266752243042e-01
1.204896450042724609e+00 -1.238088965415954590e+00 1.216795325279235840e+00 -2.665235400199890137e-01 -1.153612881898880005e-01 -1.552434563636779785e-01
1.200608849525451660e+00 -1.241151332855224609e+00 1.216417074203491211e+00 -2.728563845157623291e-01 -1.410425752401351929e-01 -1.579270809888839722e-01
1.204998016357421875e+00 -1.233024597167968750e+00 1.210028171539306641e+00 -2.658490240573883057e-01 -1.271293163299560547e-01 -1.507404446601867676e-01
1.204737663269042969e+00 -1.235452651977539062e+00 1.212827801704406738e+00 -2.630596458911895752e-01 -1.238053143024444580e-01 -1.448458731174468994e-01
1.202310800552368164e+00 -1.239412784576416016e+00 1.216371774673461914e+00 -2.835159599781036377e-01 -1.450792849063873291e-01 -1.638580858707427979e-01
