1.119178056716918945e+00 -1.192620515823364258e+00 1.265317678451538086e+00 -1.107194721698760986e-01 -2.739977836608886719e-01 -1.610346287488937378e-01
1.199096322059631348e+00 -1.232901692390441895e+00 1.210747599601745605e+00 -1.070300340652465820e-01 -2.411300837993621826e-01 -2.023886144161224365e-01
1.219541072845458984e+00 -1.208477139472961426e+00 1.171176195144653320e+00 -1.267317831516265869e-01 -2.764034867286682129e-01 -1.196700558066368103e-01
1.199712991714477539e+00 -1.232255816459655762e+00 1.210282444953918457e+00 -8.496475964784622192e-02 -2.273304015398025513e-01 -2.105188220739364624e-01
1.204024195671081543e+00 -1.227775335311889648e+00 1.210354089736938477e+00 -9.722393751144409180e-02 -2.197434306144714355e-01 -1.868925541639328003e-01
1.201878905296325684e+00 -1.229075312614440918e+00 1.206849098205566406e+00 -1.036470904946327209e-01 -2.329943925142288208e-01 -1.921514868736267090e-01
1.204518079757690430e+00 -1.224334597587585449e+00 1.204385757446289062e+00 -1.061196699738502502e-01 -2.221450656652450562e-01 -1.883643269538879395e-01
1.203934550285339355e+00 -1.230283975601196289e+00 1.208894729614257812e+00 -9.529308974742889404e-02 -2.307387739419937134e-01 -1.848545521497726440e-01
1.198374748229980469e+00 -1.236372232437133789e+00 1.215161085128784180e+00 -9.249967336654663086e-02 -2.372948825359344482e-01 -1.970091909170150757e-01
1.193979620933532715e+00 -1.239238381385803223e+00 1.217741131782531738e+00 -1.002565771341323853e-01 -2.496007531881332397e-01 -1.936251521110534668e-01
1.197346687316894531e+00 -1.235621809959411621e+00 1.212183713912963867e+00 -1.063669100403785706e-01 -2.451229393482208252e-01 -1.981106996536254883e-01
