1.336876511573791504e+00 -1.324035167694091797e+00 1.191815853118896484e+00 -7.798234373331069946e-02 -1.832838952541351318e-01 -3.241045475006103516e-01
1.186952829360961914e+00 -1.260856032371520996e+00 1.238256096839904785e+00 -2.077974528074264526e-01 -2.916738688945770264e-01 -2.526026964187622070e-01
1.192903041839599609e+00 -1.254322171211242676e+00 1.233370184898376465e+00 -1.975111365318298340e-01 -2.436759620904922485e-01 -2.257245928049087524e-01
1.196858882904052734e+00 -1.248380303382873535e+00 1.231155395507812500e+00 -1.714119017124176025e-01 -2.506637573242187500e-01 -2.086338251829147339e-01
1.195504426956176758e+00 -1.253856539726257324e+00 1.227373480796813965e+00 -1.323164105415344238e-01 -2.478781342506408691e-01 -2.117128670215606689e-01
1.197501301765441895e+00 -1.248675465583801270e+00 1.229604959487915039e+00 -1.820043921470642090e-01 -2.474287897348403931e-01 -2.156759500503540039e-01
1.200611472129821777e+00 -1.246651291847229004e+00 1.225679039955139160e+00 -2.187220454216003418e-01 -2.433031797409057617e-01 -2.048202157020568848e-01
1.217593431472778320e+00 -1.236871480941772461e+00 1.233740687370300293e+00 -1.797482967376708984e-01 -2.365695834159851074e-01 -2.208074480295181274e-01
1.200095415115356445e+00 -1.245261073112487793e+00 1.230060338973999023e+00 -1.468605101108551025e-01 -2.352870255708694458e-01 -2.284035384654998779e-01
1.218119859695434570e+00 -1.239328145980834961e+00 1.234452009201049805e+00 -1.788889169692993164e-01 -2.370958924293518066e-01 -2.320439815521240234e-01
1.202019095420837402e+00 -1.255920767784118652e+00 1.250632286071777344e+00 -1.878669112920761108e-01 -2.327730357646942139e-01 -2.327278703451156616e-01
