1.194239139556884766e+00 -1.219056725502014160e+00 1.198716163635253906e+00 -1.633832901716232300e-01 -3.159674406051635742e-01 -4.276366233825683594e-01
1.193949341773986816e+00 -1.219693899154663086e+00 1.199585676193237305e+00 -1.633784621953964233e-01 -3.167490959167480469e-01 -4.263390898704528809e-01
1.193043589591979980e+00 -1.221601009368896484e+00 1.202074289321899414e+00 -1.633115857839584351e-01 -3.189099729061126709e-01 -4.227303266525268555e-01
1.190714120864868164e+00 -1.226658225059509277e+00 1.208566308021545410e+00 -1.633292138576507568e-01 -3.248333930969238281e-01 -4.129899740219116211e-01
1.186880111694335938e+00 -1.236572742462158203e+00 1.223141908645629883e+00 -1.654900610446929932e-01 -3.403489589691162109e-01 -3.880934119224548340e-01
1.181343197822570801e+00 -1.252432107925415039e+00 1.246227383613586426e+00 -1.729218363761901855e-01 -3.669057786464691162e-01 -3.454642593860626221e-01
1.183912754058837891e+00 -1.256408333778381348e+00 1.249460339546203613e+00 -1.798773109912872314e-01 -3.759592771530151367e-01 -3.296806812286376953e-01
1.187069773674011230e+00 -1.252966642379760742e+00 1.249166965484619141e+00 -1.867682039737701416e-01 -3.794176280498504639e-01 -3.239139318466186523e-01
1.185241699218750000e+00 -1.256384134292602539e+00 1.251389145851135254e+00 -1.915854364633560181e-01 -3.828748762607574463e-01 -3.162340521812438965e-01
1.183523535728454590e+00 -1.260380029678344727e+00 1.255345821380615234e+00 -1.899967640638351440e-01 -3.802531361579895020e-01 -3.128615319728851318e-01
1.182233691215515137e+00 -1.260765314102172852e+00 1.258868098258972168e+00 -1.848523318767547607e-01 -3.728140294551849365e-01 -3.121015429496765137e-01
