1.221092700958251953e+00 -1.196422696113586426e+00 1.178921580314636230e+00 -3.033443093299865723e-01 -2.050258070230484009e-01 -1.787130385637283325e-01
1.190961599349975586e+00 -1.081939816474914551e+00 1.166934132575988770e+00 -3.023548722267150879e-01 -1.808467954397201538e-01 -2.068303227424621582e-01
1.305225133895874023e+00 -1.097368121147155762e+00 1.192546844482421875e+00 -3.114600777626037598e-01 -2.121883928775787354e-01 -1.777184456586837769e-01
1.277299880981445312e+00 -1.073463082313537598e+00 1.080919384956359863e+00 -3.125533759593963623e-01 -1.901888549327850342e-01 -1.845079064369201660e-01
1.310137867927551270e+00 -1.176695346832275391e+00 1.095106482505798340e+00 -3.104519546031951904e-01 -2.057012021541595459e-01 -1.873643398284912109e-01
1.195256710052490234e+00 -1.172515988349914551e+00 1.086724042892456055e+00 -3.059423863887786865e-01 -1.911899447441101074e-01 -1.863630115985870361e-01
1.209501743316650391e+00 -1.182507634162902832e+00 1.201267600059509277e+00 -2.944503128528594971e-01 -2.016723901033401489e-01 -1.985620111227035522e-01
1.202328443527221680e+00 -1.065196394920349121e+00 1.183425426483154297e+00 -2.966954112052917480e-01 -1.891260147094726562e-01 -2.056171000003814697e-01
1.318192720413208008e+00 -1.084333300590515137e+00 1.182492375373840332e+00 -3.054643273353576660e-01 -2.055910378694534302e-01 -1.835107654333114624e-01
1.290509700775146484e+00 -1.079227328300476074e+00 1.062517881393432617e+00 -3.120752573013305664e-01 -1.853024512529373169e-01 -1.795050501823425293e-01
