1.212156414985656738e+00 -1.212086319923400879e+00 1.195232510566711426e+00 -1.206858456134796143e-01 -2.900836765766143799e-01 -2.425580620765686035e-01
1.087653636932373047e+00 -1.235148549079895020e+00 1.210891246795654297e+00 -1.592482626438140869e-01 -2.457047849893569946e-01 -2.668551802635192871e-01
1.061368823051452637e+00 -1.209625244140625000e+00 1.334541916847229004e+00 -1.703421771526336670e-01 -2.494943141937255859e-01 -2.224253714084625244e-01
1.084594011306762695e+00 -1.085955023765563965e+00 1.348631858825683594e+00 -1.993997544050216675e-01 -2.122277468442916870e-01 -2.067471593618392944e-01
1.207766532897949219e+00 -1.071028947830200195e+00 1.330981373786926270e+00 -1.958955079317092896e-01 -2.003994137048721313e-01 -1.935753226280212402e-01
1.225995063781738281e+00 -1.099448323249816895e+00 1.211376070976257324e+00 -2.001713067293167114e-01 -1.730512380599975586e-01 -1.830517947673797607e-01
1.201285600662231445e+00 -1.221948742866516113e+00 1.201241374015808105e+00 -1.888190954923629761e-01 -1.555060744285583496e-01 -1.809152364730834961e-01
1.080264568328857422e+00 -1.224044442176818848e+00 1.220210075378417969e+00 -1.798027902841567993e-01 -1.146454960107803345e-01 -1.716969460248947144e-01
1.071463346481323242e+00 -1.199838995933532715e+00 1.340539693832397461e+00 -1.534576416015625000e-01 -9.338618069887161255e-02 -1.851820200681686401e-01
1.093441009521484375e+00 -1.081465601921081543e+00 1.342136383056640625e+00 -1.531945168972015381e-01 -7.124886661767959595e-02 -1.725193858146667480e-01
