1.209695696830749512e+00 -1.213691234588623047e+00 1.197068929672241211e+00 -2.269863039255142212e-01 -2.097338140010833740e-01 -1.878652572631835938e-01
1.216705799102783203e+00 -1.205747961997985840e+00 1.202912092208862305e+00 -2.297640293836593628e-01 -2.119830548763275146e-01 -1.780141144990921021e-01
1.221891641616821289e+00 -1.202904820442199707e+00 1.200025439262390137e+00 -2.312552928924560547e-01 -2.144351601600646973e-01 -1.719513088464736938e-01
1.228653430938720703e+00 -1.200054049491882324e+00 1.189283132553100586e+00 -2.320919930934906006e-01 -2.112690508365631104e-01 -1.718968302011489868e-01
1.234326839447021484e+00 -1.205858707427978516e+00 1.176943421363830566e+00 -2.329255044460296631e-01 -2.074978500604629517e-01 -1.656387597322463989e-01
1.228322982788085938e+00 -1.217838168144226074e+00 1.170910477638244629e+00 -2.384454607963562012e-01 -1.996141374111175537e-01 -1.693671047687530518e-01
1.218580842018127441e+00 -1.220435857772827148e+00 1.173837661743164062e+00 -2.438111156225204468e-01 -1.954086124897003174e-01 -1.679402142763137817e-01
1.215644836425781250e+00 -1.219687938690185547e+00 1.185261726379394531e+00 -2.458537220954895020e-01 -1.914248764514923096e-01 -1.639840304851531982e-01
1.212642312049865723e+00 -1.213435292243957520e+00 1.193589091300964355e+00 -2.492579072713851929e-01 -1.887056827545166016e-01 -1.623643636703491211e-01
1.217660784721374512e+00 -1.207442522048950195e+00 1.199209213256835938e+00 -2.479576915502548218e-01 -1.881718635559082031e-01 -1.562817394733428955e-01
