1.175026059150695801e+00 -1.243748545646667480e+00 1.191732287406921387e+00 -1.343102306127548218e-01 -1.401040703058242798e-01 -1.699959933757781982e-01
1.291954278945922852e+00 -1.049248337745666504e+00 1.407746434211730957e+00 -8.346718549728393555e-02 -1.635501831769943237e-01 -1.666082590818405151e-01
1.314809679985046387e+00 -9.502860903739929199e-01 1.442832708358764648e+00 -1.250272244215011597e-01 -1.968034356832504272e-01 -1.972433626651763916e-01
1.413181900978088379e+00 -8.833578824996948242e-01 1.404204368591308594e+00 -1.844692081212997437e-01 -2.384795248508453369e-01 -1.293325573205947876e-01
1.472059607505798340e+00 -9.195798635482788086e-01 1.318408608436584473e+00 -2.234359234571456909e-01 -2.613579928874969482e-01 -9.110441803932189941e-02
1.440683484077453613e+00 -1.032876014709472656e+00 1.290621280670166016e+00 -2.439796328544616699e-01 -2.645527422428131104e-01 -8.637748658657073975e-02
1.352423191070556641e+00 -1.070431828498840332e+00 1.310706615447998047e+00 -2.743306159973144531e-01 -2.579612731933593750e-01 -1.009326949715614319e-01
1.317130327224731445e+00 -1.053318142890930176e+00 1.397444963455200195e+00 -2.933042645454406738e-01 -2.796814739704132080e-01 -8.466793596744537354e-02
1.313960194587707520e+00 -9.655125737190246582e-01 1.432897329330444336e+00 -3.159836530685424805e-01 -2.820446193218231201e-01 -7.980518043041229248e-02
1.387090206146240234e+00 -9.089727401733398438e-01 1.418311834335327148e+00 -3.441535830497741699e-01 -3.102150559425354004e-01 -4.740613698959350586e-02
