1.245015144348144531e+00 -1.165062904357910156e+00 1.145998835563659668e+00 -1.767869442701339722e-01 -1.917555183172225952e-01 -1.636272221803665161e-01
1.287781834602355957e+00 -1.318375945091247559e+00 9.901022315025329590e-01 -1.652855575084686279e-01 -1.650857478380203247e-01 -1.457725167274475098e-01
1.120892643928527832e+00 -1.426879763603210449e+00 9.196802973747253418e-01 -1.831178516149520874e-01 -1.364193409681320190e-01 -1.623596400022506714e-01
1.000239610671997070e+00 -1.475941658020019531e+00 1.071624040603637695e+00 -1.952153742313385010e-01 -1.546561121940612793e-01 -1.442834585905075073e-01
9.595168232917785645e-01 -1.346251249313354492e+00 1.211110949516296387e+00 -2.241847366094589233e-01 -1.354326158761978149e-01 -1.384127140045166016e-01
1.104645848274230957e+00 -1.229592323303222656e+00 1.267859220504760742e+00 -2.420545667409896851e-01 -1.603807210922241211e-01 -1.006403341889381409e-01
1.229408979415893555e+00 -1.195132970809936523e+00 1.136306285858154297e+00 -2.407547831535339355e-01 -1.400558054447174072e-01 -9.152672439813613892e-02
1.261374354362487793e+00 -1.313300251960754395e+00 9.932011961936950684e-01 -2.307552397251129150e-01 -1.062363311648368835e-01 -7.993781566619873047e-02
1.119969844818115234e+00 -1.440173268318176270e+00 9.589783549308776855e-01 -2.336448729038238525e-01 -9.672591835260391235e-02 -7.432948797941207886e-02
9.866789579391479492e-01 -1.452010035514831543e+00 1.086821556091308594e+00 -2.360801547765731812e-01 -8.450651913881301880e-02 -8.445627987384796143e-02
