1.209525108337402344e+00 -1.216526865959167480e+00 1.199211955070495605e+00 -1.959167867898941040e-01 -1.988024711608886719e-01 -1.983829885721206665e-01
1.225263476371765137e+00 -1.218372106552124023e+00 1.219115018844604492e+00 -2.037035375833511353e-01 -2.043291777372360229e-01 -1.955479085445404053e-01
1.212670207023620605e+00 -1.214295387268066406e+00 1.219405293464660645e+00 -2.207128107547760010e-01 -1.968139111995697021e-01 -1.929166316986083984e-01
1.220249176025390625e+00 -1.208139181137084961e+00 1.226889491081237793e+00 -2.295487970113754272e-01 -2.027690410614013672e-01 -1.830729246139526367e-01
1.222925543785095215e+00 -1.206944108009338379e+00 1.226540565490722656e+00 -2.348244786262512207e-01 -2.029727995395660400e-01 -1.789544820785522461e-01
1.223231554031372070e+00 -1.208432555198669434e+00 1.224869132041931152e+00 -2.383003234863281250e-01 -2.024787366390228271e-01 -1.765434592962265015e-01
1.222546219825744629e+00 -1.208236932754516602e+00 1.222824573516845703e+00 -2.422998547554016113e-01 -2.029702663421630859e-01 -1.731427162885665894e-01
1.223459482192993164e+00 -1.209583759307861328e+00 1.222472071647644043e+00 -2.468270510435104370e-01 -2.033020704984664917e-01 -1.716300547122955322e-01
1.222628474235534668e+00 -1.209573507308959961e+00 1.221371054649353027e+00 -2.489218264818191528e-01 -2.024063915014266968e-01 -1.673830151557922363e-01
1.224092841148376465e+00 -1.208722352981567383e+00 1.220533013343811035e+00 -2.563089132308959961e-01 -1.989678591489791870e-01 -1.666423082351684570e-01
