1.222595930099487305e+00 -1.208490133285522461e+00 1.202477335929870605e+00 -2.802039980888366699e-01 -2.343044877052307129e-01 -1.876448243856430054e-01
1.435517668724060059e+00 -1.238442063331604004e+00 1.204453229904174805e+00 -2.804208993911743164e-01 -2.743644118309020996e-01 -1.404013335704803467e-01
1.364872455596923828e+00 -1.219879269599914551e+00 1.004200935363769531e+00 -3.212061524391174316e-01 -2.373898625373840332e-01 -1.263708770275115967e-01
1.402620196342468262e+00 -1.433774828910827637e+00 1.029314637184143066e+00 -2.539358139038085938e-01 -1.897180080413818359e-01 -1.639860123395919800e-01
1.175190091133117676e+00 -1.388375520706176758e+00 1.009549975395202637e+00 -2.814872264862060547e-01 -1.554885804653167725e-01 -1.404216885566711426e-01
1.212841391563415527e+00 -1.438163638114929199e+00 1.220855712890625000e+00 -2.708649039268493652e-01 -1.794279664754867554e-01 -1.282344162464141846e-01
1.192012548446655273e+00 -1.221663594245910645e+00 1.216738700866699219e+00 -3.438425660133361816e-01 -1.622249931097030640e-01 -1.616646200418472290e-01
1.423315525054931641e+00 -1.225838303565979004e+00 1.238210320472717285e+00 -3.527676463127136230e-01 -2.257973104715347290e-01 -8.241286873817443848e-02
1.383848786354064941e+00 -1.187429428100585938e+00 1.029146432876586914e+00 -3.763211965560913086e-01 -2.095963656902313232e-01 -4.091515392065048218e-02
1.443764090538024902e+00 -1.408077001571655273e+00 1.021881341934204102e+00 -3.087912201881408691e-01 -1.522498428821563721e-01 -1.120649576187133789e-01
