1.207733869552612305e+00 -1.212886333465576172e+00 1.275171875953674316e+00 -1.957232654094696045e-01 -2.245900928974151611e-01 -2.012683600187301636e-01
1.196834087371826172e+00 -1.246342420578002930e+00 1.232440590858459473e+00 -2.017769962549209595e-01 -2.257576435804367065e-01 -2.018745839595794678e-01
1.210227608680725098e+00 -1.256536722183227539e+00 1.247195720672607422e+00 -2.031780332326889038e-01 -2.365493476390838623e-01 -2.114864438772201538e-01
1.191789388656616211e+00 -1.232182264328002930e+00 1.230001211166381836e+00 -2.062783539295196533e-01 -2.375753968954086304e-01 -2.274380624294281006e-01
1.140374183654785156e+00 -1.317513585090637207e+00 1.303164958953857422e+00 -1.939954906702041626e-01 -2.471106946468353271e-01 -2.244630306959152222e-01
1.169488549232482910e+00 -1.272245883941650391e+00 1.260802984237670898e+00 -1.989260017871856689e-01 -2.407432496547698975e-01 -2.293069064617156982e-01
1.151704907417297363e+00 -1.298856496810913086e+00 1.281165599822998047e+00 -2.056939154863357544e-01 -2.421478927135467529e-01 -2.240087240934371948e-01
1.167785286903381348e+00 -1.276126146316528320e+00 1.256032109260559082e+00 -2.064447551965713501e-01 -2.361690253019332886e-01 -2.208785712718963623e-01
1.191408872604370117e+00 -1.238534569740295410e+00 1.229218006134033203e+00 -2.121642976999282837e-01 -2.383405268192291260e-01 -2.033564448356628418e-01
1.194036841392517090e+00 -1.230426907539367676e+00 1.217931509017944336e+00 -2.055291980504989624e-01 -2.291333079338073730e-01 -1.919090300798416138e-01
1.194957971572875977e+00 -1.240409016609191895e+00 1.226603031158447266e+00 -2.036707401275634766e-01 -2.281080335378646851e-01 -2.035171836614608765e-01
