1.460492253303527832e+00 -1.189146399497985840e+00 1.017098903656005859e+00 -2.477836012840270996e-01 -1.962759643793106079e-01 -1.845001280307769775e-01
1.254747748374938965e+00 -1.171399831771850586e+00 1.146008372306823730e+00 -2.252394706010818481e-01 -2.007075995206832886e-01 -1.869352608919143677e-01
1.249793171882629395e+00 -1.199700474739074707e+00 1.176665425300598145e+00 -2.374296188354492188e-01 -2.135013788938522339e-01 -2.015190422534942627e-01
1.374263405799865723e+00 -1.166567564010620117e+00 1.026127696037292480e+00 -2.362492382526397705e-01 -1.872228533029556274e-01 -1.431057751178741455e-01
1.244820356369018555e+00 -1.197986960411071777e+00 1.159207582473754883e+00 -2.235642671585083008e-01 -1.988964527845382690e-01 -1.880884766578674316e-01
1.242168426513671875e+00 -1.183102726936340332e+00 1.170252442359924316e+00 -2.437569499015808105e-01 -2.108896970748901367e-01 -2.131564021110534668e-01
1.245417475700378418e+00 -1.173134088516235352e+00 1.157984972000122070e+00 -2.389257252216339111e-01 -2.127856612205505371e-01 -1.959909945726394653e-01
1.239541411399841309e+00 -1.179270267486572266e+00 1.170330286026000977e+00 -2.260118275880813599e-01 -1.990706324577331543e-01 -1.855673640966415405e-01
1.252751111984252930e+00 -1.163165450096130371e+00 1.141007781028747559e+00 -2.290693521499633789e-01 -1.930548399686813354e-01 -1.759382039308547974e-01
1.245590925216674805e+00 -1.168339967727661133e+00 1.147522807121276855e+00 -2.298401296138763428e-01 -1.923823505640029907e-01 -1.780364960432052612e-01
1.252588033676147461e+00 -1.152018547058105469e+00 1.137912154197692871e+00 -2.334702610969543457e-01 -2.045657932758331299e-01 -1.774859726428985596e-01
