1.382103443145751953e+00 -1.198933243751525879e+00 1.128499150276184082e+00 -2.600813210010528564e-01 -1.536871194839477539e-01 -3.509283065795898438e-01
1.380313158035278320e+00 -1.199043273925781250e+00 1.129100322723388672e+00 -2.598524987697601318e-01 -1.542909294366836548e-01 -3.497832119464874268e-01
1.375392675399780273e+00 -1.199319481849670410e+00 1.130743861198425293e+00 -2.592520713806152344e-01 -1.560259908437728882e-01 -3.465706706047058105e-01
1.361727595329284668e+00 -1.200479149818420410e+00 1.135674834251403809e+00 -2.574400603771209717e-01 -1.610366851091384888e-01 -3.372390866279602051e-01
1.328430891036987305e+00 -1.200715065002441406e+00 1.145900607109069824e+00 -2.529008984565734863e-01 -1.727629303932189941e-01 -3.109471797943115234e-01
1.272292494773864746e+00 -1.196087837219238281e+00 1.158917427062988281e+00 -2.455565929412841797e-01 -1.936095952987670898e-01 -2.599618136882781982e-01
1.234838724136352539e+00 -1.193828225135803223e+00 1.168635487556457520e+00 -2.382580339908599854e-01 -2.144519984722137451e-01 -2.256871908903121948e-01
1.225728392601013184e+00 -1.194094538688659668e+00 1.173472285270690918e+00 -2.328640818595886230e-01 -2.257998734712600708e-01 -2.178335338830947876e-01
1.224038839340209961e+00 -1.194616794586181641e+00 1.175013542175292969e+00 -2.269996404647827148e-01 -2.296846210956573486e-01 -2.178783267736434937e-01
1.224187970161437988e+00 -1.194548249244689941e+00 1.174789309501647949e+00 -2.213404476642608643e-01 -2.311508357524871826e-01 -2.179280668497085571e-01
1.224784731864929199e+00 -1.192523002624511719e+00 1.174154758453369141e+00 -2.172760367393493652e-01 -2.353654950857162476e-01 -2.113883048295974731e-01
