1.319366097450256348e+00 -1.331611752510070801e+00 1.319164514541625977e+00 -1.900836080312728882e-01 -2.324709594249725342e-01 -2.369171530008316040e-01
1.318221449851989746e+00 -1.330307245254516602e+00 1.317772984504699707e+00 -1.903194487094879150e-01 -2.323394119739532471e-01 -2.365762591361999512e-01
1.314953327178955078e+00 -1.326499819755554199e+00 1.313550591468811035e+00 -1.909991949796676636e-01 -2.318980246782302856e-01 -2.356952577829360962e-01
1.306200742721557617e+00 -1.315753221511840820e+00 1.302409410476684570e+00 -1.929594874382019043e-01 -2.311730235815048218e-01 -2.325583547353744507e-01
1.283434033393859863e+00 -1.289105176925659180e+00 1.272650718688964844e+00 -1.991038918495178223e-01 -2.303174585103988647e-01 -2.217987477779388428e-01
1.243913531303405762e+00 -1.243374347686767578e+00 1.230121254920959473e+00 -2.069489359855651855e-01 -2.240085303783416748e-01 -2.089978456497192383e-01
1.213776350021362305e+00 -1.223872900009155273e+00 1.205093741416931152e+00 -2.104163318872451782e-01 -2.202951461076736450e-01 -2.055944949388504028e-01
1.205879569053649902e+00 -1.221640229225158691e+00 1.203465938568115234e+00 -2.108111381530761719e-01 -2.192464768886566162e-01 -2.055579274892807007e-01
1.205875754356384277e+00 -1.217275738716125488e+00 1.202359080314636230e+00 -2.111388295888900757e-01 -2.180891633033752441e-01 -2.054319381713867188e-01
1.206125974655151367e+00 -1.216496706008911133e+00 1.197618246078491211e+00 -2.115010619163513184e-01 -2.160354852676391602e-01 -2.054607570171356201e-01
1.207146763801574707e+00 -1.216087579727172852e+00 1.194797039031982422e+00 -2.120908796787261963e-01 -2.153928279876708984e-01 -2.046626210212707520e-01
