1.199336528778076172e+00 -1.231321334838867188e+00 1.188198447227478027e+00 -1.961402297019958496e-01 -1.853173822164535522e-01 -1.990784108638763428e-01
1.199431538581848145e+00 -1.231185436248779297e+00 1.188349008560180664e+00 -1.961559802293777466e-01 -1.853865087032318115e-01 -1.989835798740386963e-01
1.199696660041809082e+00 -1.230810046195983887e+00 1.188784718513488770e+00 -1.962077766656875610e-01 -1.856098771095275879e-01 -1.986858397722244263e-01
1.200533390045166016e+00 -1.229726195335388184e+00 1.189972758293151855e+00 -1.963626593351364136e-01 -1.862536966800689697e-01 -1.978141367435455322e-01
1.202449560165405273e+00 -1.227196812629699707e+00 1.192081451416015625e+00 -1.964915543794631958e-01 -1.869561374187469482e-01 -1.967722028493881226e-01
1.205819845199584961e+00 -1.222453355789184570e+00 1.195438981056213379e+00 -1.967053711414337158e-01 -1.879553198814392090e-01 -1.953170150518417358e-01
1.209605693817138672e+00 -1.220423936843872070e+00 1.198387980461120605e+00 -1.967870146036148071e-01 -1.892737746238708496e-01 -1.941285580396652222e-01
1.211150169372558594e+00 -1.217869758605957031e+00 1.198647499084472656e+00 -1.972156316041946411e-01 -1.907138973474502563e-01 -1.925111114978790283e-01
1.209426760673522949e+00 -1.217949867248535156e+00 1.197352051734924316e+00 -1.977391391992568970e-01 -1.920393705368041992e-01 -1.909103393554687500e-01
1.210788130760192871e+00 -1.217223405838012695e+00 1.197505474090576172e+00 -1.988328248262405396e-01 -1.942650675773620605e-01 -1.875931620597839355e-01
1.209638237953186035e+00 -1.216859579086303711e+00 1.198183536529541016e+00 -1.983967423439025879e-01 -1.941686868667602539e-01 -1.881416738033294678e-01
