9.491216540336608887e-01 -1.310340762138366699e+00 1.340187549591064453e+00 -1.778228282928466797e-01 -2.778762280941009521e-01 -1.713753491640090942e-01
9.504293799400329590e-01 -1.311519265174865723e+00 1.340964555740356445e+00 -1.775986254215240479e-01 -2.778523564338684082e-01 -1.718633472919464111e-01
9.542797207832336426e-01 -1.314950346946716309e+00 1.343323588371276855e+00 -1.770561933517456055e-01 -2.779475748538970947e-01 -1.731023341417312622e-01
9.640222191810607910e-01 -1.322838902473449707e+00 1.347927451133728027e+00 -1.754222512245178223e-01 -2.772756218910217285e-01 -1.768605411052703857e-01
9.885451197624206543e-01 -1.345367908477783203e+00 1.360805869102478027e+00 -1.708243489265441895e-01 -2.743781805038452148e-01 -1.869213581085205078e-01
1.041356444358825684e+00 -1.373385548591613770e+00 1.371696710586547852e+00 -1.682098954916000366e-01 -2.730854749679565430e-01 -1.937576830387115479e-01
1.073947548866271973e+00 -1.400596141815185547e+00 1.393637299537658691e+00 -1.626610159873962402e-01 -2.717246413230895996e-01 -2.021664828062057495e-01
1.073264598846435547e+00 -1.404945254325866699e+00 1.391124963760375977e+00 -1.616048365831375122e-01 -2.688148617744445801e-01 -2.072342634201049805e-01
1.077750682830810547e+00 -1.404716372489929199e+00 1.386484622955322266e+00 -1.609778106212615967e-01 -2.641075253486633301e-01 -2.123433351516723633e-01
1.076335072517395020e+00 -1.405700087547302246e+00 1.387885689735412598e+00 -1.613473445177078247e-01 -2.639074623584747314e-01 -2.117446213960647583e-01
1.079552412033081055e+00 -1.404949069023132324e+00 1.386119365692138672e+00 -1.624607890844345093e-01 -2.643137872219085693e-01 -2.096016556024551392e-01
