1.189555048942565918e+00 -1.184695601463317871e+00 1.250715613365173340e+00 -3.393694460391998291e-01 -1.705522537231445312e-01 -1.478842943906784058e-01
1.205263495445251465e+00 -1.222104787826538086e+00 1.208581805229187012e+00 -3.368911743164062500e-01 -1.619116067886352539e-01 -1.548793017864227295e-01
1.206982374191284180e+00 -1.219297528266906738e+00 1.203242897987365723e+00 -3.060526847839355469e-01 -1.451351344585418701e-01 -1.658141613006591797e-01
1.188100457191467285e+00 -1.243386507034301758e+00 1.229334473609924316e+00 -3.125387430191040039e-01 -1.427814662456512451e-01 -1.512273401021957397e-01
1.202102065086364746e+00 -1.223099112510681152e+00 1.209292054176330566e+00 -3.199765086174011230e-01 -1.506301462650299072e-01 -1.446338146924972534e-01
1.207908511161804199e+00 -1.216646790504455566e+00 1.199205994606018066e+00 -3.297879695892333984e-01 -1.468193233013153076e-01 -1.540664136409759521e-01
1.205212831497192383e+00 -1.221097707748413086e+00 1.206069946289062500e+00 -3.375017344951629639e-01 -1.588332355022430420e-01 -1.580821275711059570e-01
1.207756757736206055e+00 -1.216666460037231445e+00 1.202506422996520996e+00 -3.304843902587890625e-01 -1.635398119688034058e-01 -1.530801355838775635e-01
1.202812910079956055e+00 -1.225636005401611328e+00 1.211436390876770020e+00 -3.288504183292388916e-01 -1.556146442890167236e-01 -1.458647251129150391e-01
1.203370332717895508e+00 -1.225785017013549805e+00 1.210105776786804199e+00 -3.327401280403137207e-01 -1.526505351066589355e-01 -1.546988189220428467e-01
1.193495512008666992e+00 -1.240321755409240723e+00 1.226275205612182617e+00 -3.301091194152832031e-01 -1.565195024013519287e-01 -1.667551249265670776e-01
