1.246185779571533203e+00 -1.210831880569458008e+00 1.189652204513549805e+00 -2.457347065210342407e-01 -2.463628649711608887e-01 -1.350830197334289551e-01
1.192001581192016602e+00 -1.242426633834838867e+00 1.224888443946838379e+00 -2.413994073867797852e-01 -2.182784378528594971e-01 -1.922909170389175415e-01
1.201295971870422363e+00 -1.224343180656433105e+00 1.203572154045104980e+00 -2.264376580715179443e-01 -2.102210372686386108e-01 -1.561967283487319946e-01
1.179791927337646484e+00 -1.264753222465515137e+00 1.242056965827941895e+00 -2.374824881553649902e-01 -2.103835940361022949e-01 -2.168925404548645020e-01
1.149379134178161621e+00 -1.306915879249572754e+00 1.290264248847961426e+00 -2.374753803014755249e-01 -1.968553066253662109e-01 -2.076026201248168945e-01
1.184420704841613770e+00 -1.257467031478881836e+00 1.236940860748291016e+00 -2.173976600170135498e-01 -2.055584043264389038e-01 -2.140178829431533813e-01
1.195366382598876953e+00 -1.239498376846313477e+00 1.224915027618408203e+00 -2.306660711765289307e-01 -2.129003554582595825e-01 -2.101055979728698730e-01
1.190462708473205566e+00 -1.244796395301818848e+00 1.226605892181396484e+00 -2.286699563264846802e-01 -2.140173465013504028e-01 -1.914023756980895996e-01
1.196481943130493164e+00 -1.238072395324707031e+00 1.221988081932067871e+00 -2.418687045574188232e-01 -2.096632122993469238e-01 -2.024462819099426270e-01
1.194604873657226562e+00 -1.235371351242065430e+00 1.217673063278198242e+00 -2.423156499862670898e-01 -2.233358919620513916e-01 -1.861424893140792847e-01
1.189662098884582520e+00 -1.246161460876464844e+00 1.229369759559631348e+00 -2.314481437206268311e-01 -2.138691544532775879e-01 -1.972775757312774658e-01
