1.261794924736022949e+00 -1.263461112976074219e+00 1.211624622344970703e+00 -1.781436800956726074e-01 -2.592346370220184326e-01 -2.240878343582153320e-01
1.261002659797668457e+00 -1.263191819190979004e+00 1.211690902709960938e+00 -1.780817955732345581e-01 -2.591023743152618408e-01 -2.241420447826385498e-01
1.258739113807678223e+00 -1.262563705444335938e+00 1.212012648582458496e+00 -1.780213862657546997e-01 -2.589543759822845459e-01 -2.239773720502853394e-01
1.253172755241394043e+00 -1.260803341865539551e+00 1.212692975997924805e+00 -1.775011271238327026e-01 -2.578573226928710938e-01 -2.248028665781021118e-01
1.239043235778808594e+00 -1.255159020423889160e+00 1.214192986488342285e+00 -1.768057048320770264e-01 -2.561706304550170898e-01 -2.247038334608078003e-01
1.213567852973937988e+00 -1.251067280769348145e+00 1.223541259765625000e+00 -1.771023869514465332e-01 -2.566226422786712646e-01 -2.205896079540252686e-01
1.196863770484924316e+00 -1.244377136230468750e+00 1.219858527183532715e+00 -1.788942217826843262e-01 -2.556818127632141113e-01 -2.198916673660278320e-01
1.197475910186767578e+00 -1.242705821990966797e+00 1.221614241600036621e+00 -1.790784895420074463e-01 -2.516732811927795410e-01 -2.241653650999069214e-01
1.195028662681579590e+00 -1.241252899169921875e+00 1.221065878868103027e+00 -1.804310381412506104e-01 -2.507068812847137451e-01 -2.249483913183212280e-01
1.194167971611022949e+00 -1.239702224731445312e+00 1.219284534454345703e+00 -1.825699806213378906e-01 -2.519483864307403564e-01 -2.235910147428512573e-01
1.197809100151062012e+00 -1.240805745124816895e+00 1.220054984092712402e+00 -1.838756799697875977e-01 -2.514216303825378418e-01 -2.250906378030776978e-01
