1.202984571456909180e+00 -1.224631428718566895e+00 1.157474160194396973e+00 -2.396563738584518433e-01 -2.010710537433624268e-01 -1.535090655088424683e-01
1.202921986579895020e+00 -1.224920749664306641e+00 1.158262968063354492e+00 -2.395094335079193115e-01 -2.009132504463195801e-01 -1.538653224706649780e-01
1.202701807022094727e+00 -1.225549578666687012e+00 1.160189270973205566e+00 -2.392078936100006104e-01 -2.006423771381378174e-01 -1.545635759830474854e-01
1.202275156974792480e+00 -1.227636694908142090e+00 1.166535139083862305e+00 -2.381039708852767944e-01 -1.996258348226547241e-01 -1.571255326271057129e-01
1.200857758522033691e+00 -1.230665445327758789e+00 1.179007887840270996e+00 -2.357461452484130859e-01 -1.963352859020233154e-01 -1.638668477535247803e-01
1.198584556579589844e+00 -1.234263300895690918e+00 1.199115157127380371e+00 -2.353182435035705566e-01 -1.999346017837524414e-01 -1.639473587274551392e-01
1.199826478958129883e+00 -1.239801287651062012e+00 1.214161038398742676e+00 -2.336741685867309570e-01 -1.956736296415328979e-01 -1.718761920928955078e-01
1.196451067924499512e+00 -1.245016694068908691e+00 1.224258422851562500e+00 -2.338097393512725830e-01 -1.947863996028900146e-01 -1.755808293819427490e-01
1.193401813507080078e+00 -1.249085187911987305e+00 1.228237748146057129e+00 -2.338322103023529053e-01 -1.922271847724914551e-01 -1.802908033132553101e-01
1.190131664276123047e+00 -1.248426079750061035e+00 1.229869604110717773e+00 -2.350193262100219727e-01 -1.922943890094757080e-01 -1.809853613376617432e-01
1.190603971481323242e+00 -1.247954726219177246e+00 1.228743314743041992e+00 -2.370941191911697388e-01 -1.937451660633087158e-01 -1.798893809318542480e-01
