1.179657101631164551e+00 -1.094064235687255859e+00 1.074433803558349609e+00 -2.079145908355712891e-01 -2.105790376663208008e-01 -1.896332502365112305e-01
1.180163741111755371e+00 -1.095002532005310059e+00 1.075318098068237305e+00 -2.078208923339843750e-01 -2.108969092369079590e-01 -1.895890235900878906e-01
1.181153774261474609e+00 -1.097949028015136719e+00 1.077950358390808105e+00 -2.074624300003051758e-01 -2.114636600017547607e-01 -1.898360699415206909e-01
1.185074567794799805e+00 -1.104889392852783203e+00 1.083987712860107422e+00 -2.068757265806198120e-01 -2.139127999544143677e-01 -1.893211305141448975e-01
1.194111943244934082e+00 -1.124412417411804199e+00 1.103854298591613770e+00 -2.041811197996139526e-01 -2.189557701349258423e-01 -1.903289556503295898e-01
1.203791379928588867e+00 -1.169561386108398438e+00 1.151383876800537109e+00 -1.955356001853942871e-01 -2.215949594974517822e-01 -1.998531222343444824e-01
1.209751963615417480e+00 -1.205904006958007812e+00 1.183393001556396484e+00 -1.932979226112365723e-01 -2.330671399831771851e-01 -1.984294354915618896e-01
1.215733528137207031e+00 -1.204882979393005371e+00 1.188182830810546875e+00 -1.943851262331008911e-01 -2.322340607643127441e-01 -2.004211544990539551e-01
1.215217351913452148e+00 -1.214043378829956055e+00 1.196958661079406738e+00 -1.934628933668136597e-01 -2.278758585453033447e-01 -2.072501480579376221e-01
1.203500986099243164e+00 -1.224407196044921875e+00 1.209046363830566406e+00 -1.927277892827987671e-01 -2.278965115547180176e-01 -2.100220471620559692e-01
1.206639051437377930e+00 -1.224519014358520508e+00 1.209529995918273926e+00 -1.937988698482513428e-01 -2.283760607242584229e-01 -2.105763405561447144e-01
