1.372684001922607422e+00 -1.442511200904846191e+00 1.426799178123474121e+00 -1.290941387414932251e-01 -2.151637077331542969e-01 -2.978781461715698242e-01
1.370590448379516602e+00 -1.440639257431030273e+00 1.425000786781311035e+00 -1.296125650405883789e-01 -2.154966592788696289e-01 -2.968266010284423828e-01
1.364374160766601562e+00 -1.436226606369018555e+00 1.420861959457397461e+00 -1.308656185865402222e-01 -2.164599746465682983e-01 -2.943117916584014893e-01
1.350246787071228027e+00 -1.419057250022888184e+00 1.403393268585205078e+00 -1.354972124099731445e-01 -2.190026193857192993e-01 -2.850139439105987549e-01
1.311981320381164551e+00 -1.385786175727844238e+00 1.368239402770996094e+00 -1.453027874231338501e-01 -2.244773954153060913e-01 -2.660661935806274414e-01
1.246355175971984863e+00 -1.322197198867797852e+00 1.308072805404663086e+00 -1.627056300640106201e-01 -2.369572669267654419e-01 -2.341308146715164185e-01
1.193314433097839355e+00 -1.274647593498229980e+00 1.251461982727050781e+00 -1.741031855344772339e-01 -2.299328148365020752e-01 -2.174651473760604858e-01
1.187841892242431641e+00 -1.266138792037963867e+00 1.252453565597534180e+00 -1.765896826982498169e-01 -2.326225638389587402e-01 -2.125383019447326660e-01
1.184984803199768066e+00 -1.263730764389038086e+00 1.246138334274291992e+00 -1.804119050502777100e-01 -2.367714345455169678e-01 -2.063471674919128418e-01
1.186845302581787109e+00 -1.260668277740478516e+00 1.242347478866577148e+00 -1.823182404041290283e-01 -2.358269542455673218e-01 -2.068416327238082886e-01
1.188999772071838379e+00 -1.256692051887512207e+00 1.240164637565612793e+00 -1.839510649442672729e-01 -2.345842719078063965e-01 -2.076604962348937988e-01
