1.193706393241882324e+00 -1.248454689979553223e+00 1.003366231918334961e+00 -2.584767937660217285e-01 -2.307932376861572266e-01 -2.632644474506378174e-01
1.193705320358276367e+00 -1.248519659042358398e+00 1.005777716636657715e+00 -2.581895291805267334e-01 -2.311694324016571045e-01 -2.634102404117584229e-01
1.193704843521118164e+00 -1.248757243156433105e+00 1.012728929519653320e+00 -2.577624320983886719e-01 -2.331102639436721802e-01 -2.624784708023071289e-01
1.193557500839233398e+00 -1.248384356498718262e+00 1.030358433723449707e+00 -2.557711899280548096e-01 -2.355963438749313354e-01 -2.638527452945709229e-01
1.191284298896789551e+00 -1.252409696578979492e+00 1.078262686729431152e+00 -2.495493739843368530e-01 -2.423795610666275024e-01 -2.672849893569946289e-01
1.194465517997741699e+00 -1.244538187980651855e+00 1.157751679420471191e+00 -2.443648725748062134e-01 -2.603132724761962891e-01 -2.579512596130371094e-01
1.197965145111083984e+00 -1.233618378639221191e+00 1.203164815902709961e+00 -2.426277548074722290e-01 -2.699690461158752441e-01 -2.547244727611541748e-01
1.202830433845520020e+00 -1.232618689537048340e+00 1.206059098243713379e+00 -2.443516850471496582e-01 -2.715030312538146973e-01 -2.547223865985870361e-01
1.202287316322326660e+00 -1.231889367103576660e+00 1.214772343635559082e+00 -2.453871816396713257e-01 -2.740404605865478516e-01 -2.542304694652557373e-01
1.203199028968811035e+00 -1.231852650642395020e+00 1.215915322303771973e+00 -2.475221753120422363e-01 -2.761584520339965820e-01 -2.524355053901672363e-01
1.201131582260131836e+00 -1.233329534530639648e+00 1.216632485389709473e+00 -2.493968904018402100e-01 -2.768909931182861328e-01 -2.523167729377746582e-01
