1.208297133445739746e+00 -1.209896206855773926e+00 1.196072101593017578e+00 -1.996907740831375122e-01 -2.122125774621963501e-01 -2.275822907686233521e-01
1.208243489265441895e+00 -1.210102438926696777e+00 1.196186184883117676e+00 -1.997149884700775146e-01 -2.123173475265502930e-01 -2.275093793869018555e-01
1.208134770393371582e+00 -1.210651516914367676e+00 1.196428179740905762e+00 -1.997886151075363159e-01 -2.125836908817291260e-01 -2.273219376802444458e-01
1.207837700843811035e+00 -1.211976408958435059e+00 1.197197794914245605e+00 -2.000052183866500854e-01 -2.132423520088195801e-01 -2.269039303064346313e-01
1.205811858177185059e+00 -1.215704917907714844e+00 1.199320077896118164e+00 -2.003313899040222168e-01 -2.146573215723037720e-01 -2.262770235538482666e-01
1.205034852027893066e+00 -1.222972393035888672e+00 1.203844189643859863e+00 -2.012328654527664185e-01 -2.185344398021697998e-01 -2.241006791591644287e-01
1.201626300811767578e+00 -1.227813959121704102e+00 1.208816528320312500e+00 -2.036039531230926514e-01 -2.231050133705139160e-01 -2.198957800865173340e-01
1.195225715637207031e+00 -1.237365961074829102e+00 1.216058015823364258e+00 -2.045675367116928101e-01 -2.265207767486572266e-01 -2.195422649383544922e-01
1.197464108467102051e+00 -1.239646673202514648e+00 1.220040082931518555e+00 -2.062427550554275513e-01 -2.287594676017761230e-01 -2.185544669628143311e-01
1.195700883865356445e+00 -1.241782665252685547e+00 1.219776630401611328e+00 -2.086926400661468506e-01 -2.315233051776885986e-01 -2.159500718116760254e-01
1.192224144935607910e+00 -1.246132016181945801e+00 1.222837567329406738e+00 -2.102583199739456177e-01 -2.321041524410247803e-01 -2.166930437088012695e-01
