1.220626115798950195e+00 -1.403734803199768066e+00 9.941626191139221191e-01 -2.124786823987960815e-01 -1.851122528314590454e-01 -2.236676067113876343e-01
1.220235586166381836e+00 -1.402467966079711914e+00 9.968661665916442871e-01 -2.122923582792282104e-01 -1.853465884923934937e-01 -2.235896587371826172e-01
1.218828797340393066e+00 -1.398902297019958496e+00 1.004702925682067871e+00 -2.115856111049652100e-01 -1.853732019662857056e-01 -2.243173569440841675e-01
1.215956926345825195e+00 -1.390202403068542480e+00 1.024872899055480957e+00 -2.102538347244262695e-01 -1.875617951154708862e-01 -2.234055995941162109e-01
1.205697417259216309e+00 -1.364440560340881348e+00 1.076752901077270508e+00 -2.068755775690078735e-01 -1.930511593818664551e-01 -2.191060930490493774e-01
1.185456871986389160e+00 -1.314402222633361816e+00 1.170788407325744629e+00 -1.988373398780822754e-01 -1.969515979290008545e-01 -2.194952964782714844e-01
1.183455944061279297e+00 -1.275619506835937500e+00 1.224752664566040039e+00 -2.017837911844253540e-01 -2.171811759471893311e-01 -1.956759691238403320e-01
1.185311555862426758e+00 -1.264161467552185059e+00 1.239375829696655273e+00 -2.017503678798675537e-01 -2.176327705383300781e-01 -1.971053183078765869e-01
1.184853911399841309e+00 -1.261944890022277832e+00 1.240714550018310547e+00 -2.031322568655014038e-01 -2.172580808401107788e-01 -1.976739615201950073e-01
1.183857321739196777e+00 -1.260749220848083496e+00 1.240947365760803223e+00 -2.043566405773162842e-01 -2.162781655788421631e-01 -1.987258046865463257e-01
1.184590578079223633e+00 -1.264483451843261719e+00 1.242110848426818848e+00 -2.056818902492523193e-01 -2.156993448734283447e-01 -2.000505179166793823e-01
