1.369981527328491211e+00 -1.089866638183593750e+00 1.185289025306701660e+00 -2.439076304435729980e-01 -2.737967669963836670e-01 -2.677474617958068848e-01
1.368004918098449707e+00 -1.091776609420776367e+00 1.186006188392639160e+00 -2.436707019805908203e-01 -2.737289965152740479e-01 -2.681773006916046143e-01
1.362649083137512207e+00 -1.096797347068786621e+00 1.187962889671325684e+00 -2.431949079036712646e-01 -2.739108800888061523e-01 -2.687711417675018311e-01
1.348315954208374023e+00 -1.110547184944152832e+00 1.192604899406433105e+00 -2.416522204875946045e-01 -2.735590934753417969e-01 -2.714313864707946777e-01
1.309775471687316895e+00 -1.146636247634887695e+00 1.205739498138427734e+00 -2.390957772731781006e-01 -2.751164138317108154e-01 -2.748872935771942139e-01
1.249678492546081543e+00 -1.191014766693115234e+00 1.212999105453491211e+00 -2.408105283975601196e-01 -2.798523008823394775e-01 -2.689429223537445068e-01
1.216016173362731934e+00 -1.228546977043151855e+00 1.216912031173706055e+00 -2.403528094291687012e-01 -2.775844633579254150e-01 -2.740213274955749512e-01
1.193869233131408691e+00 -1.246797919273376465e+00 1.229529142379760742e+00 -2.397683560848236084e-01 -2.797971665859222412e-01 -2.768430411815643311e-01
1.192743897438049316e+00 -1.245995163917541504e+00 1.230390191078186035e+00 -2.421111613512039185e-01 -2.824346423149108887e-01 -2.755781710147857666e-01
1.194041728973388672e+00 -1.247832417488098145e+00 1.231295824050903320e+00 -2.444165647029876709e-01 -2.843836545944213867e-01 -2.752629518508911133e-01
1.191453337669372559e+00 -1.248017191886901855e+00 1.232455968856811523e+00 -2.465071678161621094e-01 -2.859900593757629395e-01 -2.747367620468139648e-01
