1.187924504280090332e+00 -1.410435914993286133e+00 1.055838227272033691e+00 -2.705361247062683105e-01 -2.226232439279556274e-01 -2.476117759943008423e-01
1.187693357467651367e+00 -1.409007668495178223e+00 1.058223128318786621e+00 -2.702341675758361816e-01 -2.226030975580215454e-01 -2.478747814893722534e-01
1.187056779861450195e+00 -1.405216693878173828e+00 1.064691066741943359e+00 -2.695109546184539795e-01 -2.228093743324279785e-01 -2.482315450906753540e-01
1.183569788932800293e+00 -1.394620537757873535e+00 1.082736372947692871e+00 -2.666559219360351562e-01 -2.212037146091461182e-01 -2.519691288471221924e-01
1.180991530418395996e+00 -1.370427966117858887e+00 1.127104759216308594e+00 -2.624228000640869141e-01 -2.249585986137390137e-01 -2.530337274074554443e-01
1.172751545906066895e+00 -1.324797749519348145e+00 1.197171449661254883e+00 -2.533602118492126465e-01 -2.294775843620300293e-01 -2.578864395618438721e-01
1.167183637619018555e+00 -1.289776444435119629e+00 1.253626346588134766e+00 -2.521979510784149170e-01 -2.435635030269622803e-01 -2.448783367872238159e-01
1.169804453849792480e+00 -1.281183242797851562e+00 1.262238502502441406e+00 -2.544099688529968262e-01 -2.467105090618133545e-01 -2.417226731777191162e-01
1.170778393745422363e+00 -1.279131531715393066e+00 1.261427879333496094e+00 -2.556336522102355957e-01 -2.460114061832427979e-01 -2.438594251871109009e-01
1.171024560928344727e+00 -1.274523496627807617e+00 1.261183977127075195e+00 -2.575788497924804688e-01 -2.474702149629592896e-01 -2.422768920660018921e-01
1.172005176544189453e+00 -1.274773001670837402e+00 1.258190035820007324e+00 -2.593987286090850830e-01 -2.477705180644989014e-01 -2.424887716770172119e-01
