1.007962226867675781e+00 -1.107845187187194824e+00 9.866516590118408203e-01 -2.075261324644088745e-01 -1.675131022930145264e-01 -1.627288162708282471e-01
1.010372042655944824e+00 -1.108495473861694336e+00 9.882628321647644043e-01 -2.072599232196807861e-01 -1.677549928426742554e-01 -1.630597859621047974e-01
1.016987323760986328e+00 -1.110084772109985352e+00 9.923379421234130859e-01 -2.064768373966217041e-01 -1.680569350719451904e-01 -1.642655730247497559e-01
1.033290505409240723e+00 -1.116685867309570312e+00 1.005949139595031738e+00 -2.045204639434814453e-01 -1.710355281829833984e-01 -1.655900329351425171e-01
1.079446673393249512e+00 -1.132176637649536133e+00 1.042992115020751953e+00 -1.991534829139709473e-01 -1.797642856836318970e-01 -1.674976944923400879e-01
1.153518915176391602e+00 -1.163943767547607422e+00 1.104132652282714844e+00 -1.921626329421997070e-01 -1.944814771413803101e-01 -1.688181608915328979e-01
1.205443739891052246e+00 -1.173574447631835938e+00 1.149026632308959961e+00 -1.885137110948562622e-01 -2.062925845384597778e-01 -1.681915819644927979e-01
1.228768348693847656e+00 -1.182833075523376465e+00 1.162502050399780273e+00 -1.876702308654785156e-01 -2.055235654115676880e-01 -1.751425862312316895e-01
1.229790329933166504e+00 -1.183821558952331543e+00 1.164274096488952637e+00 -1.890279501676559448e-01 -2.054735124111175537e-01 -1.765798628330230713e-01
1.227176666259765625e+00 -1.186835765838623047e+00 1.165589570999145508e+00 -1.901845633983612061e-01 -2.048425376415252686e-01 -1.781042665243148804e-01
1.228812336921691895e+00 -1.187833070755004883e+00 1.170224547386169434e+00 -1.914218664169311523e-01 -2.060720175504684448e-01 -1.782474219799041748e-01
