1.344012975692749023e+00 -1.169037818908691406e+00 1.148831725120544434e+00 -2.328815013170242310e-01 -2.098418474197387695e-01 -1.845515668392181396e-01
1.342478513717651367e+00 -1.169687628746032715e+00 1.149487018585205078e+00 -2.327653020620346069e-01 -2.097844183444976807e-01 -1.846907287836074829e-01
1.338269472122192383e+00 -1.171440124511718750e+00 1.151176452636718750e+00 -2.324029505252838135e-01 -2.095816135406494141e-01 -1.852099597454071045e-01
1.327382564544677734e+00 -1.175698757171630859e+00 1.155786991119384766e+00 -2.313413023948669434e-01 -2.094193696975708008e-01 -1.860658228397369385e-01
1.297677040100097656e+00 -1.187827229499816895e+00 1.166414022445678711e+00 -2.297224700450897217e-01 -2.085680365562438965e-01 -1.874581575393676758e-01
1.246930837631225586e+00 -1.207452416419982910e+00 1.189119696617126465e+00 -2.262177616357803345e-01 -2.147253155708312988e-01 -1.811025887727737427e-01
1.212971448898315430e+00 -1.221050977706909180e+00 1.202382683753967285e+00 -2.213936746120452881e-01 -2.070447653532028198e-01 -1.973824203014373779e-01
1.207233071327209473e+00 -1.218961238861083984e+00 1.202183842658996582e+00 -2.218030542135238647e-01 -2.072943449020385742e-01 -1.960669755935668945e-01
1.204972147941589355e+00 -1.221915125846862793e+00 1.203194856643676758e+00 -2.220500707626342773e-01 -2.074999809265136719e-01 -1.946404278278350830e-01
1.204252958297729492e+00 -1.223420858383178711e+00 1.205059170722961426e+00 -2.218778878450393677e-01 -2.075418829917907715e-01 -1.937628388404846191e-01
1.203908085823059082e+00 -1.223948717117309570e+00 1.206544995307922363e+00 -2.217648029327392578e-01 -2.070973515510559082e-01 -1.933859288692474365e-01
