1.192416906356811523e+00 -1.161903142929077148e+00 1.177606463432312012e+00 -1.905071586370468140e-01 -2.531560361385345459e-01 -2.244386076927185059e-01
1.192818284034729004e+00 -1.162136912345886230e+00 1.177502393722534180e+00 -1.905534565448760986e-01 -2.532277107238769531e-01 -2.243372499942779541e-01
1.193891763687133789e+00 -1.162827134132385254e+00 1.177283644676208496e+00 -1.906866580247879028e-01 -2.534492611885070801e-01 -2.239808142185211182e-01
1.197107911109924316e+00 -1.164318084716796875e+00 1.176276683807373047e+00 -1.907643526792526245e-01 -2.531547248363494873e-01 -2.243056595325469971e-01
1.203511834144592285e+00 -1.170097470283508301e+00 1.174974560737609863e+00 -1.916877627372741699e-01 -2.549538314342498779e-01 -2.221724539995193481e-01
1.216607332229614258e+00 -1.178796052932739258e+00 1.173477411270141602e+00 -1.916331648826599121e-01 -2.562639713287353516e-01 -2.198694944381713867e-01
1.224551796913146973e+00 -1.183138728141784668e+00 1.168954968452453613e+00 -1.926197856664657593e-01 -2.549545466899871826e-01 -2.220518589019775391e-01
1.228433966636657715e+00 -1.182639598846435547e+00 1.168689727783203125e+00 -1.926247775554656982e-01 -2.542313635349273682e-01 -2.232652753591537476e-01
1.228143930435180664e+00 -1.182625770568847656e+00 1.168940901756286621e+00 -1.921571791172027588e-01 -2.547987997531890869e-01 -2.217731475830078125e-01
1.227920413017272949e+00 -1.183690428733825684e+00 1.167789220809936523e+00 -1.914229393005371094e-01 -2.550184130668640137e-01 -2.204544991254806519e-01
1.226726055145263672e+00 -1.183281302452087402e+00 1.168542265892028809e+00 -1.917427629232406616e-01 -2.551476359367370605e-01 -2.197479009628295898e-01
