1.156598091125488281e+00 -1.419973373413085938e+00 1.124068021774291992e+00 -2.014832198619842529e-01 -2.835935056209564209e-01 -2.033574879169464111e-01
1.157148599624633789e+00 -1.417946934700012207e+00 1.125240445137023926e+00 -2.012089192867279053e-01 -2.835398316383361816e-01 -2.037113010883331299e-01
1.158574938774108887e+00 -1.412378549575805664e+00 1.128390789031982422e+00 -2.004113495349884033e-01 -2.833924591541290283e-01 -2.046335041522979736e-01
1.163048744201660156e+00 -1.396785855293273926e+00 1.136916995048522949e+00 -1.982600986957550049e-01 -2.828598916530609131e-01 -2.069167792797088623e-01
1.172539830207824707e+00 -1.358380436897277832e+00 1.157066702842712402e+00 -1.931377798318862915e-01 -2.810494005680084229e-01 -2.154661267995834351e-01
1.188292860984802246e+00 -1.290822505950927734e+00 1.188986659049987793e+00 -1.818517446517944336e-01 -2.761529684066772461e-01 -2.284652590751647949e-01
1.195902109146118164e+00 -1.246547460556030273e+00 1.215494036674499512e+00 -1.749152094125747681e-01 -2.753221392631530762e-01 -2.319648116827011108e-01
1.194353938102722168e+00 -1.241410851478576660e+00 1.219858169555664062e+00 -1.752494722604751587e-01 -2.763841748237609863e-01 -2.304251492023468018e-01
1.196902275085449219e+00 -1.236997723579406738e+00 1.221878647804260254e+00 -1.752897799015045166e-01 -2.771433293819427490e-01 -2.300647348165512085e-01
1.198369145393371582e+00 -1.235182046890258789e+00 1.221362352371215820e+00 -1.753330677747726440e-01 -2.761513888835906982e-01 -2.315481901168823242e-01
1.197707056999206543e+00 -1.235569596290588379e+00 1.219883203506469727e+00 -1.749869734048843384e-01 -2.757697701454162598e-01 -2.309945374727249146e-01
