9.305213689804077148e-01 -1.311491370201110840e+00 1.229242444038391113e+00 -1.576166152954101562e-01 -2.144285142421722412e-01 -1.595901846885681152e-01
9.333838224411010742e-01 -1.310834527015686035e+00 1.229267716407775879e+00 -1.574011743068695068e-01 -2.141079902648925781e-01 -1.601547598838806152e-01
9.411875605583190918e-01 -1.309057950973510742e+00 1.229390263557434082e+00 -1.567503809928894043e-01 -2.132095247507095337e-01 -1.617550551891326904e-01
9.625493884086608887e-01 -1.303891897201538086e+00 1.229496717453002930e+00 -1.557109653949737549e-01 -2.121131420135498047e-01 -1.635515987873077393e-01
1.016628384590148926e+00 -1.291083455085754395e+00 1.229175567626953125e+00 -1.510301977396011353e-01 -2.054851502180099487e-01 -1.748202294111251831e-01
1.114970088005065918e+00 -1.262154936790466309e+00 1.224482893943786621e+00 -1.479070186614990234e-01 -2.008652091026306152e-01 -1.803442835807800293e-01
1.181485056877136230e+00 -1.240872263908386230e+00 1.217321038246154785e+00 -1.439695507287979126e-01 -1.911014169454574585e-01 -1.940512657165527344e-01
1.194700479507446289e+00 -1.238017559051513672e+00 1.218483090400695801e+00 -1.438458263874053955e-01 -1.917014122009277344e-01 -1.932912170886993408e-01
1.194515585899353027e+00 -1.238983869552612305e+00 1.219633221626281738e+00 -1.432665139436721802e-01 -1.934407949447631836e-01 -1.916530579328536987e-01
1.196102499961853027e+00 -1.238077521324157715e+00 1.219749093055725098e+00 -1.433282494544982910e-01 -1.933734863996505737e-01 -1.918371468782424927e-01
1.196251630783081055e+00 -1.237389922142028809e+00 1.219266891479492188e+00 -1.434600353240966797e-01 -1.928535699844360352e-01 -1.918177753686904907e-01
