1.224487185478210449e+00 -1.298316001892089844e+00 1.193121075630187988e+00 -3.241730928421020508e-01 -2.321449667215347290e-01 -2.226268053054809570e-01
1.194568634033203125e+00 -1.236918568611145020e+00 1.220189571380615234e+00 -3.144055902957916260e-01 -2.295501083135604858e-01 -2.165998220443725586e-01
1.186951875686645508e+00 -1.250576853752136230e+00 1.233527421951293945e+00 -3.097221553325653076e-01 -2.107100337743759155e-01 -2.216921746730804443e-01
1.194676876068115234e+00 -1.238756418228149414e+00 1.221772670745849609e+00 -3.086721301078796387e-01 -2.050250768661499023e-01 -2.251138687133789062e-01
1.198345184326171875e+00 -1.231261491775512695e+00 1.214674830436706543e+00 -3.056878447532653809e-01 -2.108348608016967773e-01 -2.003243863582611084e-01
1.190512776374816895e+00 -1.245016098022460938e+00 1.226815581321716309e+00 -3.054328262805938721e-01 -2.241024821996688843e-01 -2.290026992559432983e-01
1.195519447326660156e+00 -1.237240552902221680e+00 1.220026254653930664e+00 -3.081147670745849609e-01 -2.187915444374084473e-01 -2.066340893507003784e-01
1.197145342826843262e+00 -1.234681367874145508e+00 1.218369126319885254e+00 -3.138744533061981201e-01 -2.239994406700134277e-01 -2.171527296304702759e-01
1.186619520187377930e+00 -1.251317977905273438e+00 1.233096361160278320e+00 -3.202686905860900879e-01 -2.135596126317977905e-01 -2.248506098985671997e-01
1.192658185958862305e+00 -1.238752245903015137e+00 1.221755862236022949e+00 -3.111147284507751465e-01 -2.238854914903640747e-01 -2.093846946954727173e-01
1.188539028167724609e+00 -1.245397210121154785e+00 1.228395819664001465e+00 -3.072530031204223633e-01 -2.235223352909088135e-01 -2.158921211957931519e-01
