1.119029879570007324e+00 -1.268483877182006836e+00 1.185409545898437500e+00 -1.704598963260650635e-01 -2.211711406707763672e-01 -2.207535654306411743e-01
1.196452260017395020e+00 -1.235334157943725586e+00 1.219624042510986328e+00 -1.680206358432769775e-01 -2.324887663125991821e-01 -1.993685811758041382e-01
1.238916754722595215e+00 -1.167777895927429199e+00 1.151663899421691895e+00 -1.754599660634994507e-01 -2.426132708787918091e-01 -1.945578604936599731e-01
1.228332757949829102e+00 -1.185694813728332520e+00 1.169707536697387695e+00 -1.739786416292190552e-01 -2.418307662010192871e-01 -2.080581486225128174e-01
1.219243526458740234e+00 -1.201580882072448730e+00 1.188592076301574707e+00 -1.576058119535446167e-01 -2.392779886722564697e-01 -2.092887759208679199e-01
1.220502734184265137e+00 -1.199223279953002930e+00 1.183925390243530273e+00 -1.534628421068191528e-01 -2.311561703681945801e-01 -1.858892142772674561e-01
1.193281650543212891e+00 -1.240054845809936523e+00 1.223446488380432129e+00 -1.530654132366180420e-01 -2.354941815137863159e-01 -2.093043327331542969e-01
1.182945489883422852e+00 -1.254162430763244629e+00 1.238543629646301270e+00 -1.625465303659439087e-01 -2.380016595125198364e-01 -2.170474976301193237e-01
1.194564461708068848e+00 -1.236851692199707031e+00 1.220588326454162598e+00 -1.709080785512924194e-01 -2.381841540336608887e-01 -2.111700326204299927e-01
1.210893154144287109e+00 -1.212160110473632812e+00 1.195929288864135742e+00 -1.771685481071472168e-01 -2.351446151733398438e-01 -1.968907415866851807e-01
1.191799521446228027e+00 -1.240249156951904297e+00 1.224469304084777832e+00 -1.637138128280639648e-01 -2.331520169973373413e-01 -2.087038606405258179e-01
