1.454912066459655762e+00 -1.234730601310729980e+00 1.219377994537353516e+00 -2.324199676513671875e-01 -2.725076377391815186e-01 -2.942447662353515625e-01
1.279083609580993652e+00 -1.105986833572387695e+00 1.082139849662780762e+00 -2.574668526649475098e-01 -2.720772027969360352e-01 -2.633149027824401855e-01
1.272548556327819824e+00 -1.126804113388061523e+00 1.091499209403991699e+00 -2.672809362411499023e-01 -2.593536078929901123e-01 -2.292694449424743652e-01
1.266671299934387207e+00 -1.133301377296447754e+00 1.115886449813842773e+00 -2.504221796989440918e-01 -2.876275181770324707e-01 -2.497969716787338257e-01
1.264097213745117188e+00 -1.127249121665954590e+00 1.106396317481994629e+00 -2.456587553024291992e-01 -2.874303758144378662e-01 -2.444735020399093628e-01
1.268501043319702148e+00 -1.123568058013916016e+00 1.105563640594482422e+00 -2.646236419677734375e-01 -2.799662649631500244e-01 -2.387158423662185669e-01
1.287860035896301270e+00 -1.087343215942382812e+00 1.067061424255371094e+00 -2.483769059181213379e-01 -2.603296339511871338e-01 -2.397487163543701172e-01
1.293599605560302734e+00 -1.075588822364807129e+00 1.057369112968444824e+00 -2.497297972440719604e-01 -2.646619975566864014e-01 -2.301301360130310059e-01
1.285141944885253906e+00 -1.091447353363037109e+00 1.071850180625915527e+00 -2.524891495704650879e-01 -2.661429047584533691e-01 -2.409420758485794067e-01
1.270249366760253906e+00 -1.119821310043334961e+00 1.100690603256225586e+00 -2.569738328456878662e-01 -2.845269441604614258e-01 -2.434014976024627686e-01
1.281254410743713379e+00 -1.098359942436218262e+00 1.079168558120727539e+00 -2.592650651931762695e-01 -2.767746448516845703e-01 -2.511786818504333496e-01
