1.264348864555358887e+00 -1.222053408622741699e+00 1.315786838531494141e+00 -2.507871389389038086e-01 -2.506631910800933838e-01 -2.021856606006622314e-01
1.178804039955139160e+00 -1.259198307991027832e+00 1.236973762512207031e+00 -2.647571265697479248e-01 -2.486069053411483765e-01 -1.931038498878479004e-01
1.205230712890625000e+00 -1.222545146942138672e+00 1.206326842308044434e+00 -2.559283971786499023e-01 -2.166883200407028198e-01 -1.796716153621673584e-01
1.220381021499633789e+00 -1.200878977775573730e+00 1.186984181404113770e+00 -2.707365751266479492e-01 -2.035569995641708374e-01 -1.528464853763580322e-01
1.214859247207641602e+00 -1.206503391265869141e+00 1.189936399459838867e+00 -2.731116116046905518e-01 -2.189968824386596680e-01 -1.682224273681640625e-01
1.185034275054931641e+00 -1.253315210342407227e+00 1.232800245285034180e+00 -2.687393426895141602e-01 -2.258743494749069214e-01 -2.059615403413772583e-01
1.171809673309326172e+00 -1.272936820983886719e+00 1.249374508857727051e+00 -2.664050161838531494e-01 -2.359806001186370850e-01 -2.084845304489135742e-01
1.172225832939147949e+00 -1.271845221519470215e+00 1.249170541763305664e+00 -2.633955478668212891e-01 -2.478048205375671387e-01 -1.952914297580718994e-01
1.158091902732849121e+00 -1.289674997329711914e+00 1.262970089912414551e+00 -2.617867290973663330e-01 -2.593699693679809570e-01 -2.067363858222961426e-01
1.174529671669006348e+00 -1.266958117485046387e+00 1.245782017707824707e+00 -2.642101645469665527e-01 -2.563622593879699707e-01 -1.949908286333084106e-01
1.169354319572448730e+00 -1.273999094963073730e+00 1.248189091682434082e+00 -2.699974477291107178e-01 -2.522892355918884277e-01 -2.012954205274581909e-01
