1.200691342353820801e+00 -1.233839154243469238e+00 1.170480489730834961e+00 -2.877948880195617676e-01 -1.661328673362731934e-01 -2.666164636611938477e-01
1.207258939743041992e+00 -1.221238970756530762e+00 1.199490070343017578e+00 -2.939766645431518555e-01 -1.944396495819091797e-01 -2.258873581886291504e-01
1.215974926948547363e+00 -1.200056672096252441e+00 1.184056997299194336e+00 -3.465253114700317383e-01 -2.444459944963455200e-01 -1.899192482233047485e-01
1.205551743507385254e+00 -1.222626090049743652e+00 1.202746272087097168e+00 -3.061880767345428467e-01 -2.186681777238845825e-01 -2.157595902681350708e-01
1.206384658813476562e+00 -1.221358060836791992e+00 1.202620983123779297e+00 -3.073773384094238281e-01 -2.094184458255767822e-01 -2.134044915437698364e-01
1.187225818634033203e+00 -1.250097990036010742e+00 1.231057286262512207e+00 -3.053706288337707520e-01 -2.178831100463867188e-01 -2.197590917348861694e-01
1.176169753074645996e+00 -1.264480233192443848e+00 1.243927836418151855e+00 -2.938719391822814941e-01 -2.125781178474426270e-01 -2.276924848556518555e-01
1.179998159408569336e+00 -1.261162400245666504e+00 1.240581631660461426e+00 -2.958650290966033936e-01 -2.161954641342163086e-01 -2.392790019512176514e-01
1.191153287887573242e+00 -1.245591878890991211e+00 1.224910378456115723e+00 -2.931954860687255859e-01 -2.118226885795593262e-01 -2.334100455045700073e-01
1.185905694961547852e+00 -1.251849770545959473e+00 1.231547832489013672e+00 -2.998609542846679688e-01 -2.020708173513412476e-01 -2.297126650810241699e-01
1.201182484626770020e+00 -1.230796456336975098e+00 1.207594871520996094e+00 -3.002648353576660156e-01 -2.001186609268188477e-01 -2.224168628454208374e-01
