1.256868720054626465e+00 -1.290618896484375000e+00 1.397852540016174316e+00 -1.942865997552871704e-01 -2.421395331621170044e-01 -2.323889136314392090e-01
1.173245549201965332e+00 -1.267645835876464844e+00 1.249068140983581543e+00 -2.235677391290664673e-01 -2.365765571594238281e-01 -2.082030326128005981e-01
1.274959325790405273e+00 -1.110507726669311523e+00 1.087033033370971680e+00 -2.478023022413253784e-01 -1.944841593503952026e-01 -2.129162549972534180e-01
1.140902757644653320e+00 -1.313743591308593750e+00 1.294811367988586426e+00 -2.268655449151992798e-01 -2.337175160646438599e-01 -2.135128080844879150e-01
1.176861286163330078e+00 -1.262244224548339844e+00 1.242795467376708984e+00 -2.267709821462631226e-01 -2.303916364908218384e-01 -1.978001296520233154e-01
1.180379629135131836e+00 -1.257905840873718262e+00 1.240524530410766602e+00 -2.281116545200347900e-01 -2.303053140640258789e-01 -1.999315768480300903e-01
1.181989431381225586e+00 -1.255064964294433594e+00 1.237673997879028320e+00 -2.178829908370971680e-01 -2.375514209270477295e-01 -2.062155008316040039e-01
1.103378057479858398e+00 -1.366119503974914551e+00 1.346233010292053223e+00 -1.957497000694274902e-01 -2.419387400150299072e-01 -2.339805662631988525e-01
1.174317240715026855e+00 -1.266260981559753418e+00 1.246750950813293457e+00 -2.253325134515762329e-01 -2.336143255233764648e-01 -2.071410119533538818e-01
1.228490829467773438e+00 -1.183876633644104004e+00 1.163214087486267090e+00 -2.308719158172607422e-01 -2.205745428800582886e-01 -1.980206221342086792e-01
1.239777445793151855e+00 -1.163185000419616699e+00 1.144802570343017578e+00 -2.349258512258529663e-01 -2.310432195663452148e-01 -1.887543052434921265e-01
