1.316552162170410156e+00 -1.083938717842102051e+00 1.200700640678405762e+00 -2.086298167705535889e-01 -2.231976091861724854e-01 -2.423889636993408203e-01
1.258306264877319336e+00 -1.136463642120361328e+00 1.118855714797973633e+00 -2.229710817337036133e-01 -2.399967461824417114e-01 -2.024646103382110596e-01
1.236011385917663574e+00 -1.174654603004455566e+00 1.152149438858032227e+00 -2.231011539697647095e-01 -2.613043785095214844e-01 -2.201283276081085205e-01
1.262228369712829590e+00 -1.129601597785949707e+00 1.108302354812622070e+00 -2.461906820535659790e-01 -2.202369123697280884e-01 -2.031145691871643066e-01
1.277502179145812988e+00 -1.103113770484924316e+00 1.082377791404724121e+00 -2.314337342977523804e-01 -2.123760282993316650e-01 -1.874375194311141968e-01
1.296957135200500488e+00 -1.073002219200134277e+00 1.052215218544006348e+00 -2.251389771699905396e-01 -2.100683450698852539e-01 -1.876942217350006104e-01
1.302286744117736816e+00 -1.059409499168395996e+00 1.040686011314392090e+00 -2.285514473915100098e-01 -2.159870862960815430e-01 -1.782388240098953247e-01
1.281931877136230469e+00 -1.094549655914306641e+00 1.076675772666931152e+00 -2.220391482114791870e-01 -2.284518629312515259e-01 -1.912697404623031616e-01
1.283453464508056641e+00 -1.092242717742919922e+00 1.073737978935241699e+00 -2.275830805301666260e-01 -2.332103252410888672e-01 -1.833406984806060791e-01
1.263620018959045410e+00 -1.127710342407226562e+00 1.107272982597351074e+00 -2.237210869789123535e-01 -2.374036312103271484e-01 -2.027689665555953979e-01
1.265114188194274902e+00 -1.123951077461242676e+00 1.104015707969665527e+00 -2.227764427661895752e-01 -2.356866002082824707e-01 -2.092138975858688354e-01
