1.142824411392211914e+00 -1.154699921607971191e+00 1.280874490737915039e+00 -2.276998758316040039e-01 -2.277992665767669678e-01 -1.767329275608062744e-01
1.225977063179016113e+00 -1.191933035850524902e+00 1.173841476440429688e+00 -2.346524000167846680e-01 -2.108720391988754272e-01 -1.857464164495468140e-01
1.174988031387329102e+00 -1.266078829765319824e+00 1.246150016784667969e+00 -2.185743898153305054e-01 -1.978062540292739868e-01 -1.831483989953994751e-01
1.206712603569030762e+00 -1.220137000083923340e+00 1.199298143386840820e+00 -2.526873946189880371e-01 -1.935921609401702881e-01 -1.811790317296981812e-01
1.217450261116027832e+00 -1.203017592430114746e+00 1.183611750602722168e+00 -2.399582713842391968e-01 -1.934348195791244507e-01 -1.691478788852691650e-01
1.227938413619995117e+00 -1.184881687164306641e+00 1.165236353874206543e+00 -2.640242278575897217e-01 -2.080988287925720215e-01 -1.712470650672912598e-01
1.218578219413757324e+00 -1.199534177780151367e+00 1.180806398391723633e+00 -2.522568106651306152e-01 -2.088469266891479492e-01 -1.745359003543853760e-01
1.215131282806396484e+00 -1.204928636550903320e+00 1.186482310295104980e+00 -2.431025952100753784e-01 -2.124710828065872192e-01 -1.708187013864517212e-01
1.218599796295166016e+00 -1.201671481132507324e+00 1.184364676475524902e+00 -2.363191395998001099e-01 -2.125631570816040039e-01 -1.987615972757339478e-01
1.223315000534057617e+00 -1.193798661231994629e+00 1.175015687942504883e+00 -2.440176904201507568e-01 -2.110919058322906494e-01 -1.790537387132644653e-01
1.224727749824523926e+00 -1.191084384918212891e+00 1.173683762550354004e+00 -2.368772327899932861e-01 -2.079792320728302002e-01 -1.867101490497589111e-01
