1.166556715965270996e+00 -1.178581357002258301e+00 1.222850441932678223e+00 -1.968089640140533447e-01 -1.966831535100936890e-01 -1.588769555091857910e-01
1.197946190834045410e+00 -1.231532216072082520e+00 1.213540911674499512e+00 -1.892052590847015381e-01 -1.898197233676910400e-01 -1.733678132295608521e-01
1.033733010292053223e+00 -1.455967426300048828e+00 1.439751982688903809e+00 -1.452463567256927490e-01 -2.271050810813903809e-01 -1.906834989786148071e-01
1.199351906776428223e+00 -1.228276014328002930e+00 1.208618044853210449e+00 -1.879395693540573120e-01 -2.106349021196365356e-01 -1.958564221858978271e-01
1.202910423278808594e+00 -1.226495385169982910e+00 1.210492968559265137e+00 -1.835799217224121094e-01 -2.093110978603363037e-01 -1.911434829235076904e-01
1.200506687164306641e+00 -1.226639032363891602e+00 1.206601977348327637e+00 -1.895914077758789062e-01 -1.832147091627120972e-01 -1.842701882123947144e-01
1.201261997222900391e+00 -1.228251814842224121e+00 1.211597800254821777e+00 -1.950141489505767822e-01 -1.982514411211013794e-01 -1.790488958358764648e-01
1.201579689979553223e+00 -1.226102352142333984e+00 1.207832813262939453e+00 -1.996634751558303833e-01 -1.900782585144042969e-01 -1.748329401016235352e-01
1.198836445808410645e+00 -1.229778289794921875e+00 1.214507460594177246e+00 -2.007476538419723511e-01 -1.908288300037384033e-01 -1.686048358678817749e-01
1.201389074325561523e+00 -1.225971817970275879e+00 1.208921670913696289e+00 -2.010034024715423584e-01 -1.962566375732421875e-01 -1.834209859371185303e-01
1.206502795219421387e+00 -1.216485977172851562e+00 1.197769165039062500e+00 -1.985235065221786499e-01 -1.950356364250183105e-01 -1.811666935682296753e-01
