1.170309066772460938e+00 -1.186395764350891113e+00 1.279545426368713379e+00 -1.966241300106048584e-01 -2.274737060070037842e-01 -1.955063641071319580e-01
1.213925957679748535e+00 -1.206820726394653320e+00 1.190609931945800781e+00 -2.065777033567428589e-01 -2.209769934415817261e-01 -1.886718720197677612e-01
1.207788944244384766e+00 -1.217320084571838379e+00 1.200724720954895020e+00 -2.160597443580627441e-01 -2.306306213140487671e-01 -2.067240327596664429e-01
1.211171150207519531e+00 -1.211170077323913574e+00 1.194141745567321777e+00 -2.158498764038085938e-01 -2.253099381923675537e-01 -2.013544440269470215e-01
1.209578156471252441e+00 -1.211880445480346680e+00 1.192163348197937012e+00 -1.931141465902328491e-01 -2.190481126308441162e-01 -2.050304114818572998e-01
1.209476232528686523e+00 -1.213791370391845703e+00 1.195795416831970215e+00 -1.885898262262344360e-01 -2.219785302877426147e-01 -1.972181499004364014e-01
1.220656752586364746e+00 -1.198299765586853027e+00 1.181859731674194336e+00 -1.858173310756683350e-01 -2.081889063119888306e-01 -1.871380805969238281e-01
1.209881782531738281e+00 -1.214787960052490234e+00 1.195814609527587891e+00 -1.853898912668228149e-01 -2.151058614253997803e-01 -2.029305994510650635e-01
1.205430388450622559e+00 -1.220676064491271973e+00 1.203418016433715820e+00 -1.937784105539321899e-01 -2.193098664283752441e-01 -2.009791433811187744e-01
1.216673254966735840e+00 -1.204071760177612305e+00 1.187525868415832520e+00 -1.967375427484512329e-01 -2.167058885097503662e-01 -1.883811056613922119e-01
1.209119915962219238e+00 -1.214349031448364258e+00 1.196776866912841797e+00 -2.088469117879867554e-01 -2.152166664600372314e-01 -2.019977420568466187e-01
