1.209612846374511719e+00 -1.186804533004760742e+00 1.193998813629150391e+00 -2.066987752914428711e-01 -2.637819647789001465e-01 -2.035457491874694824e-01
1.215017795562744141e+00 -1.206817269325256348e+00 1.193107485771179199e+00 -2.031094729900360107e-01 -2.619915008544921875e-01 -2.107110619544982910e-01
1.231529831886291504e+00 -1.182455420494079590e+00 1.170485138893127441e+00 -2.007769793272018433e-01 -2.732648551464080811e-01 -2.191566377878189087e-01
1.207051634788513184e+00 -1.219231009483337402e+00 1.206216812133789062e+00 -2.031597197055816650e-01 -2.674672603607177734e-01 -2.161464989185333252e-01
1.218319177627563477e+00 -1.200897812843322754e+00 1.185248374938964844e+00 -2.126302421092987061e-01 -2.493294328451156616e-01 -2.134559303522109985e-01
1.210043430328369141e+00 -1.213638424873352051e+00 1.197351336479187012e+00 -2.121153622865676880e-01 -2.532452046871185303e-01 -2.140783965587615967e-01
1.214895129203796387e+00 -1.207374691963195801e+00 1.187042593955993652e+00 -2.388831079006195068e-01 -2.785017490386962891e-01 -2.366429865360260010e-01
1.219438195228576660e+00 -1.199671387672424316e+00 1.185253381729125977e+00 -2.207131534814834595e-01 -2.781476974487304688e-01 -2.176112830638885498e-01
1.219390034675598145e+00 -1.200021266937255859e+00 1.185000061988830566e+00 -2.114282250404357910e-01 -2.596309185028076172e-01 -2.244439721107482910e-01
1.218052625656127930e+00 -1.201152920722961426e+00 1.186600923538208008e+00 -2.073819786310195923e-01 -2.600890696048736572e-01 -2.193413972854614258e-01
1.218497037887573242e+00 -1.202357411384582520e+00 1.190323472023010254e+00 -2.025931775569915771e-01 -2.641063630580902100e-01 -2.118833214044570923e-01
