1.088227033615112305e+00 -1.112920045852661133e+00 1.132778644561767578e+00 -2.218141704797744751e-01 -1.964061558246612549e-01 -2.157954871654510498e-01
1.205984950065612793e+00 -1.219879150390625000e+00 1.203020215034484863e+00 -2.232944667339324951e-01 -2.236584573984146118e-01 -2.003782689571380615e-01
9.867235422134399414e-01 -1.349316596984863281e+00 1.208633780479431152e+00 -1.679778844118118286e-01 -1.514991968870162964e-01 -2.196503281593322754e-01
1.208887457847595215e+00 -1.215731620788574219e+00 1.196682333946228027e+00 -2.203898131847381592e-01 -2.322655916213989258e-01 -2.020615339279174805e-01
1.201458930969238281e+00 -1.225273013114929199e+00 1.205799818038940430e+00 -1.868391931056976318e-01 -2.390960305929183960e-01 -1.843155622482299805e-01
1.202088356018066406e+00 -1.223841667175292969e+00 1.205909729003906250e+00 -1.957310289144515991e-01 -2.419925481081008911e-01 -1.914300918579101562e-01
1.203923106193542480e+00 -1.221831679344177246e+00 1.205246210098266602e+00 -2.053440660238265991e-01 -2.443706244230270386e-01 -1.981521695852279663e-01
1.204935431480407715e+00 -1.222131252288818359e+00 1.205459833145141602e+00 -2.017580568790435791e-01 -2.313771247863769531e-01 -2.118608057498931885e-01
1.208207368850708008e+00 -1.218032717704772949e+00 1.200775623321533203e+00 -2.012822031974792480e-01 -2.350190281867980957e-01 -2.094997167587280273e-01
1.204355239868164062e+00 -1.221581697463989258e+00 1.203747868537902832e+00 -2.102921307086944580e-01 -2.329624891281127930e-01 -2.031855285167694092e-01
1.204694032669067383e+00 -1.221787452697753906e+00 1.204282283782958984e+00 -2.071510404348373413e-01 -2.399433851242065430e-01 -1.981822997331619263e-01
