1.236508369445800781e+00 -1.176019191741943359e+00 1.175667405128479004e+00 -2.135144323110580444e-01 -2.658523321151733398e-01 -2.262612134218215942e-01
1.240709424018859863e+00 -1.198527455329895020e+00 1.112952589988708496e+00 -2.268096655607223511e-01 -2.706095278263092041e-01 -2.130326926708221436e-01
1.239316105842590332e+00 -1.215833902359008789e+00 1.072734832763671875e+00 -2.327420711517333984e-01 -2.635764777660369873e-01 -2.190715670585632324e-01
1.231226563453674316e+00 -1.234292149543762207e+00 1.044635653495788574e+00 -2.379413545131683350e-01 -2.629684209823608398e-01 -2.179523408412933350e-01
1.221660614013671875e+00 -1.240701317787170410e+00 1.033088326454162598e+00 -2.407572418451309204e-01 -2.634812593460083008e-01 -2.155473083257675171e-01
1.219971776008605957e+00 -1.242974638938903809e+00 1.029291033744812012e+00 -2.424156516790390015e-01 -2.642498016357421875e-01 -2.143958508968353271e-01
1.218322277069091797e+00 -1.243897080421447754e+00 1.026457905769348145e+00 -2.440240234136581421e-01 -2.648373246192932129e-01 -2.134213745594024658e-01
1.219032526016235352e+00 -1.244325637817382812e+00 1.025806427001953125e+00 -2.453791797161102295e-01 -2.659547924995422363e-01 -2.122775018215179443e-01
1.218532919883728027e+00 -1.244855284690856934e+00 1.024926066398620605e+00 -2.466255128383636475e-01 -2.665025889873504639e-01 -2.113309651613235474e-01
1.217925190925598145e+00 -1.243996977806091309e+00 1.023833513259887695e+00 -2.480120509862899780e-01 -2.678310871124267578e-01 -2.094509154558181763e-01
