1.228539109230041504e+00 -1.193738579750061035e+00 1.173459410667419434e+00 -2.166928201913833618e-01 -2.248786538839340210e-01 -2.007667571306228638e-01
1.246192097663879395e+00 -1.180200934410095215e+00 1.194325566291809082e+00 -2.163382619619369507e-01 -2.287806123495101929e-01 -1.991966664791107178e-01
1.250602006912231445e+00 -1.176701545715332031e+00 1.199148297309875488e+00 -2.168901711702346802e-01 -2.303159236907958984e-01 -1.985002458095550537e-01
1.251435399055480957e+00 -1.176063537597656250e+00 1.198710560798645020e+00 -2.176506072282791138e-01 -2.303838282823562622e-01 -1.986945867538452148e-01
1.252402663230895996e+00 -1.176052689552307129e+00 1.197293043136596680e+00 -2.185362875461578369e-01 -2.304745316505432129e-01 -1.988138854503631592e-01
1.253245592117309570e+00 -1.175721645355224609e+00 1.196099042892456055e+00 -2.195468544960021973e-01 -2.309090644121170044e-01 -1.983280926942825317e-01
1.253314137458801270e+00 -1.175838232040405273e+00 1.194208860397338867e+00 -2.205294072628021240e-01 -2.312213182449340820e-01 -1.979990005493164062e-01
1.255056023597717285e+00 -1.176620364189147949e+00 1.192708730697631836e+00 -2.213905900716781616e-01 -2.311384379863739014e-01 -1.985147297382354736e-01
1.254407525062561035e+00 -1.176835656166076660e+00 1.190566182136535645e+00 -2.225236445665359497e-01 -2.318507581949234009e-01 -1.979240477085113525e-01
1.255647301673889160e+00 -1.177176952362060547e+00 1.189608812332153320e+00 -2.233126759529113770e-01 -2.319473028182983398e-01 -1.982571333646774292e-01
