1.212307453155517578e+00 -1.203287005424499512e+00 1.186053037643432617e+00 -2.201866209506988525e-01 -2.957727611064910889e-01 -2.464297413825988770e-01
1.351763486862182617e+00 -1.166160941123962402e+00 1.129021406173706055e+00 -2.284244745969772339e-01 -2.925066947937011719e-01 -2.431449592113494873e-01
1.377693533897399902e+00 -1.210786700248718262e+00 9.821007847785949707e-01 -2.476839274168014526e-01 -2.836461365222930908e-01 -2.319306433200836182e-01
1.318270683288574219e+00 -1.348219752311706543e+00 9.461228251457214355e-01 -2.489461600780487061e-01 -2.748503386974334717e-01 -2.568404972553253174e-01
1.177030205726623535e+00 -1.387292385101318359e+00 1.013591885566711426e+00 -2.341952919960021973e-01 -2.660672366619110107e-01 -2.706531882286071777e-01
1.147163629531860352e+00 -1.346518874168395996e+00 1.169970512390136719e+00 -2.089215815067291260e-01 -2.694628536701202393e-01 -2.926469147205352783e-01
1.198189139366149902e+00 -1.191194295883178711e+00 1.201692104339599609e+00 -2.198111861944198608e-01 -2.899933159351348877e-01 -2.472171187400817871e-01
1.359313368797302246e+00 -1.156156897544860840e+00 1.145050525665283203e+00 -2.291012257337570190e-01 -2.880227565765380859e-01 -2.450840771198272705e-01
1.384759068489074707e+00 -1.197583913803100586e+00 9.755964875221252441e-01 -2.487088590860366821e-01 -2.808662950992584229e-01 -2.253952026367187500e-01
1.331452250480651855e+00 -1.348320960998535156e+00 9.285331368446350098e-01 -2.504475712776184082e-01 -2.810388207435607910e-01 -2.412511110305786133e-01
