1.199640393257141113e+00 -1.219809293746948242e+00 1.198203921318054199e+00 -2.161658704280853271e-01 -1.983449757099151611e-01 -1.949178129434585571e-01
1.198537349700927734e+00 -1.189945220947265625e+00 1.194326162338256836e+00 -2.172895073890686035e-01 -1.968118101358413696e-01 -1.921088695526123047e-01
1.236578345298767090e+00 -1.181900024414062500e+00 1.184615850448608398e+00 -2.201982885599136353e-01 -1.991676092147827148e-01 -1.885580271482467651e-01
1.241080641746520996e+00 -1.195965051651000977e+00 1.155033707618713379e+00 -2.250321507453918457e-01 -1.984997987747192383e-01 -1.865324676036834717e-01
1.236007213592529297e+00 -1.209008812904357910e+00 1.140542984008789062e+00 -2.274162471294403076e-01 -1.969561576843261719e-01 -1.883147656917572021e-01
1.228485465049743652e+00 -1.215238451957702637e+00 1.132719874382019043e+00 -2.292219400405883789e-01 -1.952538639307022095e-01 -1.899287998676300049e-01
1.223827481269836426e+00 -1.217793941497802734e+00 1.132696628570556641e+00 -2.308371812105178833e-01 -1.967571526765823364e-01 -1.891253590583801270e-01
1.221414923667907715e+00 -1.218148112297058105e+00 1.134196400642395020e+00 -2.322841286659240723e-01 -1.980871856212615967e-01 -1.884257942438125610e-01
1.220546364784240723e+00 -1.218216538429260254e+00 1.135802626609802246e+00 -2.336466014385223389e-01 -1.997146308422088623e-01 -1.874893754720687866e-01
1.219358682632446289e+00 -1.217288494110107422e+00 1.140516638755798340e+00 -2.348459064960479736e-01 -2.012678086757659912e-01 -1.869088411331176758e-01
