1.130239129066467285e+00 -1.310433268547058105e+00 1.287566900253295898e+00 -1.763186454772949219e-01 -2.437242716550827026e-01 -2.157362550497055054e-01
1.018206715583801270e+00 -1.416486501693725586e+00 1.204233050346374512e+00 -1.703389137983322144e-01 -2.148010134696960449e-01 -2.435880154371261597e-01
9.423362016677856445e-01 -1.393263936042785645e+00 1.218069672584533691e+00 -1.716179251670837402e-01 -2.189781665802001953e-01 -2.355118989944458008e-01
9.632185697555541992e-01 -1.361695051193237305e+00 1.272702693939208984e+00 -1.721179038286209106e-01 -2.317686527967453003e-01 -2.268398404121398926e-01
9.754442572593688965e-01 -1.359347224235534668e+00 1.293253779411315918e+00 -1.715917885303497314e-01 -2.349610775709152222e-01 -2.273100018501281738e-01
9.740519523620605469e-01 -1.359018921852111816e+00 1.297248482704162598e+00 -1.718819141387939453e-01 -2.354674488306045532e-01 -2.277305722236633301e-01
9.725739955902099609e-01 -1.358245611190795898e+00 1.300800919532775879e+00 -1.723554879426956177e-01 -2.360201478004455566e-01 -2.278589159250259399e-01
9.716513752937316895e-01 -1.357866406440734863e+00 1.304397225379943848e+00 -1.727329194545745850e-01 -2.363514006137847900e-01 -2.282500267028808594e-01
9.693109393119812012e-01 -1.356734156608581543e+00 1.307565093040466309e+00 -1.733052134513854980e-01 -2.371360063552856445e-01 -2.282236814498901367e-01
9.691995382308959961e-01 -1.354683756828308105e+00 1.313374519348144531e+00 -1.733837127685546875e-01 -2.376678586006164551e-01 -2.286144793033599854e-01
