1.206364512443542480e+00 -1.228783130645751953e+00 1.210337400436401367e+00 -1.972842812538146973e-01 -1.966997981071472168e-01 -1.858211904764175415e-01
1.185060620307922363e+00 -1.239313840866088867e+00 1.196889400482177734e+00 -2.001514136791229248e-01 -1.968193650245666504e-01 -1.832940429449081421e-01
1.182106018066406250e+00 -1.236509442329406738e+00 1.201393604278564453e+00 -2.016270905733108521e-01 -2.001675516366958618e-01 -1.796185970306396484e-01
1.182734608650207520e+00 -1.233998894691467285e+00 1.208002090454101562e+00 -2.029918730258941650e-01 -2.039863765239715576e-01 -1.757071465253829956e-01
1.182302474975585938e+00 -1.232926130294799805e+00 1.210698485374450684e+00 -2.042546123266220093e-01 -2.063398212194442749e-01 -1.734868288040161133e-01
1.183116078376770020e+00 -1.231888175010681152e+00 1.212791681289672852e+00 -2.049204707145690918e-01 -2.071316838264465332e-01 -1.733735650777816772e-01
1.183365106582641602e+00 -1.231280922889709473e+00 1.214310765266418457e+00 -2.054404914379119873e-01 -2.072022557258605957e-01 -1.740038692951202393e-01
1.183037877082824707e+00 -1.231907010078430176e+00 1.213517069816589355e+00 -2.063311487436294556e-01 -2.077091336250305176e-01 -1.740676462650299072e-01
1.183507561683654785e+00 -1.231237769126892090e+00 1.214850425720214844e+00 -2.069150209426879883e-01 -2.077681869268417358e-01 -1.746562123298645020e-01
1.182216763496398926e+00 -1.231231570243835449e+00 1.213142991065979004e+00 -2.080281525850296021e-01 -2.080611139535903931e-01 -1.744926273822784424e-01
