1.215944886207580566e+00 -1.204044580459594727e+00 1.186466574668884277e+00 -2.033825814723968506e-01 -2.334003299474716187e-01 -2.042458504438400269e-01
1.194572925567626953e+00 -1.153384447097778320e+00 9.715465903282165527e-01 -2.254486382007598877e-01 -2.140769064426422119e-01 -1.791018843650817871e-01
1.216967701911926270e+00 -1.368708014488220215e+00 9.656994938850402832e-01 -2.167503982782363892e-01 -2.241351753473281860e-01 -2.011801302433013916e-01
1.004892945289611816e+00 -1.358981251716613770e+00 9.889324903488159180e-01 -2.074129432439804077e-01 -1.869296431541442871e-01 -2.094813287258148193e-01
1.011108517646789551e+00 -1.344594240188598633e+00 1.196941733360290527e+00 -1.827064156532287598e-01 -1.955471336841583252e-01 -2.323821336030960083e-01
1.072108268737792969e+00 -1.107833027839660645e+00 1.166729807853698730e+00 -2.032123506069183350e-01 -2.085293531417846680e-01 -1.915713548660278320e-01
1.288448810577392578e+00 -1.195964574813842773e+00 1.099926233291625977e+00 -2.001374661922454834e-01 -2.133149504661560059e-01 -2.095654606819152832e-01
1.203872323036193848e+00 -1.203516602516174316e+00 8.696520328521728516e-01 -2.240956872701644897e-01 -1.969245672225952148e-01 -1.930723935365676880e-01
1.186642169952392578e+00 -1.348620533943176270e+00 8.618860244750976562e-01 -2.208132296800613403e-01 -1.990630626678466797e-01 -2.105742245912551880e-01
1.004201173782348633e+00 -1.433581471443176270e+00 9.946532845497131348e-01 -1.956889033317565918e-01 -1.997350454330444336e-01 -2.272614836692810059e-01
