1.207911014556884766e+00 -1.220632195472717285e+00 1.198677182197570801e+00 -1.970118731260299683e-01 -2.241396009922027588e-01 -2.184810042381286621e-01
1.208093047142028809e+00 -1.220271110534667969e+00 1.197633385658264160e+00 -1.985899806022644043e-01 -2.260443121194839478e-01 -2.170534133911132812e-01
1.207719683647155762e+00 -1.220512509346008301e+00 1.196032285690307617e+00 -1.999257802963256836e-01 -2.267819941043853760e-01 -2.168212234973907471e-01
1.210193395614624023e+00 -1.221521973609924316e+00 1.194673061370849609e+00 -2.008562833070755005e-01 -2.266682386398315430e-01 -2.175416946411132812e-01
1.209380984306335449e+00 -1.221503257751464844e+00 1.192922711372375488e+00 -2.022496908903121948e-01 -2.285701781511306763e-01 -2.161441594362258911e-01
1.208733558654785156e+00 -1.221249222755432129e+00 1.191890001296997070e+00 -2.037034332752227783e-01 -2.299333959817886353e-01 -2.152426689863204956e-01
1.210938215255737305e+00 -1.222205042839050293e+00 1.190861344337463379e+00 -2.047984451055526733e-01 -2.306370735168457031e-01 -2.152500450611114502e-01
1.210513591766357422e+00 -1.222383975982666016e+00 1.189339041709899902e+00 -2.063093334436416626e-01 -2.329981029033660889e-01 -2.132705897092819214e-01
1.210515737533569336e+00 -1.221519947052001953e+00 1.188919067382812500e+00 -2.077698707580566406e-01 -2.347349077463150024e-01 -2.119415402412414551e-01
1.211679935455322266e+00 -1.222654223442077637e+00 1.187107086181640625e+00 -2.086072564125061035e-01 -2.339527904987335205e-01 -2.133356630802154541e-01
