1.104037523269653320e+00 -1.209802389144897461e+00 1.123273253440856934e+00 -1.317218691110610962e-01 -1.326959282159805298e-01 -1.432170271873474121e-01
1.105157732963562012e+00 -1.209879875183105469e+00 1.124093294143676758e+00 -1.317716687917709351e-01 -1.328589618206024170e-01 -1.431917250156402588e-01
1.108264923095703125e+00 -1.210065484046936035e+00 1.126307129859924316e+00 -1.318699419498443604e-01 -1.332263648509979248e-01 -1.432178467512130737e-01
1.116880178451538086e+00 -1.210395097732543945e+00 1.132140755653381348e+00 -1.321884393692016602e-01 -1.343878656625747681e-01 -1.434590965509414673e-01
1.138830661773681641e+00 -1.211256861686706543e+00 1.147383809089660645e+00 -1.341289132833480835e-01 -1.389826238155364990e-01 -1.416572481393814087e-01
1.177539944648742676e+00 -1.213686585426330566e+00 1.174701809883117676e+00 -1.362921595573425293e-01 -1.443601846694946289e-01 -1.437022089958190918e-01
1.202358603477478027e+00 -1.216091513633728027e+00 1.193633317947387695e+00 -1.388660520315170288e-01 -1.489643156528472900e-01 -1.478927880525588989e-01
1.208651900291442871e+00 -1.216568231582641602e+00 1.197875142097473145e+00 -1.404045224189758301e-01 -1.511371880769729614e-01 -1.499603390693664551e-01
1.210341691970825195e+00 -1.215800285339355469e+00 1.197804689407348633e+00 -1.416051387786865234e-01 -1.518983393907546997e-01 -1.506764739751815796e-01
1.211266636848449707e+00 -1.215436577796936035e+00 1.197425246238708496e+00 -1.424954980611801147e-01 -1.519783586263656616e-01 -1.517298966646194458e-01
1.211431264877319336e+00 -1.215822100639343262e+00 1.198273658752441406e+00 -1.428664326667785645e-01 -1.526258587837219238e-01 -1.532156169414520264e-01
