1.199803471565246582e+00 -1.217446684837341309e+00 1.198014616966247559e+00 -2.073554694652557373e-01 -2.136144638061523438e-01 -1.883436888456344604e-01
1.199857711791992188e+00 -1.217477202415466309e+00 1.198074698448181152e+00 -2.073388248682022095e-01 -2.136187255382537842e-01 -1.883903145790100098e-01
1.200006246566772461e+00 -1.217561006546020508e+00 1.198252081871032715e+00 -2.072875350713729858e-01 -2.136325538158416748e-01 -1.885188221931457520e-01
1.200398921966552734e+00 -1.217768549919128418e+00 1.198699235916137695e+00 -2.071550190448760986e-01 -2.136812657117843628e-01 -1.888757348060607910e-01
1.201420903205871582e+00 -1.218081831932067871e+00 1.199363589286804199e+00 -2.069177627563476562e-01 -2.136748582124710083e-01 -1.899290531873703003e-01
1.203260660171508789e+00 -1.219052195549011230e+00 1.201138496398925781e+00 -2.062002718448638916e-01 -2.139253765344619751e-01 -1.924757659435272217e-01
1.203843355178833008e+00 -1.221052527427673340e+00 1.203883290290832520e+00 -2.056245654821395874e-01 -2.157999724149703979e-01 -1.940076351165771484e-01
1.203532576560974121e+00 -1.222086071968078613e+00 1.205299377441406250e+00 -2.056239396333694458e-01 -2.172269374132156372e-01 -1.949044764041900635e-01
1.203397274017333984e+00 -1.222480297088623047e+00 1.205562233924865723e+00 -2.058029323816299438e-01 -2.175797075033187866e-01 -1.962826848030090332e-01
1.203413724899291992e+00 -1.222779393196105957e+00 1.205641031265258789e+00 -2.058130204677581787e-01 -2.174806296825408936e-01 -1.974285691976547241e-01
1.203198075294494629e+00 -1.223047375679016113e+00 1.205636739730834961e+00 -2.055167257785797119e-01 -2.174829244613647461e-01 -1.978113055229187012e-01
