9.947085380554199219e-01 -1.304196596145629883e+00 1.277329087257385254e+00 -1.868505328893661499e-01 -2.221068441867828369e-01 -1.891953796148300171e-01
9.970731139183044434e-01 -1.303314447402954102e+00 1.276576757431030273e+00 -1.871501803398132324e-01 -2.221796512603759766e-01 -1.891003102064132690e-01
1.003558874130249023e+00 -1.300901532173156738e+00 1.274515390396118164e+00 -1.879547983407974243e-01 -2.224158942699432373e-01 -1.888027191162109375e-01
1.021325469017028809e+00 -1.294115781784057617e+00 1.268641471862792969e+00 -1.902354061603546143e-01 -2.231540977954864502e-01 -1.879338473081588745e-01
1.066593050956726074e+00 -1.276413202285766602e+00 1.252739667892456055e+00 -1.956646293401718140e-01 -2.230537831783294678e-01 -1.879590898752212524e-01
1.144472837448120117e+00 -1.246127963066101074e+00 1.226309180259704590e+00 -2.095939815044403076e-01 -2.221727371215820312e-01 -1.900985538959503174e-01
1.191826224327087402e+00 -1.228391170501708984e+00 1.211257815361022949e+00 -2.189900428056716919e-01 -2.216408848762512207e-01 -1.938903629779815674e-01
1.200279712677001953e+00 -1.226452946662902832e+00 1.210301756858825684e+00 -2.188890278339385986e-01 -2.238032668828964233e-01 -1.948004513978958130e-01
1.202315926551818848e+00 -1.225848555564880371e+00 1.209282517433166504e+00 -2.175340950489044189e-01 -2.260237336158752441e-01 -1.946265250444412231e-01
1.203672528266906738e+00 -1.224222183227539062e+00 1.207510709762573242e+00 -2.179234921932220459e-01 -2.273619174957275391e-01 -1.946590244770050049e-01
1.204607844352722168e+00 -1.222808599472045898e+00 1.206390619277954102e+00 -2.199878245592117310e-01 -2.280157655477523804e-01 -1.965939253568649292e-01
