1.268129229545593262e+00 -8.587695956230163574e-01 1.334513545036315918e+00 -2.015450596809387207e-01 -2.714550197124481201e-01 -1.665953993797302246e-01
1.267686486244201660e+00 -8.626464605331420898e-01 1.333069562911987305e+00 -2.013380378484725952e-01 -2.709211409091949463e-01 -1.673128008842468262e-01
1.266491651535034180e+00 -8.731955289840698242e-01 1.328975439071655273e+00 -2.008513063192367554e-01 -2.694891691207885742e-01 -1.691567748785018921e-01
1.263276457786560059e+00 -9.013078212738037109e-01 1.317499756813049316e+00 -2.003442347049713135e-01 -2.666279077529907227e-01 -1.727160811424255371e-01
1.254255056381225586e+00 -9.724583625793457031e-01 1.287757158279418945e+00 -2.015919685363769531e-01 -2.610762119293212891e-01 -1.800983697175979614e-01
1.235026240348815918e+00 -1.097784519195556641e+00 1.232036948204040527e+00 -2.040598690509796143e-01 -2.499937713146209717e-01 -1.961673796176910400e-01
1.218572497367858887e+00 -1.182946205139160156e+00 1.200057268142700195e+00 -2.070528417825698853e-01 -2.483414709568023682e-01 -2.056744545698165894e-01
1.215102553367614746e+00 -1.204413890838623047e+00 1.194679737091064453e+00 -2.058427780866622925e-01 -2.473763227462768555e-01 -2.120878845453262329e-01
1.215426683425903320e+00 -1.206160545349121094e+00 1.192994117736816406e+00 -2.049721330404281616e-01 -2.460351884365081787e-01 -2.149462699890136719e-01
1.215956330299377441e+00 -1.205649137496948242e+00 1.191620349884033203e+00 -2.058351933956146240e-01 -2.459114044904708862e-01 -2.157824039459228516e-01
1.215593814849853516e+00 -1.206612944602966309e+00 1.191791653633117676e+00 -2.078916579484939575e-01 -2.468957006931304932e-01 -2.158312797546386719e-01
