1.235122442245483398e+00 -9.278419613838195801e-01 1.235549688339233398e+00 -2.125683724880218506e-01 -2.369515448808670044e-01 -1.787529289722442627e-01
1.235104799270629883e+00 -9.307045340538024902e-01 1.234962940216064453e+00 -2.126547992229461670e-01 -2.368798553943634033e-01 -1.790102869272232056e-01
1.234899878501892090e+00 -9.387433528900146484e-01 1.233459472656250000e+00 -2.129828184843063354e-01 -2.367483824491500854e-01 -1.797026544809341431e-01
1.234357953071594238e+00 -9.609039425849914551e-01 1.229977130889892578e+00 -2.135883867740631104e-01 -2.361899316310882568e-01 -1.817356348037719727e-01
1.232049822807312012e+00 -1.017220139503479004e+00 1.219994664192199707e+00 -2.164842188358306885e-01 -2.365972250699996948e-01 -1.841525882482528687e-01
1.227136731147766113e+00 -1.116153240203857422e+00 1.201554417610168457e+00 -2.193721234798431396e-01 -2.310796082019805908e-01 -1.962220668792724609e-01
1.216749429702758789e+00 -1.185264945030212402e+00 1.188980340957641602e+00 -2.177618145942687988e-01 -2.316495329141616821e-01 -1.880137920379638672e-01
1.218498349189758301e+00 -1.197994112968444824e+00 1.185176610946655273e+00 -2.199911028146743774e-01 -2.268958687782287598e-01 -1.955811381340026855e-01
1.218203186988830566e+00 -1.199618697166442871e+00 1.184705495834350586e+00 -2.216909825801849365e-01 -2.275648117065429688e-01 -1.958532482385635376e-01
1.218426108360290527e+00 -1.199759483337402344e+00 1.184276342391967773e+00 -2.229929566383361816e-01 -2.279501259326934814e-01 -1.953738927841186523e-01
1.218475699424743652e+00 -1.200254797935485840e+00 1.184632897377014160e+00 -2.232632637023925781e-01 -2.268016934394836426e-01 -1.958743780851364136e-01
