1.241360306739807129e+00 -1.182691693305969238e+00 1.292423844337463379e+00 -1.969609856605529785e-01 -2.440743148326873779e-01 -1.959710270166397095e-01
1.240846157073974609e+00 -1.183265566825866699e+00 1.291610479354858398e+00 -1.970218271017074585e-01 -2.439804524183273315e-01 -1.958813965320587158e-01
1.239505767822265625e+00 -1.184789657592773438e+00 1.289283037185668945e+00 -1.971562355756759644e-01 -2.435839474201202393e-01 -1.959113627672195435e-01
1.235759973526000977e+00 -1.188879132270812988e+00 1.282818198204040527e+00 -1.976135075092315674e-01 -2.425635457038879395e-01 -1.955483108758926392e-01
1.226101160049438477e+00 -1.199663877487182617e+00 1.267064332962036133e+00 -1.982833594083786011e-01 -2.398619353771209717e-01 -1.951063275337219238e-01
1.207697510719299316e+00 -1.219301581382751465e+00 1.241398572921752930e+00 -2.003205567598342896e-01 -2.378975152969360352e-01 -1.927717030048370361e-01
1.197478652000427246e+00 -1.232085347175598145e+00 1.224855899810791016e+00 -2.023585140705108643e-01 -2.367717623710632324e-01 -1.900141090154647827e-01
1.193772554397583008e+00 -1.233245730400085449e+00 1.220231175422668457e+00 -2.072570919990539551e-01 -2.386145293712615967e-01 -1.832317262887954712e-01
1.193369746208190918e+00 -1.233560800552368164e+00 1.217254281044006348e+00 -2.109840810298919678e-01 -2.377216219902038574e-01 -1.835407614707946777e-01
1.193351387977600098e+00 -1.232012033462524414e+00 1.215736269950866699e+00 -2.152604609727859497e-01 -2.398636192083358765e-01 -1.805031150579452515e-01
1.192427396774291992e+00 -1.231534123420715332e+00 1.213725805282592773e+00 -2.172313332557678223e-01 -2.397343367338180542e-01 -1.793470233678817749e-01
