1.228338003158569336e+00 -1.415422558784484863e+00 1.418072938919067383e+00 -8.219316601753234863e-02 -3.003194034099578857e-01 -2.000567018985748291e-01
1.228165388107299805e+00 -1.413295626640319824e+00 1.415720582008361816e+00 -8.275765180587768555e-02 -3.000666797161102295e-01 -2.002612203359603882e-01
1.227591276168823242e+00 -1.407557725906372070e+00 1.409292697906494141e+00 -8.438577502965927124e-02 -2.993378043174743652e-01 -2.011222392320632935e-01
1.226046800613403320e+00 -1.391963958740234375e+00 1.391427874565124512e+00 -8.863301575183868408e-02 -2.968435883522033691e-01 -2.055117636919021606e-01
1.223331093788146973e+00 -1.348949313163757324e+00 1.345274925231933594e+00 -1.009368151426315308e-01 -2.926739454269409180e-01 -2.037805020809173584e-01
1.213630437850952148e+00 -1.280707120895385742e+00 1.266144871711730957e+00 -1.098556816577911377e-01 -2.723921835422515869e-01 -2.151147723197937012e-01
1.208142757415771484e+00 -1.234252333641052246e+00 1.217272043228149414e+00 -1.174947023391723633e-01 -2.632130980491638184e-01 -2.173753231763839722e-01
1.204083085060119629e+00 -1.224648714065551758e+00 1.207552552223205566e+00 -1.228120326995849609e-01 -2.657151222229003906e-01 -2.151919901371002197e-01
1.204747438430786133e+00 -1.222243309020996094e+00 1.204030394554138184e+00 -1.251152157783508301e-01 -2.672554254531860352e-01 -2.133979797363281250e-01
1.206899642944335938e+00 -1.220385909080505371e+00 1.203407645225524902e+00 -1.245965063571929932e-01 -2.659295201301574707e-01 -2.138995081186294556e-01
1.206320881843566895e+00 -1.220618963241577148e+00 1.202718377113342285e+00 -1.253152191638946533e-01 -2.668195664882659912e-01 -2.136079967021942139e-01
