1.212811589241027832e+00 -1.202212452888488770e+00 9.804294705390930176e-01 -2.042981237173080444e-01 -2.599556446075439453e-01 -1.924143731594085693e-01
1.212777614593505859e+00 -1.202458024024963379e+00 9.828575253486633301e-01 -2.040484994649887085e-01 -2.600632011890411377e-01 -1.929260343313217163e-01
1.212658166885375977e+00 -1.203182935714721680e+00 9.895810484886169434e-01 -2.034303247928619385e-01 -2.607176303863525391e-01 -1.938098967075347900e-01
1.212221145629882812e+00 -1.205131530761718750e+00 1.007956743240356445e+00 -2.022034227848052979e-01 -2.614058852195739746e-01 -1.982207447290420532e-01
1.211698651313781738e+00 -1.208786129951477051e+00 1.054222583770751953e+00 -1.988115906715393066e-01 -2.648597955703735352e-01 -2.092744708061218262e-01
1.208694100379943848e+00 -1.215471386909484863e+00 1.136752843856811523e+00 -1.909777224063873291e-01 -2.759118676185607910e-01 -2.189216017723083496e-01
1.206734418869018555e+00 -1.216235280036926270e+00 1.189906477928161621e+00 -1.845360249280929565e-01 -2.803315520286560059e-01 -2.344379574060440063e-01
1.206074953079223633e+00 -1.217371821403503418e+00 1.198142647743225098e+00 -1.852712631225585938e-01 -2.828548252582550049e-01 -2.336941957473754883e-01
1.206635832786560059e+00 -1.218447566032409668e+00 1.202652215957641602e+00 -1.865810602903366089e-01 -2.835362255573272705e-01 -2.367869615554809570e-01
1.205495715141296387e+00 -1.219237208366394043e+00 1.203270673751831055e+00 -1.874303519725799561e-01 -2.843159139156341553e-01 -2.398273348808288574e-01
1.204816818237304688e+00 -1.219192028045654297e+00 1.203451514244079590e+00 -1.894081234931945801e-01 -2.861997783184051514e-01 -2.394835054874420166e-01
