1.327043771743774414e+00 -1.230700731277465820e+00 1.224742293357849121e+00 -1.911838054656982422e-01 -2.655504345893859863e-01 -2.007078826427459717e-01
1.207886457443237305e+00 -1.228371024131774902e+00 1.208024501800537109e+00 -1.965555250644683838e-01 -2.619644105434417725e-01 -1.906830966472625732e-01
1.209693193435668945e+00 -1.229213118553161621e+00 1.218872785568237305e+00 -1.933707445859909058e-01 -2.581416368484497070e-01 -1.832974255084991455e-01
1.213541746139526367e+00 -1.213617444038391113e+00 1.200050830841064453e+00 -1.977623403072357178e-01 -2.623744606971740723e-01 -1.914571076631546021e-01
1.210001230239868164e+00 -1.218873858451843262e+00 1.211198687553405762e+00 -2.026981860399246216e-01 -2.649676799774169922e-01 -1.927247494459152222e-01
1.213076472282409668e+00 -1.219807624816894531e+00 1.212620496749877930e+00 -1.946138441562652588e-01 -2.614231407642364502e-01 -1.960325837135314941e-01
1.207181811332702637e+00 -1.226414322853088379e+00 1.210779428482055664e+00 -1.903258115053176880e-01 -2.615746259689331055e-01 -2.013502269983291626e-01
1.212380528450012207e+00 -1.221432566642761230e+00 1.209025621414184570e+00 -1.956847310066223145e-01 -2.653864622116088867e-01 -1.891323626041412354e-01
1.209500312805175781e+00 -1.226555109024047852e+00 1.213717579841613770e+00 -1.855566799640655518e-01 -2.639094293117523193e-01 -1.899464726448059082e-01
1.213243365287780762e+00 -1.225560545921325684e+00 1.211223602294921875e+00 -1.958810091018676758e-01 -2.660633921623229980e-01 -1.873606443405151367e-01
1.213622808456420898e+00 -1.224760293960571289e+00 1.212219595909118652e+00 -1.966968029737472534e-01 -2.636669874191284180e-01 -1.892592459917068481e-01
