1.185445308685302734e+00 -1.120975255966186523e+00 1.412071466445922852e+00 -1.912383288145065308e-01 -1.762348264455795288e-01 -2.446268051862716675e-01
1.201733589172363281e+00 -1.224327325820922852e+00 1.186774373054504395e+00 -2.006766945123672485e-01 -1.380921751260757446e-01 -2.536999583244323730e-01
1.215696573257446289e+00 -1.197826147079467773e+00 1.179766297340393066e+00 -2.051835954189300537e-01 -1.334975957870483398e-01 -2.465737611055374146e-01
1.212639093399047852e+00 -1.214518666267395020e+00 1.193049311637878418e+00 -2.164114862680435181e-01 -1.388480663299560547e-01 -2.439368963241577148e-01
1.216657638549804688e+00 -1.211637973785400391e+00 1.191908478736877441e+00 -2.192002236843109131e-01 -1.247946172952651978e-01 -2.460477054119110107e-01
1.209659099578857422e+00 -1.218224167823791504e+00 1.193736910820007324e+00 -2.127007991075515747e-01 -1.276444196701049805e-01 -2.433107942342758179e-01
1.200969457626342773e+00 -1.221837043762207031e+00 1.197713851928710938e+00 -1.987719386816024780e-01 -1.299286931753158569e-01 -2.418933808803558350e-01
1.199654579162597656e+00 -1.224912762641906738e+00 1.197421908378601074e+00 -2.032742649316787720e-01 -1.242893636226654053e-01 -2.350447922945022583e-01
1.203927040100097656e+00 -1.222866892814636230e+00 1.195448279380798340e+00 -2.077287435531616211e-01 -1.263222247362136841e-01 -2.347409427165985107e-01
1.205703973770141602e+00 -1.221361875534057617e+00 1.187134861946105957e+00 -2.043696641921997070e-01 -1.349583864212036133e-01 -2.397402673959732056e-01
1.207177400588989258e+00 -1.220681667327880859e+00 1.188393473625183105e+00 -2.037501931190490723e-01 -1.305391639471054077e-01 -2.514062821865081787e-01
