1.220353007316589355e+00 -1.206668376922607422e+00 1.196736693382263184e+00 -1.145668774843215942e-01 -2.432557493448257446e-01 -2.110328823328018188e-01
1.233751654624938965e+00 -1.250969409942626953e+00 1.131867289543151855e+00 -1.248056292533874512e-01 -2.386789917945861816e-01 -2.190896868705749512e-01
1.186314463615417480e+00 -1.313205242156982422e+00 1.116594314575195312e+00 -1.290018707513809204e-01 -2.300375401973724365e-01 -2.413476407527923584e-01
1.123264312744140625e+00 -1.323997497558593750e+00 1.158645391464233398e+00 -1.327729821205139160e-01 -2.446842640638351440e-01 -2.323267161846160889e-01
1.107701301574707031e+00 -1.281425476074218750e+00 1.211302757263183594e+00 -1.335728466510772705e-01 -2.568978965282440186e-01 -2.352783381938934326e-01
1.150304675102233887e+00 -1.229572057723999023e+00 1.222647070884704590e+00 -1.366867572069168091e-01 -2.661734521389007568e-01 -2.260129302740097046e-01
1.207355499267578125e+00 -1.222537636756896973e+00 1.189477086067199707e+00 -1.442770361900329590e-01 -2.743133008480072021e-01 -2.164353281259536743e-01
1.215944647789001465e+00 -1.257696270942687988e+00 1.141224861145019531e+00 -1.520023196935653687e-01 -2.716962993144989014e-01 -2.234057188034057617e-01
1.182910323143005371e+00 -1.301912307739257812e+00 1.134102463722229004e+00 -1.568141579627990723e-01 -2.661100924015045166e-01 -2.355353087186813354e-01
1.132827043533325195e+00 -1.306885600090026855e+00 1.158719897270202637e+00 -1.611669808626174927e-01 -2.773077189922332764e-01 -2.295612543821334839e-01
