1.208658456802368164e+00 -1.217313170433044434e+00 1.198814153671264648e+00 -1.903275847434997559e-01 -1.879183650016784668e-01 -1.764772832393646240e-01
1.180624961853027344e+00 -1.239893674850463867e+00 1.071948289871215820e+00 -1.980239301919937134e-01 -1.820014268159866333e-01 -1.607199013233184814e-01
1.147379755973815918e+00 -1.358983159065246582e+00 1.093389391899108887e+00 -1.953116804361343384e-01 -1.860895752906799316e-01 -1.748538315296173096e-01
1.026748657226562500e+00 -1.331814050674438477e+00 1.130946755409240723e+00 -2.049923241138458252e-01 -1.787081062793731689e-01 -2.021160423755645752e-01
1.054520606994628906e+00 -1.295985698699951172e+00 1.250022172927856445e+00 -1.958186179399490356e-01 -2.022451162338256836e-01 -1.871948093175888062e-01
1.104197621345520020e+00 -1.180519342422485352e+00 1.220629572868347168e+00 -1.997337639331817627e-01 -1.988388597965240479e-01 -1.938661932945251465e-01
1.219092249870300293e+00 -1.220796346664428711e+00 1.174591302871704102e+00 -2.070252895355224609e-01 -2.102637439966201782e-01 -1.846821159124374390e-01
1.174814224243164062e+00 -1.264490842819213867e+00 1.062462806701660156e+00 -2.132499963045120239e-01 -2.080397009849548340e-01 -1.654925942420959473e-01
1.119768261909484863e+00 -1.367882013320922852e+00 1.101110696792602539e+00 -2.112236618995666504e-01 -2.111058682203292847e-01 -1.774800270795822144e-01
1.018366456031799316e+00 -1.323957800865173340e+00 1.158756971359252930e+00 -2.172113358974456787e-01 -1.994332969188690186e-01 -2.159771919250488281e-01
