1.199822187423706055e+00 -1.230129957199096680e+00 1.212070941925048828e+00 -1.993827074766159058e-01 -2.159224748611450195e-01 -1.927994936704635620e-01
1.214434146881103516e+00 -1.219771027565002441e+00 1.198763966560363770e+00 -1.994594633579254150e-01 -2.179767489433288574e-01 -1.937644183635711670e-01
1.226512670516967773e+00 -1.231167316436767578e+00 1.181375503540039062e+00 -2.008476257324218750e-01 -2.193364500999450684e-01 -1.917797029018402100e-01
1.215847849845886230e+00 -1.245338559150695801e+00 1.167312979698181152e+00 -2.029224187135696411e-01 -2.165156751871109009e-01 -1.995498090982437134e-01
1.206276655197143555e+00 -1.252513527870178223e+00 1.171053171157836914e+00 -2.012421786785125732e-01 -2.211259007453918457e-01 -1.983851045370101929e-01
1.196924686431884766e+00 -1.251632690429687500e+00 1.183345079421997070e+00 -2.027497291564941406e-01 -2.249521464109420776e-01 -2.027638554573059082e-01
1.196489453315734863e+00 -1.242563128471374512e+00 1.195470333099365234e+00 -2.046095728874206543e-01 -2.299537658691406250e-01 -2.058831304311752319e-01
1.202633857727050781e+00 -1.234776616096496582e+00 1.200072526931762695e+00 -2.073672860860824585e-01 -2.358856946229934692e-01 -2.005575448274612427e-01
1.208800196647644043e+00 -1.232795119285583496e+00 1.197420477867126465e+00 -2.098549902439117432e-01 -2.396244704723358154e-01 -1.974518597126007080e-01
1.212019443511962891e+00 -1.233452558517456055e+00 1.189694046974182129e+00 -2.140650749206542969e-01 -2.416911572217941284e-01 -1.993776112794876099e-01
