1.207696080207824707e+00 -1.218327164649963379e+00 1.200431346893310547e+00 -1.266291588544845581e-01 -2.446529865264892578e-01 -2.078329324722290039e-01
1.208361029624938965e+00 -1.218208789825439453e+00 1.200056076049804688e+00 -1.310688555240631104e-01 -2.464288324117660522e-01 -2.093843817710876465e-01
1.208562254905700684e+00 -1.218768715858459473e+00 1.199285507202148438e+00 -1.337554603815078735e-01 -2.488601505756378174e-01 -2.106160521507263184e-01
1.208365201950073242e+00 -1.218954324722290039e+00 1.198326349258422852e+00 -1.375505775213241577e-01 -2.516260147094726562e-01 -2.084683775901794434e-01
1.208552122116088867e+00 -1.219063401222229004e+00 1.198085665702819824e+00 -1.404958963394165039e-01 -2.548274099826812744e-01 -2.091168463230133057e-01
1.208637833595275879e+00 -1.219260215759277344e+00 1.197771787643432617e+00 -1.430590152740478516e-01 -2.575458884239196777e-01 -2.096286118030548096e-01
1.208532333374023438e+00 -1.219302177429199219e+00 1.197131156921386719e+00 -1.461873203516006470e-01 -2.602988481521606445e-01 -2.077383548021316528e-01
1.208754062652587891e+00 -1.219186067581176758e+00 1.196889519691467285e+00 -1.495491564273834229e-01 -2.636991739273071289e-01 -2.063856124877929688e-01
1.208883166313171387e+00 -1.219293832778930664e+00 1.196630120277404785e+00 -1.527183651924133301e-01 -2.667305171489715576e-01 -2.054820507764816284e-01
1.208902955055236816e+00 -1.219395875930786133e+00 1.196069836616516113e+00 -1.559608876705169678e-01 -2.688113749027252197e-01 -2.048174440860748291e-01
