1.211911320686340332e+00 -1.212284207344055176e+00 1.196827650070190430e+00 -2.108879685401916504e-01 -1.786990612745285034e-01 -1.554853469133377075e-01
1.135132789611816406e+00 -1.231322169303894043e+00 1.157404661178588867e+00 -2.209548652172088623e-01 -1.694029718637466431e-01 -1.729952543973922729e-01
1.109698295593261719e+00 -1.271201968193054199e+00 1.237462759017944336e+00 -2.184523344039916992e-01 -1.977277547121047974e-01 -1.643302291631698608e-01
1.073711514472961426e+00 -1.187619805335998535e+00 1.256766080856323242e+00 -2.216650843620300293e-01 -1.944728195667266846e-01 -1.947531551122665405e-01
1.157377243041992188e+00 -1.166474699974060059e+00 1.293929815292358398e+00 -2.307680100202560425e-01 -2.233215868473052979e-01 -1.499542444944381714e-01
1.179189205169677734e+00 -1.135787010192871094e+00 1.210884571075439453e+00 -2.412786781787872314e-01 -2.134106308221817017e-01 -1.488589197397232056e-01
1.208831787109375000e+00 -1.221768736839294434e+00 1.192765712738037109e+00 -2.454929947853088379e-01 -2.233886867761611938e-01 -1.567830592393875122e-01
1.123896241188049316e+00 -1.235781311988830566e+00 1.161427974700927734e+00 -2.564618885517120361e-01 -2.098173797130584717e-01 -1.729991585016250610e-01
1.105339527130126953e+00 -1.265365600585937500e+00 1.248241305351257324e+00 -2.522577941417694092e-01 -2.401796877384185791e-01 -1.655760407447814941e-01
1.081901073455810547e+00 -1.173835396766662598e+00 1.258717775344848633e+00 -2.562022507190704346e-01 -2.349415123462677002e-01 -1.884645223617553711e-01
