1.210578918457031250e+00 -1.212613105773925781e+00 1.198303580284118652e+00 -2.150546163320541382e-01 -2.212399393320083618e-01 -1.996027529239654541e-01
1.211417794227600098e+00 -1.218643188476562500e+00 1.160475492477416992e+00 -2.225279510021209717e-01 -2.172016054391860962e-01 -1.946106702089309692e-01
1.205546021461486816e+00 -1.254336595535278320e+00 1.155786275863647461e+00 -2.235902249813079834e-01 -2.143301218748092651e-01 -1.985888630151748657e-01
1.168369889259338379e+00 -1.257311344146728516e+00 1.160748481750488281e+00 -2.249843627214431763e-01 -2.122644782066345215e-01 -1.968894451856613159e-01
1.166055440902709961e+00 -1.252659559249877930e+00 1.198631048202514648e+00 -2.229995131492614746e-01 -2.171275317668914795e-01 -1.996776759624481201e-01
1.168037533760070801e+00 -1.220730781555175781e+00 1.206053733825683594e+00 -2.206943035125732422e-01 -2.193358093500137329e-01 -1.982188522815704346e-01
1.200393319129943848e+00 -1.214817285537719727e+00 1.204921007156372070e+00 -2.205979228019714355e-01 -2.197983711957931519e-01 -1.987722814083099365e-01
1.208777546882629395e+00 -1.213280916213989258e+00 1.170756340026855469e+00 -2.250413894653320312e-01 -2.150248438119888306e-01 -1.922766864299774170e-01
1.210171461105346680e+00 -1.244874477386474609e+00 1.158238172531127930e+00 -2.267420589923858643e-01 -2.115696817636489868e-01 -1.921323239803314209e-01
1.178997159004211426e+00 -1.254339218139648438e+00 1.156113743782043457e+00 -2.273866385221481323e-01 -2.076234668493270874e-01 -1.960850358009338379e-01
