1.198461413383483887e+00 -1.226184010505676270e+00 1.218144655227661133e+00 -2.185080796480178833e-01 -2.225166261196136475e-01 -2.033982574939727783e-01
1.327989220619201660e+00 -1.345491766929626465e+00 1.013958811759948730e+00 -2.390833497047424316e-01 -2.008234858512878418e-01 -1.997101604938507080e-01
1.168567538261413574e+00 -1.530092000961303711e+00 8.771928548812866211e-01 -2.498946785926818848e-01 -2.051843404769897461e-01 -1.700673550367355347e-01
9.427303671836853027e-01 -1.636885404586791992e+00 9.812555313110351562e-01 -2.351058125495910645e-01 -1.667824238538742065e-01 -2.319199442863464355e-01
8.228101134300231934e-01 -1.554111123085021973e+00 1.210542440414428711e+00 -2.186914682388305664e-01 -1.818250417709350586e-01 -2.338427901268005371e-01
9.311433434486389160e-01 -1.327237606048583984e+00 1.358510494232177734e+00 -2.160731256008148193e-01 -2.008946239948272705e-01 -2.044465988874435425e-01
1.189380645751953125e+00 -1.214772701263427734e+00 1.300358891487121582e+00 -2.357727885246276855e-01 -2.113978564739227295e-01 -1.643994748592376709e-01
1.345617413520812988e+00 -1.266822218894958496e+00 1.032038211822509766e+00 -2.608850598335266113e-01 -1.816622316837310791e-01 -1.537775695323944092e-01
1.255454063415527344e+00 -1.509697079658508301e+00 8.567419648170471191e-01 -2.730159163475036621e-01 -1.697077453136444092e-01 -1.416616290807723999e-01
9.667063951492309570e-01 -1.648997902870178223e+00 9.060245156288146973e-01 -2.687602639198303223e-01 -1.312814354896545410e-01 -1.979679167270660400e-01
