1.179055333137512207e+00 -1.254325747489929199e+00 1.231983900070190430e+00 -1.597571969032287598e-01 -1.773620247840881348e-01 -1.832754313945770264e-01
1.387093782424926758e+00 -1.260670781135559082e+00 1.316954016685485840e+00 -1.610510051250457764e-01 -2.128781676292419434e-01 -1.420644521713256836e-01
1.384809017181396484e+00 -1.162105441093444824e+00 1.125519156455993652e+00 -1.713491678237915039e-01 -1.696896255016326904e-01 -1.826617568731307983e-01
1.490751504898071289e+00 -1.332922220230102539e+00 1.094218492507934570e+00 -1.763019710779190063e-01 -1.915625333786010742e-01 -1.310375928878784180e-01
1.317907810211181641e+00 -1.352098584175109863e+00 9.909633994102478027e-01 -1.807032972574234009e-01 -1.525783389806747437e-01 -1.762949824333190918e-01
1.309620857238769531e+00 -1.460414648056030273e+00 1.108744025230407715e+00 -1.709036231040954590e-01 -1.912281513214111328e-01 -1.401042789220809937e-01
1.192213892936706543e+00 -1.366802692413330078e+00 1.171413183212280273e+00 -1.558683216571807861e-01 -1.502422541379928589e-01 -1.983639746904373169e-01
1.273845791816711426e+00 -1.326968908309936523e+00 1.298180818557739258e+00 -1.585321575403213501e-01 -1.956342309713363647e-01 -1.400293856859207153e-01
1.323705315589904785e+00 -1.177222728729248047e+00 1.223503112792968750e+00 -1.564907878637313843e-01 -1.614449620246887207e-01 -1.827400624752044678e-01
1.474526643753051758e+00 -1.240808010101318359e+00 1.172522902488708496e+00 -1.729459613561630249e-01 -1.883046925067901611e-01 -1.086434498429298401e-01
