1.172429084777832031e+00 -1.254990458488464355e+00 1.242547154426574707e+00 -2.040386199951171875e-01 -2.402184605598449707e-01 -1.954089254140853882e-01
1.200383305549621582e+00 -1.039090394973754883e+00 1.496309399604797363e+00 -1.627743393182754517e-01 -2.448738217353820801e-01 -2.185272574424743652e-01
1.344799876213073730e+00 -7.644656896591186523e-01 1.470668435096740723e+00 -1.669738143682479858e-01 -2.287971526384353638e-01 -2.170943617820739746e-01
1.601847290992736816e+00 -7.361109852790832520e-01 1.307864069938659668e+00 -2.061325609683990479e-01 -2.147942483425140381e-01 -1.758452951908111572e-01
1.643499612808227539e+00 -8.916854262351989746e-01 9.994493722915649414e-01 -2.479713112115859985e-01 -1.866530328989028931e-01 -1.258322745561599731e-01
1.539211511611938477e+00 -1.175418019294738770e+00 9.324277043342590332e-01 -2.606171965599060059e-01 -1.867408305406570435e-01 -1.030215024948120117e-01
1.305604815483093262e+00 -1.274777650833129883e+00 1.057058572769165039e+00 -2.489692121744155884e-01 -1.668139100074768066e-01 -1.540765762329101562e-01
1.212181568145751953e+00 -1.220818281173706055e+00 1.337198495864868164e+00 -2.259145528078079224e-01 -1.855038553476333618e-01 -1.699703484773635864e-01
1.218491554260253906e+00 -9.386782050132751465e-01 1.442745923995971680e+00 -1.990521103143692017e-01 -1.630745381116867065e-01 -1.940649449825286865e-01
1.461052536964416504e+00 -7.829108834266662598e-01 1.436668276786804199e+00 -2.079427540302276611e-01 -1.603741049766540527e-01 -1.856489777565002441e-01
