1.203124046325683594e+00 -1.224112510681152344e+00 1.203061342239379883e+00 -1.804802417755126953e-01 -2.753159403800964355e-01 -2.333279103040695190e-01
1.193708419799804688e+00 -1.161650657653808594e+00 1.275753974914550781e+00 -1.694050580263137817e-01 -2.733811140060424805e-01 -2.441968172788619995e-01
1.245107650756835938e+00 -1.096242189407348633e+00 1.297559022903442383e+00 -1.708091497421264648e-01 -2.749949693679809570e-01 -2.404425889253616333e-01
1.306982636451721191e+00 -1.074599981307983398e+00 1.245693802833557129e+00 -1.809820681810379028e-01 -2.710359096527099609e-01 -2.341129779815673828e-01
1.339490294456481934e+00 -1.112415194511413574e+00 1.166721701622009277e+00 -1.957628428936004639e-01 -2.702221572399139404e-01 -2.160456627607345581e-01
1.303443193435668945e+00 -1.191108584403991699e+00 1.130800127983093262e+00 -1.987150758504867554e-01 -2.601333260536193848e-01 -2.288791239261627197e-01
1.230123877525329590e+00 -1.226516842842102051e+00 1.169719815254211426e+00 -1.951116472482681274e-01 -2.621985673904418945e-01 -2.320886254310607910e-01
1.189869761466979980e+00 -1.197635054588317871e+00 1.253044009208679199e+00 -1.856550276279449463e-01 -2.680274844169616699e-01 -2.359485924243927002e-01
1.212949275970458984e+00 -1.118759036064147949e+00 1.298822045326232910e+00 -1.827389299869537354e-01 -2.712401449680328369e-01 -2.327028512954711914e-01
1.286984562873840332e+00 -1.068222165107727051e+00 1.275213003158569336e+00 -1.914979815483093262e-01 -2.728919088840484619e-01 -2.206929624080657959e-01
