1.201760053634643555e+00 -1.235359311103820801e+00 1.216579675674438477e+00 -2.516228854656219482e-01 -1.917013674974441528e-01 -1.898892223834991455e-01
1.211914181709289551e+00 -1.162723779678344727e+00 1.235662221908569336e+00 -2.541081309318542480e-01 -1.975784599781036377e-01 -1.771204471588134766e-01
1.280740976333618164e+00 -1.147768139839172363e+00 1.231694698333740234e+00 -2.587240934371948242e-01 -2.041788399219512939e-01 -1.668019294738769531e-01
1.291193842887878418e+00 -1.158519864082336426e+00 1.167300462722778320e+00 -2.666077613830566406e-01 -1.965090483427047729e-01 -1.616540402173995972e-01
1.285763144493103027e+00 -1.213812232017517090e+00 1.146230101585388184e+00 -2.708900868892669678e-01 -1.978206932544708252e-01 -1.583373844623565674e-01
1.230239033699035645e+00 -1.234119772911071777e+00 1.151814460754394531e+00 -2.688136696815490723e-01 -1.912185847759246826e-01 -1.727224290370941162e-01
1.206608891487121582e+00 -1.238407015800476074e+00 1.216424584388732910e+00 -2.644587755203247070e-01 -2.023323476314544678e-01 -1.735292673110961914e-01
1.205474257469177246e+00 -1.171125173568725586e+00 1.240034818649291992e+00 -2.595695555210113525e-01 -1.957653760910034180e-01 -1.857220232486724854e-01
1.270219445228576660e+00 -1.144276022911071777e+00 1.238927960395812988e+00 -2.665825486183166504e-01 -2.078863680362701416e-01 -1.624574363231658936e-01
1.295260071754455566e+00 -1.148483872413635254e+00 1.174317359924316406e+00 -2.732307612895965576e-01 -2.008446007966995239e-01 -1.579206287860870361e-01
