1.235410332679748535e+00 -1.191730141639709473e+00 1.187067627906799316e+00 -2.039756178855895996e-01 -3.035779595375061035e-01 -2.501957416534423828e-01
1.197502374649047852e+00 -1.198432087898254395e+00 1.037830352783203125e+00 -2.282793819904327393e-01 -2.857979834079742432e-01 -2.374071180820465088e-01
1.196161866188049316e+00 -1.329227209091186523e+00 1.090371727943420410e+00 -2.189367264509201050e-01 -3.066121339797973633e-01 -2.325557917356491089e-01
1.048624873161315918e+00 -1.278612256050109863e+00 1.084293842315673828e+00 -2.070574760437011719e-01 -2.583089470863342285e-01 -2.733908593654632568e-01
1.107188940048217773e+00 -1.284984946250915527e+00 1.235828042030334473e+00 -1.977222263813018799e-01 -3.206816613674163818e-01 -2.200067043304443359e-01
1.109630465507507324e+00 -1.131168127059936523e+00 1.148252606391906738e+00 -1.938578337430953979e-01 -2.595500349998474121e-01 -2.716472148895263672e-01
1.270258307456970215e+00 -1.228279352188110352e+00 1.161507248878479004e+00 -2.077778577804565430e-01 -3.128174245357513428e-01 -1.909143626689910889e-01
1.159070730209350586e+00 -1.224272608757019043e+00 1.012588262557983398e+00 -2.113309502601623535e-01 -2.400866299867630005e-01 -2.690863013267517090e-01
1.168179154396057129e+00 -1.353958368301391602e+00 1.132454514503479004e+00 -2.005828768014907837e-01 -3.051074147224426270e-01 -2.127444148063659668e-01
1.019122958183288574e+00 -1.238864064216613770e+00 1.105352759361267090e+00 -1.835435777902603149e-01 -2.346088737249374390e-01 -2.672141194343566895e-01
