1.228781223297119141e+00 -1.098466157913208008e+00 1.211736321449279785e+00 -2.241227328777313232e-01 -1.968889236450195312e-01 -2.155609279870986938e-01
1.207008838653564453e+00 -1.217106699943542480e+00 1.202335596084594727e+00 -2.255459576845169067e-01 -2.040677517652511597e-01 -2.006660699844360352e-01
1.210403084754943848e+00 -1.211817860603332520e+00 1.203195452690124512e+00 -2.256808578968048096e-01 -2.153001129627227783e-01 -2.029831260442733765e-01
1.208029627799987793e+00 -1.218570113182067871e+00 1.200960278511047363e+00 -2.246282845735549927e-01 -2.016362845897674561e-01 -1.931803375482559204e-01
1.205829262733459473e+00 -1.218638420104980469e+00 1.197555899620056152e+00 -2.044057846069335938e-01 -2.052769362926483154e-01 -2.050650119781494141e-01
1.208701848983764648e+00 -1.215419054031372070e+00 1.194942593574523926e+00 -2.227125912904739380e-01 -2.009774446487426758e-01 -2.089769989252090454e-01
1.203898668289184570e+00 -1.218776941299438477e+00 1.198037147521972656e+00 -2.243393212556838989e-01 -2.174063026905059814e-01 -1.980862170457839966e-01
1.209721326828002930e+00 -1.216155290603637695e+00 1.196009993553161621e+00 -2.267104685306549072e-01 -1.990029960870742798e-01 -2.101732939481735229e-01
1.206603646278381348e+00 -1.217389225959777832e+00 1.197968959808349609e+00 -2.307464331388473511e-01 -2.025256454944610596e-01 -2.086839526891708374e-01
1.207222223281860352e+00 -1.217243432998657227e+00 1.198786616325378418e+00 -2.235143780708312988e-01 -2.055532634258270264e-01 -2.058864384889602661e-01
1.208322525024414062e+00 -1.216583371162414551e+00 1.196101307868957520e+00 -2.202646434307098389e-01 -1.965547502040863037e-01 -2.028795480728149414e-01
