1.199709415435791016e+00 -1.224833369255065918e+00 1.211058974266052246e+00 -1.915090233087539673e-01 -2.428307384252548218e-01 -1.795180290937423706e-01
1.202597618103027344e+00 -1.224764585494995117e+00 1.206231951713562012e+00 -1.942298114299774170e-01 -2.363440394401550293e-01 -2.040795236825942993e-01
1.190957427024841309e+00 -1.235365271568298340e+00 1.215902805328369141e+00 -1.869164407253265381e-01 -2.334729284048080444e-01 -2.126996964216232300e-01
1.203943490982055664e+00 -1.221441864967346191e+00 1.204716920852661133e+00 -2.028506398200988770e-01 -2.368855476379394531e-01 -2.210688441991806030e-01
1.204556822776794434e+00 -1.221106290817260742e+00 1.201763749122619629e+00 -2.020164728164672852e-01 -2.331806421279907227e-01 -2.245349287986755371e-01
1.199440479278564453e+00 -1.228550076484680176e+00 1.207878828048706055e+00 -2.041022628545761108e-01 -2.412028610706329346e-01 -2.286515533924102783e-01
1.204573631286621094e+00 -1.222343087196350098e+00 1.203389644622802734e+00 -1.980272531509399414e-01 -2.355322241783142090e-01 -2.371361255645751953e-01
1.202697515487670898e+00 -1.225037693977355957e+00 1.206335186958312988e+00 -1.882107108831405640e-01 -2.337390184402465820e-01 -2.108975946903228760e-01
1.201880693435668945e+00 -1.223344206809997559e+00 1.205736160278320312e+00 -1.853453963994979858e-01 -2.324055582284927368e-01 -2.125803232192993164e-01
1.205649971961975098e+00 -1.219502687454223633e+00 1.200124502182006836e+00 -1.898947805166244507e-01 -2.326419651508331299e-01 -2.138777822256088257e-01
1.198606014251708984e+00 -1.228043079376220703e+00 1.210086822509765625e+00 -1.879291385412216187e-01 -2.348351925611495972e-01 -2.088231742382049561e-01
