1.184352993965148926e+00 -1.238041520118713379e+00 1.208066105842590332e+00 -2.094094902276992798e-01 -2.185511142015457153e-01 -1.383982598781585693e-01
1.207393407821655273e+00 -1.219995498657226562e+00 1.203184843063354492e+00 -2.016040682792663574e-01 -2.082832604646682739e-01 -1.803682446479797363e-01
1.200617194175720215e+00 -1.225916743278503418e+00 1.202469468116760254e+00 -2.064410597085952759e-01 -2.170373797416687012e-01 -2.105229347944259644e-01
1.211545109748840332e+00 -1.212156057357788086e+00 1.196330308914184570e+00 -2.151238322257995605e-01 -1.865830123424530029e-01 -1.744090318679809570e-01
1.211681842803955078e+00 -1.209998965263366699e+00 1.193273305892944336e+00 -2.174548655748367310e-01 -2.048088014125823975e-01 -1.992969214916229248e-01
1.202314853668212891e+00 -1.216406106948852539e+00 1.183432936668395996e+00 -2.063025087118148804e-01 -2.083901464939117432e-01 -2.025299072265625000e-01
1.207597494125366211e+00 -1.212811827659606934e+00 1.193443894386291504e+00 -2.050170898437500000e-01 -1.993829011917114258e-01 -1.936257928609848022e-01
1.208748936653137207e+00 -1.215505719184875488e+00 1.198383688926696777e+00 -2.045615762472152710e-01 -2.012602537870407104e-01 -1.881367564201354980e-01
1.210748076438903809e+00 -1.212799072265625000e+00 1.194504022598266602e+00 -1.976367086172103882e-01 -1.959238499402999878e-01 -1.815547049045562744e-01
1.209819793701171875e+00 -1.210979461669921875e+00 1.193698525428771973e+00 -2.027626186609268188e-01 -2.003083527088165283e-01 -1.780751049518585205e-01
1.207585453987121582e+00 -1.216193675994873047e+00 1.197061538696289062e+00 -2.054914832115173340e-01 -2.027660459280014038e-01 -1.741171181201934814e-01
