1.179531097412109375e+00 -1.256365537643432617e+00 1.072791934013366699e+00 -2.170198708772659302e-01 -2.127585411071777344e-01 -1.651178151369094849e-01
1.206394910812377930e+00 -1.221325397491455078e+00 1.200700163841247559e+00 -1.897182911634445190e-01 -2.031436413526535034e-01 -2.185729593038558960e-01
1.204557180404663086e+00 -1.226406097412109375e+00 1.207962632179260254e+00 -1.891635656356811523e-01 -1.962352991104125977e-01 -2.002735137939453125e-01
1.205000042915344238e+00 -1.229526638984680176e+00 1.211520910263061523e+00 -1.425844430923461914e-01 -1.775844991207122803e-01 -2.250006049871444702e-01
1.202846169471740723e+00 -1.229827642440795898e+00 1.210638523101806641e+00 -1.728420853614807129e-01 -1.906168758869171143e-01 -2.186543941497802734e-01
1.208302259445190430e+00 -1.219643354415893555e+00 1.197140932083129883e+00 -1.623319089412689209e-01 -1.917290836572647095e-01 -2.143830955028533936e-01
1.211037039756774902e+00 -1.212169051170349121e+00 1.195906639099121094e+00 -1.766247451305389404e-01 -2.009992599487304688e-01 -1.989634782075881958e-01
1.205829858779907227e+00 -1.218932986259460449e+00 1.198079824447631836e+00 -1.764086037874221802e-01 -2.005621641874313354e-01 -2.238500267267227173e-01
1.205084562301635742e+00 -1.220582127571105957e+00 1.200259447097778320e+00 -1.736850589513778687e-01 -1.916882097721099854e-01 -2.205207943916320801e-01
1.205900907516479492e+00 -1.220236420631408691e+00 1.200317025184631348e+00 -1.815055459737777710e-01 -2.016181945800781250e-01 -2.003068327903747559e-01
1.207466959953308105e+00 -1.220387816429138184e+00 1.200206637382507324e+00 -1.792789101600646973e-01 -1.982649713754653931e-01 -2.141076028347015381e-01
