1.090828418731689453e+00 -1.032971501350402832e+00 1.052772164344787598e+00 -2.317977547645568848e-01 -2.038911283016204834e-01 -1.351564675569534302e-01
1.202525258064270020e+00 -1.223908901214599609e+00 1.206593751907348633e+00 -2.109764963388442993e-01 -2.066440433263778687e-01 -1.866177320480346680e-01
1.202137351036071777e+00 -1.224768757820129395e+00 1.206604957580566406e+00 -1.915429085493087769e-01 -2.067238688468933105e-01 -2.159969657659530640e-01
1.199752807617187500e+00 -1.226860284805297852e+00 1.211350202560424805e+00 -1.898635625839233398e-01 -1.978400051593780518e-01 -2.022739946842193604e-01
1.200034260749816895e+00 -1.228728055953979492e+00 1.209690451622009277e+00 -2.018986344337463379e-01 -1.966039836406707764e-01 -2.002999931573867798e-01
1.204578399658203125e+00 -1.222591876983642578e+00 1.206071496009826660e+00 -1.942616105079650879e-01 -1.955712288618087769e-01 -2.081389576196670532e-01
1.199194312095642090e+00 -1.227681756019592285e+00 1.209336400032043457e+00 -2.026026546955108643e-01 -2.026401758193969727e-01 -1.947934627532958984e-01
1.195738315582275391e+00 -1.235071301460266113e+00 1.216502547264099121e+00 -1.953929662704467773e-01 -2.079055309295654297e-01 -1.997200250625610352e-01
1.196868658065795898e+00 -1.231411933898925781e+00 1.213136315345764160e+00 -1.974569112062454224e-01 -2.004811465740203857e-01 -2.120243459939956665e-01
1.198022484779357910e+00 -1.230762481689453125e+00 1.212585926055908203e+00 -2.012999206781387329e-01 -2.040397673845291138e-01 -2.088254392147064209e-01
1.198922514915466309e+00 -1.227779626846313477e+00 1.211510777473449707e+00 -2.068017721176147461e-01 -1.947640627622604370e-01 -2.049404233694076538e-01
