1.068768382072448730e+00 -1.238968014717102051e+00 1.170040607452392578e+00 -1.882255226373672485e-01 -2.002138495445251465e-01 -2.049130350351333618e-01
1.213710427284240723e+00 -1.206713676452636719e+00 1.190818548202514648e+00 -1.938818842172622681e-01 -2.149793207645416260e-01 -1.934404969215393066e-01
1.186338067054748535e+00 -1.140946388244628906e+00 1.265889644622802734e+00 -1.899606287479400635e-01 -2.178824692964553833e-01 -1.755373179912567139e-01
1.210391879081726074e+00 -1.211574435234069824e+00 1.197517871856689453e+00 -1.874896734952926636e-01 -2.126694321632385254e-01 -1.994270384311676025e-01
1.214321970939636230e+00 -1.207802772521972656e+00 1.194334149360656738e+00 -1.913831979036331177e-01 -2.157767713069915771e-01 -1.963481754064559937e-01
1.216391801834106445e+00 -1.206497669219970703e+00 1.194876074790954590e+00 -1.936999112367630005e-01 -2.251969426870346069e-01 -1.994453966617584229e-01
1.213970422744750977e+00 -1.210031032562255859e+00 1.198613047599792480e+00 -1.901231855154037476e-01 -2.211729884147644043e-01 -1.856959164142608643e-01
1.211376547813415527e+00 -1.211509704589843750e+00 1.198093652725219727e+00 -2.008323520421981812e-01 -2.125844061374664307e-01 -2.120278328657150269e-01
1.212798833847045898e+00 -1.209514975547790527e+00 1.189177632331848145e+00 -2.052950561046600342e-01 -2.215975672006607056e-01 -1.952799111604690552e-01
1.210273623466491699e+00 -1.212278127670288086e+00 1.195106625556945801e+00 -2.024309039115905762e-01 -2.217649668455123901e-01 -1.987035274505615234e-01
1.211194872856140137e+00 -1.211247205734252930e+00 1.195885419845581055e+00 -1.933019459247589111e-01 -2.209515869617462158e-01 -1.959767639636993408e-01
