1.221933484077453613e+00 -1.163117527961730957e+00 1.222016930580139160e+00 -2.299128174781799316e-01 -1.892959177494049072e-01 -1.803880780935287476e-01
1.209594011306762695e+00 -1.212925910949707031e+00 1.197669863700866699e+00 -2.305203527212142944e-01 -1.901826262474060059e-01 -1.755181550979614258e-01
1.211623668670654297e+00 -1.211320877075195312e+00 1.194113731384277344e+00 -2.147254198789596558e-01 -1.951530128717422485e-01 -1.807682663202285767e-01
1.202203631401062012e+00 -1.219886302947998047e+00 1.204093694686889648e+00 -2.050104737281799316e-01 -1.883118599653244019e-01 -1.942573636770248413e-01
1.208082318305969238e+00 -1.215941309928894043e+00 1.198692560195922852e+00 -2.122588306665420532e-01 -2.000879049301147461e-01 -1.838357299566268921e-01
1.206918597221374512e+00 -1.215166449546813965e+00 1.196926116943359375e+00 -2.208450883626937866e-01 -1.984144896268844604e-01 -1.887196004390716553e-01
1.207746505737304688e+00 -1.216481447219848633e+00 1.196627616882324219e+00 -2.205632627010345459e-01 -1.809003204107284546e-01 -1.729449033737182617e-01
1.210431456565856934e+00 -1.213624954223632812e+00 1.192371249198913574e+00 -2.208908796310424805e-01 -1.690960526466369629e-01 -1.747563630342483521e-01
1.206680297851562500e+00 -1.215975403785705566e+00 1.197706460952758789e+00 -2.344335466623306274e-01 -1.813107430934906006e-01 -1.666240692138671875e-01
1.211853861808776855e+00 -1.209452629089355469e+00 1.190850019454956055e+00 -2.317215651273727417e-01 -1.877084821462631226e-01 -1.766310334205627441e-01
1.213112950325012207e+00 -1.208449125289916992e+00 1.190204739570617676e+00 -2.308020144701004028e-01 -1.832622885704040527e-01 -1.716115772724151611e-01
