1.205312132835388184e+00 -1.248923659324645996e+00 1.205701351165771484e+00 -2.342311143875122070e-01 -2.326864004135131836e-01 -2.607977390289306641e-01
1.202253818511962891e+00 -1.225105524063110352e+00 1.207926392555236816e+00 -2.405081987380981445e-01 -2.456286400556564331e-01 -2.319722771644592285e-01
1.206793427467346191e+00 -1.214914083480834961e+00 1.198691010475158691e+00 -2.474057376384735107e-01 -2.487756907939910889e-01 -2.103762626647949219e-01
1.203395128250122070e+00 -1.222366333007812500e+00 1.204494714736938477e+00 -2.418949902057647705e-01 -2.453902661800384521e-01 -2.196345776319503784e-01
1.205146551132202148e+00 -1.220663070678710938e+00 1.204053640365600586e+00 -2.441217601299285889e-01 -2.496209442615509033e-01 -2.181748300790786743e-01
1.208559036254882812e+00 -1.218618988990783691e+00 1.206667542457580566e+00 -2.444519698619842529e-01 -2.569371461868286133e-01 -2.165659070014953613e-01
1.202834367752075195e+00 -1.224426269531250000e+00 1.207019329071044922e+00 -2.504092454910278320e-01 -2.514828443527221680e-01 -2.357467114925384521e-01
1.198887944221496582e+00 -1.232439398765563965e+00 1.212384939193725586e+00 -2.524836957454681396e-01 -2.455881834030151367e-01 -2.352049201726913452e-01
1.208220720291137695e+00 -1.217784166336059570e+00 1.199693560600280762e+00 -2.609474360942840576e-01 -2.409985363483428955e-01 -2.117395997047424316e-01
1.209648728370666504e+00 -1.215481519699096680e+00 1.199552059173583984e+00 -2.522332668304443359e-01 -2.454230040311813354e-01 -2.266364991664886475e-01
1.204209446907043457e+00 -1.223361611366271973e+00 1.206755757331848145e+00 -2.412190586328506470e-01 -2.451165318489074707e-01 -2.314538657665252686e-01
