1.137867212295532227e+00 -1.171214938163757324e+00 1.232269644737243652e+00 -1.745560318231582642e-01 -3.135045468807220459e-01 -1.928969025611877441e-01
1.204603552818298340e+00 -1.224737405776977539e+00 1.205979704856872559e+00 -1.559283286333084106e-01 -2.753075659275054932e-01 -2.605672478675842285e-01
1.203212380409240723e+00 -1.222042202949523926e+00 1.206068515777587891e+00 -1.585944145917892456e-01 -2.830701768398284912e-01 -2.526279389858245850e-01
1.200191974639892578e+00 -1.224610328674316406e+00 1.210273146629333496e+00 -1.469620317220687866e-01 -2.805502414703369141e-01 -2.434339821338653564e-01
1.207003712654113770e+00 -1.221483707427978516e+00 1.200927615165710449e+00 -1.646621823310852051e-01 -2.676631510257720947e-01 -2.459980398416519165e-01
1.202616453170776367e+00 -1.227862119674682617e+00 1.212285161018371582e+00 -1.565059423446655273e-01 -2.558685839176177979e-01 -2.330813705921173096e-01
1.200962901115417480e+00 -1.227812051773071289e+00 1.209011793136596680e+00 -1.639655530452728271e-01 -2.684046626091003418e-01 -2.321630120277404785e-01
1.200274109840393066e+00 -1.228868842124938965e+00 1.212485194206237793e+00 -1.652409136295318604e-01 -2.723768353462219238e-01 -2.329177856445312500e-01
1.201974153518676758e+00 -1.225953221321105957e+00 1.206659317016601562e+00 -1.613460481166839600e-01 -2.608420550823211670e-01 -2.517361640930175781e-01
1.206313371658325195e+00 -1.220385551452636719e+00 1.204569697380065918e+00 -1.616429835557937622e-01 -2.756412327289581299e-01 -2.413636893033981323e-01
1.201956152915954590e+00 -1.226623654365539551e+00 1.208557367324829102e+00 -1.527923941612243652e-01 -2.720082104206085205e-01 -2.433160245418548584e-01
