1.202483177185058594e+00 -1.205212593078613281e+00 1.224449515342712402e+00 -2.214465886354446411e-01 -2.082325369119644165e-01 -2.205917388200759888e-01
1.200107216835021973e+00 -1.232461810111999512e+00 1.213971972465515137e+00 -2.211206853389739990e-01 -2.074389159679412842e-01 -2.224277406930923462e-01
1.251420974731445312e+00 -1.145913600921630859e+00 1.127213239669799805e+00 -2.582284808158874512e-01 -2.040573358535766602e-01 -1.965029686689376831e-01
1.199109435081481934e+00 -1.231531023979187012e+00 1.218041896820068359e+00 -2.520096302032470703e-01 -2.048930227756500244e-01 -2.231862097978591919e-01
1.195719957351684570e+00 -1.237851023674011230e+00 1.218547224998474121e+00 -2.548928856849670410e-01 -2.032126188278198242e-01 -2.134088873863220215e-01
1.193396687507629395e+00 -1.234827280044555664e+00 1.211513638496398926e+00 -2.423433065414428711e-01 -2.064532786607742310e-01 -2.209309786558151245e-01
1.204566955566406250e+00 -1.224558234214782715e+00 1.205468773841857910e+00 -2.407304644584655762e-01 -2.091050744056701660e-01 -2.165002822875976562e-01
1.187820434570312500e+00 -1.255200386047363281e+00 1.237756252288818359e+00 -2.383547276258468628e-01 -2.141763567924499512e-01 -2.236023992300033569e-01
1.196311116218566895e+00 -1.238257408142089844e+00 1.225861787796020508e+00 -2.347358316183090210e-01 -2.202152907848358154e-01 -2.239567488431930542e-01
1.208311319351196289e+00 -1.228824019432067871e+00 1.211398959159851074e+00 -2.324859797954559326e-01 -2.151733785867691040e-01 -2.192804515361785889e-01
1.198675751686096191e+00 -1.232127308845520020e+00 1.211619615554809570e+00 -2.285309284925460815e-01 -2.135942280292510986e-01 -2.191697806119918823e-01
