1.241486310958862305e+00 -1.043893575668334961e+00 1.128637313842773438e+00 -2.806299924850463867e-01 -2.066580802202224731e-01 -1.190062016248703003e-01
1.235804557800292969e+00 -1.173183083534240723e+00 1.155617237091064453e+00 -2.686235010623931885e-01 -1.894938349723815918e-01 -1.671088188886642456e-01
1.230643749237060547e+00 -1.177148818969726562e+00 1.162815928459167480e+00 -2.699330747127532959e-01 -1.902700364589691162e-01 -1.629043668508529663e-01
1.183667421340942383e+00 -1.249877214431762695e+00 1.235897183418273926e+00 -2.725635170936584473e-01 -1.825006604194641113e-01 -1.891862452030181885e-01
1.196460604667663574e+00 -1.231506705284118652e+00 1.208078742027282715e+00 -2.687329053878784180e-01 -1.809069514274597168e-01 -1.782215386629104614e-01
1.192469358444213867e+00 -1.251623988151550293e+00 1.234098076820373535e+00 -2.610426247119903564e-01 -1.804380714893341064e-01 -1.817511469125747681e-01
1.204810500144958496e+00 -1.222968816757202148e+00 1.201497793197631836e+00 -2.645424604415893555e-01 -1.830867379903793335e-01 -1.701588332653045654e-01
1.216638445854187012e+00 -1.204916596412658691e+00 1.186382412910461426e+00 -2.670715451240539551e-01 -1.902390420436859131e-01 -1.739223599433898926e-01
1.224046468734741211e+00 -1.196382164955139160e+00 1.178529143333435059e+00 -2.661089301109313965e-01 -1.914267241954803467e-01 -1.860382854938507080e-01
1.213461399078369141e+00 -1.211408495903015137e+00 1.187122583389282227e+00 -2.677310109138488770e-01 -1.904541254043579102e-01 -1.889855861663818359e-01
1.216243505477905273e+00 -1.206894040107727051e+00 1.184219121932983398e+00 -2.661088109016418457e-01 -1.907394826412200928e-01 -1.750701367855072021e-01
