1.218495488166809082e+00 -1.229912400245666504e+00 1.121394395828247070e+00 -2.088050395250320435e-01 -1.969520747661590576e-01 -1.703390628099441528e-01
1.204826474189758301e+00 -1.219606757164001465e+00 1.206605195999145508e+00 -1.958573162555694580e-01 -2.032403349876403809e-01 -1.777283847332000732e-01
1.205579757690429688e+00 -1.214571118354797363e+00 1.201092481613159180e+00 -1.671173572540283203e-01 -1.919043958187103271e-01 -1.821638345718383789e-01
1.207193732261657715e+00 -1.215908646583557129e+00 1.197400927543640137e+00 -1.969852745532989502e-01 -1.957068592309951782e-01 -1.811923980712890625e-01
1.205888509750366211e+00 -1.213045001029968262e+00 1.194443464279174805e+00 -2.000552266836166382e-01 -2.056852281093597412e-01 -1.797333210706710815e-01
1.201021671295166016e+00 -1.224732160568237305e+00 1.210769891738891602e+00 -1.887189745903015137e-01 -1.906593441963195801e-01 -1.847745329141616821e-01
1.199598312377929688e+00 -1.227435588836669922e+00 1.208790421485900879e+00 -1.890934556722640991e-01 -1.995568275451660156e-01 -1.797706484794616699e-01
1.207239627838134766e+00 -1.218141794204711914e+00 1.203745245933532715e+00 -1.875959336757659912e-01 -2.003418356180191040e-01 -1.707633435726165771e-01
1.214706897735595703e+00 -1.202659845352172852e+00 1.189720392227172852e+00 -1.980763524770736694e-01 -1.948116123676300049e-01 -1.728694289922714233e-01
1.216060042381286621e+00 -1.205999851226806641e+00 1.185048699378967285e+00 -2.051517665386199951e-01 -2.009192407131195068e-01 -1.693494915962219238e-01
1.225284576416015625e+00 -1.189865231513977051e+00 1.171611428260803223e+00 -2.071497142314910889e-01 -1.997321844100952148e-01 -1.663211882114410400e-01
