1.186100125312805176e+00 -1.223166942596435547e+00 1.224716067314147949e+00 -1.936924010515213013e-01 -2.298244088888168335e-01 -2.258545607328414917e-01
1.211612224578857422e+00 -1.221508026123046875e+00 1.204934835433959961e+00 -2.011082172393798828e-01 -2.337464988231658936e-01 -2.171260267496109009e-01
1.232244253158569336e+00 -1.183226704597473145e+00 1.161104798316955566e+00 -2.144476324319839478e-01 -2.600623667240142822e-01 -2.137010395526885986e-01
1.227189779281616211e+00 -1.192580580711364746e+00 1.175375103950500488e+00 -2.029183208942413330e-01 -2.371521592140197754e-01 -2.022825479507446289e-01
1.201918959617614746e+00 -1.228687167167663574e+00 1.220376729965209961e+00 -1.842149794101715088e-01 -2.459167540073394775e-01 -2.196376174688339233e-01
1.230991959571838379e+00 -1.183305978775024414e+00 1.173984050750732422e+00 -2.030077129602432251e-01 -2.339399605989456177e-01 -1.906050443649291992e-01
1.223003149032592773e+00 -1.207005977630615234e+00 1.185687899589538574e+00 -1.941635310649871826e-01 -2.320974767208099365e-01 -2.032849937677383423e-01
1.231881022453308105e+00 -1.191258788108825684e+00 1.174860358238220215e+00 -1.987819969654083252e-01 -2.267891466617584229e-01 -1.898874938488006592e-01
1.249346852302551270e+00 -1.153028130531311035e+00 1.136970639228820801e+00 -2.106837332248687744e-01 -2.285704910755157471e-01 -1.908383667469024658e-01
1.227220654487609863e+00 -1.189592242240905762e+00 1.176577925682067871e+00 -2.069808989763259888e-01 -2.347427308559417725e-01 -1.969011276960372925e-01
1.224413990974426270e+00 -1.191212773323059082e+00 1.176158308982849121e+00 -2.088879048824310303e-01 -2.331741750240325928e-01 -2.029580324888229370e-01
