1.176049947738647461e+00 -9.979212880134582520e-01 1.158012032508850098e+00 -2.061583101749420166e-01 -2.074885815382003784e-01 -1.698951572179794312e-01
1.211737036705017090e+00 -1.217774033546447754e+00 1.206324696540832520e+00 -2.000893801450729370e-01 -2.235670238733291626e-01 -1.765526235103607178e-01
1.117236137390136719e+00 -1.022921323776245117e+00 1.185040593147277832e+00 -2.199974060058593750e-01 -2.347807586193084717e-01 -1.655847728252410889e-01
1.213073730468750000e+00 -1.224887847900390625e+00 1.211328387260437012e+00 -2.054714113473892212e-01 -2.232428193092346191e-01 -1.992618292570114136e-01
1.178972959518432617e+00 -1.264326691627502441e+00 1.244881987571716309e+00 -2.009404897689819336e-01 -2.255957722663879395e-01 -1.741784214973449707e-01
1.180418372154235840e+00 -1.261458039283752441e+00 1.245341300964355469e+00 -1.770371794700622559e-01 -2.084327787160873413e-01 -1.995796263217926025e-01
1.188086032867431641e+00 -1.247512340545654297e+00 1.225883960723876953e+00 -1.952604651451110840e-01 -2.083841115236282349e-01 -1.864657849073410034e-01
1.184864163398742676e+00 -1.259841918945312500e+00 1.247893571853637695e+00 -1.930259913206100464e-01 -2.205214798450469971e-01 -1.790488362312316895e-01
1.183811187744140625e+00 -1.256039381027221680e+00 1.235293030738830566e+00 -1.941602528095245361e-01 -2.182171493768692017e-01 -1.715742349624633789e-01
1.191071629524230957e+00 -1.241048932075500488e+00 1.226732373237609863e+00 -1.947003304958343506e-01 -2.121901512145996094e-01 -1.755559444427490234e-01
1.200163602828979492e+00 -1.230426073074340820e+00 1.214246392250061035e+00 -1.912572979927062988e-01 -2.117623388767242432e-01 -1.847414523363113403e-01
