1.166886568069458008e+00 -1.100637078285217285e+00 1.260807991027832031e+00 -3.118220567703247070e-01 -2.086224704980850220e-01 -1.769995838403701782e-01
1.167333126068115234e+00 -1.101881027221679688e+00 1.260097980499267578e+00 -3.118310272693634033e-01 -2.084735780954360962e-01 -1.772037446498870850e-01
1.168581366539001465e+00 -1.105306625366210938e+00 1.258156299591064453e+00 -3.118546307086944580e-01 -2.080650925636291504e-01 -1.777687817811965942e-01
1.171984076499938965e+00 -1.114580035209655762e+00 1.252985596656799316e+00 -3.119136095046997070e-01 -2.069666385650634766e-01 -1.793076992034912109e-01
1.180969357490539551e+00 -1.137550115585327148e+00 1.241033315658569336e+00 -3.120097219944000244e-01 -2.044966518878936768e-01 -1.830874830484390259e-01
1.195027828216552734e+00 -1.181229472160339355e+00 1.215746879577636719e+00 -3.120994567871093750e-01 -1.992299854755401611e-01 -1.900373846292495728e-01
1.206291913986206055e+00 -1.201764225959777832e+00 1.200241088867187500e+00 -3.121603727340698242e-01 -1.964892596006393433e-01 -1.929884105920791626e-01
1.211940169334411621e+00 -1.208299875259399414e+00 1.197109818458557129e+00 -3.114648759365081787e-01 -1.962444484233856201e-01 -1.933636367321014404e-01
1.209285497665405273e+00 -1.210756540298461914e+00 1.196373820304870605e+00 -3.106853961944580078e-01 -1.969108581542968750e-01 -1.922456920146942139e-01
1.209498643875122070e+00 -1.211311578750610352e+00 1.196372866630554199e+00 -3.099831938743591309e-01 -1.976269334554672241e-01 -1.910883784294128418e-01
1.209936499595642090e+00 -1.211372375488281250e+00 1.196556091308593750e+00 -3.093053102493286133e-01 -1.983510255813598633e-01 -1.899468749761581421e-01
