1.202099204063415527e+00 -1.160393118858337402e+00 1.199233651161193848e+00 -1.485973894596099854e-01 -2.615706920623779297e-01 -1.699736714363098145e-01
1.202136039733886719e+00 -1.161022305488586426e+00 1.199259281158447266e+00 -1.485805958509445190e-01 -2.615661323070526123e-01 -1.700536012649536133e-01
1.202227592468261719e+00 -1.162756443023681641e+00 1.199344038963317871e+00 -1.485317200422286987e-01 -2.615547180175781250e-01 -1.702735126018524170e-01
1.202608108520507812e+00 -1.167340159416198730e+00 1.199570059776306152e+00 -1.484018117189407349e-01 -2.615181207656860352e-01 -1.708674430847167969e-01
1.203249096870422363e+00 -1.178928256034851074e+00 1.199437379837036133e+00 -1.481242775917053223e-01 -2.613802254199981689e-01 -1.723055243492126465e-01
1.204854011535644531e+00 -1.198249220848083496e+00 1.199637055397033691e+00 -1.474467664957046509e-01 -2.612162828445434570e-01 -1.745810806751251221e-01
1.209121823310852051e+00 -1.209505319595336914e+00 1.201166152954101562e+00 -1.465258002281188965e-01 -2.608421444892883301e-01 -1.763680428266525269e-01
1.209304213523864746e+00 -1.211993932723999023e+00 1.200463771820068359e+00 -1.460473239421844482e-01 -2.607190310955047607e-01 -1.759813129901885986e-01
1.207637310028076172e+00 -1.213045001029968262e+00 1.200295090675354004e+00 -1.456195414066314697e-01 -2.607893049716949463e-01 -1.751977503299713135e-01
1.207021236419677734e+00 -1.213432550430297852e+00 1.200344085693359375e+00 -1.451542377471923828e-01 -2.608400881290435791e-01 -1.745556443929672241e-01
1.207436084747314453e+00 -1.213709592819213867e+00 1.200615763664245605e+00 -1.446812599897384644e-01 -2.608528733253479004e-01 -1.740776300430297852e-01
