1.173749446868896484e+00 -1.262989997863769531e+00 1.192324995994567871e+00 -1.997621655464172363e-01 -1.716768145561218262e-01 -1.889245957136154175e-01
1.174145698547363281e+00 -1.262473464012145996e+00 1.192342162132263184e+00 -1.997756659984588623e-01 -1.716834753751754761e-01 -1.888660341501235962e-01
1.175228238105773926e+00 -1.261037468910217285e+00 1.192379951477050781e+00 -1.998144388198852539e-01 -1.716986000537872314e-01 -1.887051463127136230e-01
1.178383111953735352e+00 -1.257066488265991211e+00 1.192805886268615723e+00 -1.998929381370544434e-01 -1.717894971370697021e-01 -1.882628947496414185e-01
1.185912728309631348e+00 -1.245984196662902832e+00 1.192692160606384277e+00 -2.002216130495071411e-01 -1.718454509973526001e-01 -1.869718432426452637e-01
1.200344681739807129e+00 -1.228424072265625000e+00 1.193432569503784180e+00 -2.005677968263626099e-01 -1.720270812511444092e-01 -1.849626004695892334e-01
1.206861615180969238e+00 -1.221981644630432129e+00 1.197026848793029785e+00 -2.000077962875366211e-01 -1.728944778442382812e-01 -1.832868456840515137e-01
1.209554195404052734e+00 -1.216885805130004883e+00 1.198227524757385254e+00 -1.995234489440917969e-01 -1.736434102058410645e-01 -1.812788099050521851e-01
1.209682226181030273e+00 -1.215546727180480957e+00 1.198299884796142578e+00 -1.990143507719039917e-01 -1.741234958171844482e-01 -1.797397881746292114e-01
1.209252595901489258e+00 -1.215296149253845215e+00 1.198162674903869629e+00 -1.984916925430297852e-01 -1.745923459529876709e-01 -1.783547103404998779e-01
1.209074854850769043e+00 -1.215365052223205566e+00 1.198354125022888184e+00 -1.979510486125946045e-01 -1.750522404909133911e-01 -1.771052181720733643e-01
