1.208795428276062012e+00 -1.222809195518493652e+00 1.202157735824584961e+00 -2.209973484277725220e-01 -1.806602478027343750e-01 -2.194414138793945312e-01
1.208780884742736816e+00 -1.222784399986267090e+00 1.202124714851379395e+00 -2.209978252649307251e-01 -1.806606054306030273e-01 -2.194277495145797729e-01
1.208739995956420898e+00 -1.222714304924011230e+00 1.202032089233398438e+00 -2.209989279508590698e-01 -1.806616485118865967e-01 -2.193897217512130737e-01
1.208621501922607422e+00 -1.222512006759643555e+00 1.201762437820434570e+00 -2.210011184215545654e-01 -1.806667298078536987e-01 -2.192765772342681885e-01
1.208287715911865234e+00 -1.221967697143554688e+00 1.200986266136169434e+00 -2.210103422403335571e-01 -1.806751638650894165e-01 -2.189666926860809326e-01
1.207750916481018066e+00 -1.221633434295654297e+00 1.199784636497497559e+00 -2.209106087684631348e-01 -1.808066368103027344e-01 -2.182810008525848389e-01
1.207050561904907227e+00 -1.220660328865051270e+00 1.198402285575866699e+00 -2.207487970590591431e-01 -1.811082959175109863e-01 -2.171601355075836182e-01
1.208273053169250488e+00 -1.219111323356628418e+00 1.197753548622131348e+00 -2.204609066247940063e-01 -1.814962178468704224e-01 -2.159729003906250000e-01
1.209173321723937988e+00 -1.217898130416870117e+00 1.197504878044128418e+00 -2.200831472873687744e-01 -1.820252984762191772e-01 -2.147172689437866211e-01
1.208194494247436523e+00 -1.217342019081115723e+00 1.197139620780944824e+00 -2.197263538837432861e-01 -1.824997365474700928e-01 -2.136039733886718750e-01
1.209616184234619141e+00 -1.217169284820556641e+00 1.196785330772399902e+00 -2.193764299154281616e-01 -1.827941238880157471e-01 -2.127422988414764404e-01
