1.271633148193359375e+00 -1.179852366447448730e+00 1.161376953125000000e+00 -1.952315270900726318e-01 -1.836093962192535400e-01 -2.443916946649551392e-01
1.270953655242919922e+00 -1.180245161056518555e+00 1.161767244338989258e+00 -1.951690614223480225e-01 -1.836915910243988037e-01 -2.444090545177459717e-01
1.269073009490966797e+00 -1.181373119354248047e+00 1.162825703620910645e+00 -1.949947625398635864e-01 -1.839111298322677612e-01 -2.444691061973571777e-01
1.264147400856018066e+00 -1.184115052223205566e+00 1.165871262550354004e+00 -1.945245116949081421e-01 -1.845405250787734985e-01 -2.445923089981079102e-01
1.252073049545288086e+00 -1.191338658332824707e+00 1.172487854957580566e+00 -1.934388726949691772e-01 -1.860047876834869385e-01 -2.448801845312118530e-01
1.227849483489990234e+00 -1.204604864120483398e+00 1.184924721717834473e+00 -1.912852823734283447e-01 -1.889962852001190186e-01 -2.452657818794250488e-01
1.218285441398620605e+00 -1.207507967948913574e+00 1.189539670944213867e+00 -1.906084269285202026e-01 -1.904837638139724731e-01 -2.450962960720062256e-01
1.212427616119384766e+00 -1.213700294494628906e+00 1.194069027900695801e+00 -1.897043883800506592e-01 -1.919807195663452148e-01 -2.452093064785003662e-01
1.212535858154296875e+00 -1.214095950126647949e+00 1.194936394691467285e+00 -1.895263046026229858e-01 -1.927101612091064453e-01 -2.448687255382537842e-01
1.212454080581665039e+00 -1.214065313339233398e+00 1.195148944854736328e+00 -1.893857866525650024e-01 -1.933433413505554199e-01 -2.444626688957214355e-01
1.212385416030883789e+00 -1.214086174964904785e+00 1.195298075675964355e+00 -1.892547607421875000e-01 -1.939508020877838135e-01 -2.440840899944305420e-01
