1.247751951217651367e+00 -1.059384584426879883e+00 1.179183840751647949e+00 -2.446411103010177612e-01 -1.559988856315612793e-01 -1.801952719688415527e-01
1.259010434150695801e+00 -1.139855861663818359e+00 1.120206713676452637e+00 -2.481453269720077515e-01 -1.524582505226135254e-01 -1.786003112792968750e-01
1.285786151885986328e+00 -1.090161561965942383e+00 1.062814593315124512e+00 -2.530189156532287598e-01 -1.621651351451873779e-01 -1.577352285385131836e-01
1.299166321754455566e+00 -1.068179726600646973e+00 1.047411918640136719e+00 -2.634699046611785889e-01 -1.656571328639984131e-01 -1.714557111263275146e-01
1.309649348258972168e+00 -1.049172043800354004e+00 1.032039880752563477e+00 -2.485425174236297607e-01 -1.603006869554519653e-01 -1.605448424816131592e-01
1.255824089050292969e+00 -1.133236885070800781e+00 1.119356513023376465e+00 -2.508099675178527832e-01 -1.822842955589294434e-01 -1.644388586282730103e-01
1.264862537384033203e+00 -1.125845193862915039e+00 1.106737136840820312e+00 -2.459591180086135864e-01 -1.645223051309585571e-01 -1.800809502601623535e-01
1.260119318962097168e+00 -1.136303901672363281e+00 1.116088509559631348e+00 -2.480716109275817871e-01 -1.654037088155746460e-01 -1.771200895309448242e-01
1.277984261512756348e+00 -1.109703898429870605e+00 1.088660717010498047e+00 -2.519463896751403809e-01 -1.475529521703720093e-01 -1.622027009725570679e-01
1.262810468673706055e+00 -1.133246779441833496e+00 1.114812970161437988e+00 -2.500990033149719238e-01 -1.620785742998123169e-01 -1.647454351186752319e-01
1.260244965553283691e+00 -1.134093642234802246e+00 1.114956855773925781e+00 -2.461510747671127319e-01 -1.587785184383392334e-01 -1.642528474330902100e-01
