1.219099998474121094e+00 -1.145535707473754883e+00 1.030704855918884277e+00 -1.851204782724380493e-01 -2.095970809459686279e-01 -1.271107792854309082e-01
1.206893444061279297e+00 -1.225502133369445801e+00 1.202573657035827637e+00 -1.593923717737197876e-01 -1.974151134490966797e-01 -1.958689242601394653e-01
1.189241290092468262e+00 -1.211905598640441895e+00 1.215116739273071289e+00 -1.736167073249816895e-01 -2.033691257238388062e-01 -1.789966076612472534e-01
1.201985955238342285e+00 -1.220145106315612793e+00 1.206549882888793945e+00 -1.748438179492950439e-01 -2.021287679672241211e-01 -2.059005051851272583e-01
1.206116437911987305e+00 -1.219105362892150879e+00 1.199894785881042480e+00 -1.788578033447265625e-01 -1.974162161350250244e-01 -1.848366856575012207e-01
1.213113188743591309e+00 -1.207769036293029785e+00 1.198763966560363770e+00 -1.624745875597000122e-01 -2.000125944614410400e-01 -1.860552728176116943e-01
1.204945921897888184e+00 -1.218413591384887695e+00 1.201236844062805176e+00 -1.640587151050567627e-01 -2.085877209901809692e-01 -1.895194202661514282e-01
1.207529544830322266e+00 -1.218128561973571777e+00 1.197465300559997559e+00 -1.612838357686996460e-01 -1.999893188476562500e-01 -1.892530918121337891e-01
1.208498358726501465e+00 -1.216731667518615723e+00 1.196993112564086914e+00 -1.592062413692474365e-01 -2.001093924045562744e-01 -1.875469386577606201e-01
1.205398440361022949e+00 -1.222935318946838379e+00 1.201773166656494141e+00 -1.597797870635986328e-01 -2.027345448732376099e-01 -1.854747235774993896e-01
1.205050230026245117e+00 -1.218063950538635254e+00 1.197843313217163086e+00 -1.574327051639556885e-01 -2.027934491634368896e-01 -1.829497516155242920e-01
