1.290831089019775391e+00 -1.232740283012390137e+00 1.211885452270507812e+00 -1.896304041147232056e-01 -2.404019236564636230e-01 -2.009323239326477051e-01
1.211004018783569336e+00 -1.213906049728393555e+00 1.195369601249694824e+00 -1.869849562644958496e-01 -2.284222245216369629e-01 -2.128676176071166992e-01
1.213973164558410645e+00 -1.218921542167663574e+00 1.195804476737976074e+00 -1.764064729213714600e-01 -2.371363639831542969e-01 -2.104909420013427734e-01
1.211766242980957031e+00 -1.212793588638305664e+00 1.204233884811401367e+00 -1.725919097661972046e-01 -2.249943315982818604e-01 -2.092726379632949829e-01
1.209930419921875000e+00 -1.214960098266601562e+00 1.199077725410461426e+00 -1.833662539720535278e-01 -2.195368111133575439e-01 -2.038348764181137085e-01
1.211292266845703125e+00 -1.216616868972778320e+00 1.197986721992492676e+00 -1.870579123497009277e-01 -2.254433631896972656e-01 -1.983051598072052002e-01
1.208232402801513672e+00 -1.214837670326232910e+00 1.200075864791870117e+00 -1.872126907110214233e-01 -2.237387001514434814e-01 -2.094791829586029053e-01
1.202240347862243652e+00 -1.224490284919738770e+00 1.206803202629089355e+00 -1.877952367067337036e-01 -2.317564934492111206e-01 -2.110957801342010498e-01
1.205714464187622070e+00 -1.217726230621337891e+00 1.203544020652770996e+00 -1.875777244567871094e-01 -2.363903224468231201e-01 -1.969673633575439453e-01
1.201847672462463379e+00 -1.224357366561889648e+00 1.207084178924560547e+00 -1.852011084556579590e-01 -2.344342470169067383e-01 -2.002014517784118652e-01
1.209441900253295898e+00 -1.216184377670288086e+00 1.198179602622985840e+00 -1.854758411645889282e-01 -2.311718165874481201e-01 -1.993296146392822266e-01
