1.292814970016479492e+00 -1.167841076850891113e+00 1.018392801284790039e+00 -2.143254578113555908e-01 -2.443482130765914917e-01 -2.331209033727645874e-01
1.207128882408142090e+00 -1.220348715782165527e+00 1.201381921768188477e+00 -1.885566413402557373e-01 -2.694234549999237061e-01 -2.378017902374267578e-01
1.201347470283508301e+00 -1.221535801887512207e+00 1.202511191368103027e+00 -1.829421073198318481e-01 -2.680452466011047363e-01 -2.493956238031387329e-01
1.211226463317871094e+00 -1.220583438873291016e+00 1.197081208229064941e+00 -1.806093454360961914e-01 -2.747640311717987061e-01 -2.332630753517150879e-01
1.204709529876708984e+00 -1.221369624137878418e+00 1.203542470932006836e+00 -1.742394268512725830e-01 -2.631176114082336426e-01 -2.281539291143417358e-01
1.201215505599975586e+00 -1.220921516418457031e+00 1.204109191894531250e+00 -1.797972172498703003e-01 -2.576130032539367676e-01 -2.251966297626495361e-01
1.200000405311584473e+00 -1.225862383842468262e+00 1.208444714546203613e+00 -1.855408996343612671e-01 -2.596670687198638916e-01 -2.287264764308929443e-01
1.201093435287475586e+00 -1.225434899330139160e+00 1.208750009536743164e+00 -1.834866404533386230e-01 -2.764120697975158691e-01 -2.331848889589309692e-01
1.201857447624206543e+00 -1.223761916160583496e+00 1.204279184341430664e+00 -1.850951313972473145e-01 -2.668975591659545898e-01 -2.367357164621353149e-01
1.201495766639709473e+00 -1.223247289657592773e+00 1.203156352043151855e+00 -1.837277412414550781e-01 -2.662924230098724365e-01 -2.385420352220535278e-01
1.202537775039672852e+00 -1.224492192268371582e+00 1.208499193191528320e+00 -1.860606074333190918e-01 -2.690670192241668701e-01 -2.407131195068359375e-01
