1.196652173995971680e+00 -1.345185637474060059e+00 1.188479542732238770e+00 -1.830483824014663696e-01 -1.951759010553359985e-01 -1.923346519470214844e-01
1.205388784408569336e+00 -1.220891833305358887e+00 1.207376718521118164e+00 -1.838129609823226929e-01 -1.967193633317947388e-01 -1.823947727680206299e-01
1.206247329711914062e+00 -1.221749901771545410e+00 1.204795360565185547e+00 -1.778147965669631958e-01 -2.005023509263992310e-01 -1.797809004783630371e-01
1.202357649803161621e+00 -1.223045349121093750e+00 1.207865834236145020e+00 -1.775471568107604980e-01 -1.952953189611434937e-01 -1.849343925714492798e-01
1.191921949386596680e+00 -1.227335572242736816e+00 1.213053464889526367e+00 -1.792340129613876343e-01 -1.979997009038925171e-01 -1.799264848232269287e-01
1.205309510231018066e+00 -1.225168347358703613e+00 1.206869959831237793e+00 -1.745752990245819092e-01 -1.863224953413009644e-01 -1.810217350721359253e-01
1.206149101257324219e+00 -1.221715211868286133e+00 1.205330371856689453e+00 -1.852762550115585327e-01 -1.879086196422576904e-01 -1.781559139490127563e-01
1.205475091934204102e+00 -1.222399950027465820e+00 1.206743955612182617e+00 -1.912475824356079102e-01 -1.921508908271789551e-01 -1.785241216421127319e-01
1.206184029579162598e+00 -1.221351027488708496e+00 1.206004977226257324e+00 -1.926548331975936890e-01 -1.915012896060943604e-01 -1.758296489715576172e-01
1.204275608062744141e+00 -1.226862430572509766e+00 1.209794998168945312e+00 -1.886358857154846191e-01 -1.958372294902801514e-01 -1.809082776308059692e-01
1.205217838287353516e+00 -1.224768161773681641e+00 1.209687352180480957e+00 -1.853196024894714355e-01 -1.991704702377319336e-01 -1.850090026855468750e-01
