1.214609622955322266e+00 -1.230251789093017578e+00 1.190044641494750977e+00 -1.230859756469726562e-01 -2.132645398378372192e-01 -2.177678048610687256e-01
1.202737808227539062e+00 -1.224687933921813965e+00 1.208545207977294922e+00 -1.241691038012504578e-01 -2.209727168083190918e-01 -2.069523930549621582e-01
1.225172758102416992e+00 -1.196260809898376465e+00 1.168015599250793457e+00 -1.217255517840385437e-01 -2.386990189552307129e-01 -1.912963092327117920e-01
1.199804186820983887e+00 -1.227201819419860840e+00 1.210877299308776855e+00 -1.152812242507934570e-01 -2.327854037284851074e-01 -1.922837793827056885e-01
1.200459122657775879e+00 -1.231252908706665039e+00 1.210831403732299805e+00 -1.119290217757225037e-01 -2.116745859384536743e-01 -1.954207867383956909e-01
1.197827219963073730e+00 -1.231948852539062500e+00 1.214581489562988281e+00 -1.160318106412887573e-01 -2.060768455266952515e-01 -2.014747709035873413e-01
1.201014041900634766e+00 -1.227317214012145996e+00 1.207735061645507812e+00 -1.184709146618843079e-01 -2.081561386585235596e-01 -1.944353282451629639e-01
1.200792074203491211e+00 -1.225920319557189941e+00 1.208296179771423340e+00 -1.190489530563354492e-01 -2.160960882902145386e-01 -1.893167197704315186e-01
1.204103112220764160e+00 -1.224209308624267578e+00 1.208291411399841309e+00 -1.210797950625419617e-01 -2.208738923072814941e-01 -1.918217241764068604e-01
1.203837633132934570e+00 -1.227364063262939453e+00 1.209705471992492676e+00 -1.230707168579101562e-01 -2.269949316978454590e-01 -2.055272161960601807e-01
1.204574584960937500e+00 -1.222434639930725098e+00 1.204688429832458496e+00 -1.221723183989524841e-01 -2.228255271911621094e-01 -2.086205184459686279e-01
