1.225087404251098633e+00 -1.083228707313537598e+00 1.209511637687683105e+00 -1.827301084995269775e-01 -2.045503556728363037e-01 -1.821661591529846191e-01
1.264355301856994629e+00 -1.127629160881042480e+00 1.106298923492431641e+00 -1.923234760761260986e-01 -1.930755227804183960e-01 -1.862469613552093506e-01
1.159021139144897461e+00 -1.288880586624145508e+00 1.267294287681579590e+00 -1.446700692176818848e-01 -2.070338577032089233e-01 -1.998118609189987183e-01
1.122083783149719238e+00 -1.342278361320495605e+00 1.319198608398437500e+00 -1.399573832750320435e-01 -1.973137557506561279e-01 -2.155975401401519775e-01
1.180877923965454102e+00 -1.242044687271118164e+00 1.230038404464721680e+00 -1.539483070373535156e-01 -1.924938857555389404e-01 -2.127641290426254272e-01
1.243362665176391602e+00 -1.160029172897338867e+00 1.137653231620788574e+00 -1.784942448139190674e-01 -1.855136603116989136e-01 -1.791799217462539673e-01
1.262312054634094238e+00 -1.129148721694946289e+00 1.107852458953857422e+00 -1.836695075035095215e-01 -1.866034269332885742e-01 -1.864923983812332153e-01
1.262801051139831543e+00 -1.127313733100891113e+00 1.107512235641479492e+00 -1.838545799255371094e-01 -1.859876811504364014e-01 -1.730262786149978638e-01
1.275616288185119629e+00 -1.105915546417236328e+00 1.082557797431945801e+00 -1.862734109163284302e-01 -1.902313381433486938e-01 -1.770045757293701172e-01
1.300774812698364258e+00 -1.061020612716674805e+00 1.039285182952880859e+00 -2.057843953371047974e-01 -1.916874200105667114e-01 -1.604467779397964478e-01
1.303642749786376953e+00 -1.057915329933166504e+00 1.036832690238952637e+00 -2.015549242496490479e-01 -1.881832778453826904e-01 -1.623109728097915649e-01
