1.339009046554565430e+00 -1.202117204666137695e+00 1.157454609870910645e+00 -2.216946184635162354e-01 -1.845300495624542236e-01 -2.265567034482955933e-01
1.192524909973144531e+00 -1.236163616180419922e+00 1.220179200172424316e+00 -2.191129475831985474e-01 -2.117910981178283691e-01 -1.967805922031402588e-01
1.239828348159790039e+00 -1.168627262115478516e+00 1.149060726165771484e+00 -2.238326519727706909e-01 -1.991643309593200684e-01 -1.928023397922515869e-01
1.205146789550781250e+00 -1.221627831459045410e+00 1.202877521514892578e+00 -2.197272777557373047e-01 -2.028185278177261353e-01 -2.012346386909484863e-01
1.200442671775817871e+00 -1.229783892631530762e+00 1.212826251983642578e+00 -2.327870279550552368e-01 -2.032486647367477417e-01 -1.977203190326690674e-01
1.197625875473022461e+00 -1.235225081443786621e+00 1.220783591270446777e+00 -2.219477295875549316e-01 -2.170926481485366821e-01 -1.865939050912857056e-01
1.195357084274291992e+00 -1.240179777145385742e+00 1.222399950027465820e+00 -2.186497151851654053e-01 -2.128800302743911743e-01 -1.962600499391555786e-01
1.194349884986877441e+00 -1.236583352088928223e+00 1.220179557800292969e+00 -2.151610255241394043e-01 -2.180190086364746094e-01 -2.018744349479675293e-01
1.190738439559936523e+00 -1.241320490837097168e+00 1.222313523292541504e+00 -2.122034877538681030e-01 -2.174275964498519897e-01 -2.129736691713333130e-01
1.195555567741394043e+00 -1.233798146247863770e+00 1.216858386993408203e+00 -2.215387076139450073e-01 -2.202682942152023315e-01 -2.033174335956573486e-01
1.197193861007690430e+00 -1.230189561843872070e+00 1.213043212890625000e+00 -2.226040065288543701e-01 -2.130571156740188599e-01 -1.964515149593353271e-01
