1.246939539909362793e+00 -1.053528547286987305e+00 1.220733880996704102e+00 -2.415510863065719604e-01 -1.743183732032775879e-01 -2.284014523029327393e-01
1.301941156387329102e+00 -1.070196986198425293e+00 1.051649570465087891e+00 -2.657425701618194580e-01 -1.797403693199157715e-01 -1.684457063674926758e-01
1.290804386138916016e+00 -1.089249730110168457e+00 1.072984457015991211e+00 -2.564808130264282227e-01 -1.960119754076004028e-01 -1.910066008567810059e-01
1.117970943450927734e+00 -1.346114277839660645e+00 1.328427076339721680e+00 -2.209932655096054077e-01 -2.457640469074249268e-01 -2.474730312824249268e-01
1.200004458427429199e+00 -1.229785799980163574e+00 1.217280387878417969e+00 -2.462342381477355957e-01 -2.117168009281158447e-01 -2.226192504167556763e-01
1.280442953109741211e+00 -1.103558540344238281e+00 1.088592290878295898e+00 -2.632523477077484131e-01 -2.025146931409835815e-01 -1.594580113887786865e-01
1.323107123374938965e+00 -1.025312662124633789e+00 1.009271860122680664e+00 -2.793360352516174316e-01 -1.822173595428466797e-01 -1.566727757453918457e-01
1.331268310546875000e+00 -1.015904664993286133e+00 9.971712827682495117e-01 -2.874674797058105469e-01 -1.854319125413894653e-01 -1.461900770664215088e-01
1.322712779045104980e+00 -1.020287513732910156e+00 1.001361727714538574e+00 -2.714576125144958496e-01 -1.782817840576171875e-01 -1.445823013782501221e-01
1.340898513793945312e+00 -9.914695620536804199e-01 9.722004532814025879e-01 -2.786374092102050781e-01 -1.775642633438110352e-01 -1.395736038684844971e-01
1.341675877571105957e+00 -9.814642071723937988e-01 9.642514586448669434e-01 -2.725504040718078613e-01 -1.707972288131713867e-01 -1.556226611137390137e-01
