1.304498314857482910e+00 -1.137073040008544922e+00 1.433389902114868164e+00 -1.862165927886962891e-01 -2.184122651815414429e-01 -2.432438433170318604e-01
1.209676504135131836e+00 -1.227625131607055664e+00 1.200838565826416016e+00 -2.225031256675720215e-01 -2.123590707778930664e-01 -1.925638616085052490e-01
1.218326687812805176e+00 -1.224568009376525879e+00 1.193122386932373047e+00 -2.273616343736648560e-01 -2.206406593322753906e-01 -1.890562027692794800e-01
1.229487061500549316e+00 -1.230388283729553223e+00 1.189797520637512207e+00 -2.282245159149169922e-01 -2.144589573144912720e-01 -1.828459352254867554e-01
1.211534261703491211e+00 -1.222975730895996094e+00 1.201801419258117676e+00 -2.216001152992248535e-01 -1.988064050674438477e-01 -1.876113563776016235e-01
1.211137890815734863e+00 -1.225943207740783691e+00 1.203831553459167480e+00 -2.256501764059066772e-01 -1.988331377506256104e-01 -1.906917691230773926e-01
1.207979917526245117e+00 -1.221896171569824219e+00 1.204213142395019531e+00 -2.167534828186035156e-01 -1.948836594820022583e-01 -1.778546869754791260e-01
1.209838628768920898e+00 -1.215847253799438477e+00 1.198650479316711426e+00 -2.139713317155838013e-01 -1.942491382360458374e-01 -1.949293166399002075e-01
1.205680727958679199e+00 -1.224628210067749023e+00 1.204699993133544922e+00 -2.133734375238418579e-01 -1.977386772632598877e-01 -1.948354244232177734e-01
1.206804871559143066e+00 -1.226280570030212402e+00 1.203392744064331055e+00 -2.130261957645416260e-01 -2.054096162319183350e-01 -1.961029320955276489e-01
1.203953146934509277e+00 -1.224058866500854492e+00 1.204460501670837402e+00 -2.158169150352478027e-01 -2.095088511705398560e-01 -1.898053586483001709e-01
