9.374780058860778809e-01 -1.337261557579040527e+00 1.228236079216003418e+00 -1.830499768257141113e-01 -2.572530806064605713e-01 -1.839879155158996582e-01
1.187692284584045410e+00 -1.268601179122924805e+00 1.250451445579528809e+00 -1.568773388862609863e-01 -2.420333921909332275e-01 -2.462259829044342041e-01
1.165853500366210938e+00 -1.284919857978820801e+00 1.244697928428649902e+00 -1.504178196191787720e-01 -2.352129369974136353e-01 -2.464904785156250000e-01
1.175342798233032227e+00 -1.289563536643981934e+00 1.250407457351684570e+00 -1.582481861114501953e-01 -2.429527342319488525e-01 -2.590864598751068115e-01
1.156187772750854492e+00 -1.323969006538391113e+00 1.316285967826843262e+00 -1.432959437370300293e-01 -2.345874160528182983e-01 -2.906683981418609619e-01
1.171655297279357910e+00 -1.293399095535278320e+00 1.261872172355651855e+00 -1.618753075599670410e-01 -2.377920299768447876e-01 -2.682095468044281006e-01
1.170604705810546875e+00 -1.291288852691650391e+00 1.262704253196716309e+00 -1.596577316522598267e-01 -2.398623228073120117e-01 -2.513699233531951904e-01
1.165191411972045898e+00 -1.293541669845581055e+00 1.262360692024230957e+00 -1.598081439733505249e-01 -2.324049472808837891e-01 -2.548931241035461426e-01
1.180171370506286621e+00 -1.266360163688659668e+00 1.249410986900329590e+00 -1.616585999727249146e-01 -2.388741075992584229e-01 -2.372728586196899414e-01
1.185069680213928223e+00 -1.268233418464660645e+00 1.253231525421142578e+00 -1.577783077955245972e-01 -2.392625212669372559e-01 -2.410195320844650269e-01
1.183550477027893066e+00 -1.267993807792663574e+00 1.247887849807739258e+00 -1.553103476762771606e-01 -2.318065166473388672e-01 -2.514662444591522217e-01
