1.152386784553527832e+00 -1.326759219169616699e+00 1.160850405693054199e+00 -2.138655781745910645e-01 -2.052661031484603882e-01 -2.294396758079528809e-01
1.173699855804443359e+00 -1.280248641967773438e+00 1.260006308555603027e+00 -2.115045338869094849e-01 -2.201176732778549194e-01 -2.236056774854660034e-01
1.186856985092163086e+00 -1.268095731735229492e+00 1.251622080802917480e+00 -1.797428876161575317e-01 -2.132233381271362305e-01 -2.075183391571044922e-01
1.154534935951232910e+00 -1.308692336082458496e+00 1.277639985084533691e+00 -2.014326602220535278e-01 -2.137105762958526611e-01 -2.266259044408798218e-01
1.204248547554016113e+00 -1.232917547225952148e+00 1.218634843826293945e+00 -2.053731828927993774e-01 -1.996797025203704834e-01 -2.090106755495071411e-01
1.182129025459289551e+00 -1.271470069885253906e+00 1.244524717330932617e+00 -2.119494527578353882e-01 -2.223594784736633301e-01 -2.221715897321701050e-01
1.197263002395629883e+00 -1.246218442916870117e+00 1.231356978416442871e+00 -2.077382206916809082e-01 -2.187241166830062866e-01 -1.984397917985916138e-01
1.182848334312438965e+00 -1.264608621597290039e+00 1.246040105819702148e+00 -2.179427444934844971e-01 -2.070127129554748535e-01 -2.077817022800445557e-01
1.180051445960998535e+00 -1.273011803627014160e+00 1.252397179603576660e+00 -2.054314017295837402e-01 -2.143502533435821533e-01 -2.095247805118560791e-01
1.187822222709655762e+00 -1.259616255760192871e+00 1.244265079498291016e+00 -2.014263868331909180e-01 -2.212571352720260620e-01 -2.093538790941238403e-01
1.185053586959838867e+00 -1.267196536064147949e+00 1.245057702064514160e+00 -2.043346911668777466e-01 -2.224033772945404053e-01 -2.176476120948791504e-01
