1.287080764770507812e+00 -1.100458860397338867e+00 1.195069193840026855e+00 -4.486168175935745239e-02 -1.967754662036895752e-01 -2.667716741561889648e-01
1.218977689743041992e+00 -1.210959911346435547e+00 1.192469000816345215e+00 -4.952563345432281494e-02 -2.219902724027633667e-01 -2.310590445995330811e-01
1.213505744934082031e+00 -1.244645714759826660e+00 1.212422847747802734e+00 -3.763334080576896667e-02 -1.889082342386245728e-01 -2.746788859367370605e-01
1.187284708023071289e+00 -1.268431663513183594e+00 1.262220621109008789e+00 -3.854254633188247681e-02 -2.184323817491531372e-01 -2.332212328910827637e-01
1.209715366363525391e+00 -1.223284006118774414e+00 1.213217377662658691e+00 -4.500997811555862427e-02 -2.234191000461578369e-01 -2.270707041025161743e-01
1.225489497184753418e+00 -1.199963212013244629e+00 1.181292772293090820e+00 -5.311500653624534607e-02 -2.313051372766494751e-01 -2.415244728326797485e-01
1.218065023422241211e+00 -1.216000795364379883e+00 1.198473691940307617e+00 -4.831973835825920105e-02 -2.298618853092193604e-01 -2.229643315076828003e-01
1.187445521354675293e+00 -1.260702013969421387e+00 1.241885066032409668e+00 -4.494634270668029785e-02 -2.317029684782028198e-01 -2.122738957405090332e-01
1.196807503700256348e+00 -1.252074837684631348e+00 1.241235136985778809e+00 -3.659546747803688049e-02 -2.306143343448638916e-01 -2.248231619596481323e-01
1.200094819068908691e+00 -1.245495080947875977e+00 1.218907833099365234e+00 -3.965361416339874268e-02 -2.348242849111557007e-01 -2.248935550451278687e-01
1.214116573333740234e+00 -1.224187612533569336e+00 1.203483700752258301e+00 -4.812734574079513550e-02 -2.322833240032196045e-01 -2.242055833339691162e-01
