1.207528829574584961e+00 -1.202833294868469238e+00 1.209975957870483398e+00 -2.197066843509674072e-01 -3.388483822345733643e-01 -2.755190730094909668e-01
1.210541605949401855e+00 -1.221034646034240723e+00 1.209446430206298828e+00 -2.199945151805877686e-01 -3.380322456359863281e-01 -2.811585664749145508e-01
1.197138547897338867e+00 -1.243814349174499512e+00 1.239857435226440430e+00 -1.977111101150512695e-01 -3.354038596153259277e-01 -3.009053468704223633e-01
1.080086350440979004e+00 -1.435539126396179199e+00 1.418874382972717285e+00 -1.343317776918411255e-01 -3.288456201553344727e-01 -3.736141920089721680e-01
1.144390583038330078e+00 -1.323101282119750977e+00 1.302287817001342773e+00 -1.791159659624099731e-01 -3.365489542484283447e-01 -3.295701742172241211e-01
1.182364106178283691e+00 -1.265565752983093262e+00 1.253849029541015625e+00 -2.002586126327514648e-01 -3.421186208724975586e-01 -3.016183078289031982e-01
1.208837628364562988e+00 -1.229438066482543945e+00 1.210255980491638184e+00 -2.052102982997894287e-01 -3.370073735713958740e-01 -2.945831716060638428e-01
1.198452115058898926e+00 -1.245916247367858887e+00 1.237338066101074219e+00 -2.010569125413894653e-01 -3.432394862174987793e-01 -3.015121221542358398e-01
1.193234205245971680e+00 -1.264090418815612793e+00 1.260308623313903809e+00 -1.910787075757980347e-01 -3.371297419071197510e-01 -3.145707249641418457e-01
1.193358302116394043e+00 -1.259174346923828125e+00 1.242863178253173828e+00 -1.983320415019989014e-01 -3.346138000488281250e-01 -3.086763620376586914e-01
1.201003789901733398e+00 -1.244787931442260742e+00 1.235839486122131348e+00 -2.052894383668899536e-01 -3.432697951793670654e-01 -2.970137596130371094e-01
