1.192956447601318359e+00 -1.241444110870361328e+00 1.219354867935180664e+00 -2.118058502674102783e-01 -2.026485502719879150e-01 -1.814288645982742310e-01
1.195714831352233887e+00 -1.236935615539550781e+00 1.220821142196655273e+00 -2.104366719722747803e-01 -2.002477198839187622e-01 -1.863280236721038818e-01
1.219678163528442383e+00 -1.201692104339599609e+00 1.185220956802368164e+00 -2.164241671562194824e-01 -1.702300012111663818e-01 -2.040782421827316284e-01
1.260171175003051758e+00 -1.130367159843444824e+00 1.112223148345947266e+00 -2.167062312364578247e-01 -1.855663806200027466e-01 -1.709584295749664307e-01
1.229093074798583984e+00 -1.202533602714538574e+00 1.196269869804382324e+00 -1.974129676818847656e-01 -1.848403066396713257e-01 -1.859498620033264160e-01
1.216680407524108887e+00 -1.213090896606445312e+00 1.187447547912597656e+00 -2.081477344036102295e-01 -1.840531527996063232e-01 -1.834707856178283691e-01
1.205045938491821289e+00 -1.224451780319213867e+00 1.205613613128662109e+00 -2.209557592868804932e-01 -1.901500374078750610e-01 -1.843382120132446289e-01
1.194027304649353027e+00 -1.246878385543823242e+00 1.231806516647338867e+00 -2.184372544288635254e-01 -1.996916383504867554e-01 -1.858778297901153564e-01
1.194440245628356934e+00 -1.236382365226745605e+00 1.219186067581176758e+00 -2.124139964580535889e-01 -1.986573785543441772e-01 -1.860134005546569824e-01
1.211851119995117188e+00 -1.211830973625183105e+00 1.193134427070617676e+00 -2.090460658073425293e-01 -1.934131830930709839e-01 -1.949225515127182007e-01
1.206967115402221680e+00 -1.226605296134948730e+00 1.212242007255554199e+00 -2.062124609947204590e-01 -1.983212381601333618e-01 -1.923815608024597168e-01
