1.199659824371337891e+00 -1.213607549667358398e+00 1.174494266510009766e+00 -2.536416351795196533e-01 -3.681658208370208740e-01 -1.955759376287460327e-01
1.228938460350036621e+00 -1.217895984649658203e+00 1.214740157127380371e+00 -2.281328886747360229e-01 -3.437274694442749023e-01 -2.572438120841979980e-01
1.273319721221923828e+00 -1.170993208885192871e+00 1.194599390029907227e+00 -2.324543744325637817e-01 -3.245017230510711670e-01 -2.751270532608032227e-01
1.260474681854248047e+00 -1.140688657760620117e+00 1.134115457534790039e+00 -2.384153008460998535e-01 -3.079094886779785156e-01 -2.861970067024230957e-01
1.292534112930297852e+00 -1.119764685630798340e+00 1.139031887054443359e+00 -2.477625012397766113e-01 -3.290109038352966309e-01 -2.683892548084259033e-01
1.278518915176391602e+00 -1.152024745941162109e+00 1.149448633193969727e+00 -2.492540031671524048e-01 -3.075841367244720459e-01 -3.133022785186767578e-01
1.228417396545410156e+00 -1.212872505187988281e+00 1.214548468589782715e+00 -2.366440594196319580e-01 -3.414630889892578125e-01 -2.687859535217285156e-01
1.221344947814941406e+00 -1.219743013381958008e+00 1.224719405174255371e+00 -2.266841381788253784e-01 -3.508652448654174805e-01 -2.735360264778137207e-01
1.212531447410583496e+00 -1.225918173789978027e+00 1.223748683929443359e+00 -2.227519005537033081e-01 -3.400143980979919434e-01 -2.657376527786254883e-01
1.222552895545959473e+00 -1.223784685134887695e+00 1.222576260566711426e+00 -2.194410413503646851e-01 -3.241173624992370605e-01 -2.804672420024871826e-01
1.222790122032165527e+00 -1.216727852821350098e+00 1.224867701530456543e+00 -2.208653688430786133e-01 -3.264188170433044434e-01 -2.781487405300140381e-01
