1.095473170280456543e+00 -1.073484301567077637e+00 1.086918354034423828e+00 -2.083550542593002319e-01 -3.095443546772003174e-01 -1.659391522407531738e-01
1.213231086730957031e+00 -1.208098173141479492e+00 1.198911070823669434e+00 -1.632311940193176270e-01 -2.896119058132171631e-01 -2.766462266445159912e-01
1.291695833206176758e+00 -1.099485635757446289e+00 1.085614562034606934e+00 -1.681187748908996582e-01 -2.629680335521697998e-01 -2.498199343681335449e-01
1.204797267913818359e+00 -1.230704903602600098e+00 1.225596070289611816e+00 -1.357267796993255615e-01 -2.563548684120178223e-01 -2.959628403186798096e-01
1.276342153549194336e+00 -1.131225943565368652e+00 1.139076352119445801e+00 -1.552731990814208984e-01 -3.079566359519958496e-01 -3.050180673599243164e-01
1.205937027931213379e+00 -1.233023524284362793e+00 1.226849913597106934e+00 -1.517178267240524292e-01 -3.029449582099914551e-01 -2.634468972682952881e-01
1.222771883010864258e+00 -1.218124866485595703e+00 1.217607378959655762e+00 -1.530077904462814331e-01 -2.921714186668395996e-01 -2.600321173667907715e-01
1.223953008651733398e+00 -1.218703985214233398e+00 1.217616796493530273e+00 -1.485117375850677490e-01 -2.905392646789550781e-01 -2.664265930652618408e-01
1.232978940010070801e+00 -1.192543983459472656e+00 1.180850505828857422e+00 -1.674076020717620850e-01 -3.055580556392669678e-01 -2.402358353137969971e-01
1.216855168342590332e+00 -1.224406361579895020e+00 1.224498152732849121e+00 -1.506371945142745972e-01 -2.917612195014953613e-01 -2.703552544116973877e-01
1.215576648712158203e+00 -1.222273230552673340e+00 1.215126872062683105e+00 -1.644933819770812988e-01 -2.994362413883209229e-01 -2.539874911308288574e-01
