1.258714199066162109e+00 -1.232975602149963379e+00 1.171451687812805176e+00 -2.177751064300537109e-01 -1.523994058370590210e-01 -2.282406091690063477e-01
1.190985441207885742e+00 -1.254200220108032227e+00 1.248741269111633301e+00 -2.296606004238128662e-01 -1.863839775323867798e-01 -1.867377161979675293e-01
1.157436490058898926e+00 -1.320082902908325195e+00 1.301025986671447754e+00 -2.048757225275039673e-01 -2.125973850488662720e-01 -2.208216786384582520e-01
1.176630496978759766e+00 -1.295810341835021973e+00 1.297381043434143066e+00 -2.132560312747955322e-01 -2.144083380699157715e-01 -2.221745401620864868e-01
1.168481588363647461e+00 -1.289411902427673340e+00 1.292960286140441895e+00 -2.363867014646530151e-01 -2.087080478668212891e-01 -2.212656140327453613e-01
1.151798605918884277e+00 -1.304631114006042480e+00 1.288846611976623535e+00 -2.474606037139892578e-01 -2.096734941005706787e-01 -2.072566449642181396e-01
1.165197730064392090e+00 -1.292364358901977539e+00 1.287032485008239746e+00 -2.556785941123962402e-01 -2.051627933979034424e-01 -2.079995572566986084e-01
1.183163404464721680e+00 -1.277357816696166992e+00 1.285646200180053711e+00 -2.486918717622756958e-01 -1.999067217111587524e-01 -2.081135809421539307e-01
1.196838498115539551e+00 -1.252823591232299805e+00 1.252957105636596680e+00 -2.495911717414855957e-01 -1.948440372943878174e-01 -1.867742091417312622e-01
1.185466170310974121e+00 -1.270919799804687500e+00 1.275968670845031738e+00 -2.509070038795471191e-01 -1.960298717021942139e-01 -1.816619336605072021e-01
1.192497611045837402e+00 -1.262286663055419922e+00 1.264840245246887207e+00 -2.417089939117431641e-01 -1.867632120847702026e-01 -1.890386641025543213e-01
