9.559978842735290527e-01 -1.258527636528015137e+00 1.358389616012573242e+00 -2.731767594814300537e-01 -2.400351464748382568e-01 -2.846659421920776367e-01
9.588382840156555176e-01 -1.258074402809143066e+00 1.356876254081726074e+00 -2.737168371677398682e-01 -2.402099370956420898e-01 -2.837597131729125977e-01
9.666207432746887207e-01 -1.256856799125671387e+00 1.352698087692260742e+00 -2.751365900039672852e-01 -2.405975908041000366e-01 -2.814052402973175049e-01
9.876859784126281738e-01 -1.253740191459655762e+00 1.341230630874633789e+00 -2.783602178096771240e-01 -2.409259974956512451e-01 -2.762615084648132324e-01
1.040287017822265625e+00 -1.246518135070800781e+00 1.312263131141662598e+00 -2.852925360202789307e-01 -2.404862195253372192e-01 -2.657813131809234619e-01
1.129680037498474121e+00 -1.235562562942504883e+00 1.259780764579772949e+00 -2.964172959327697754e-01 -2.399182915687561035e-01 -2.468267679214477539e-01
1.187828421592712402e+00 -1.226265311241149902e+00 1.218084216117858887e+00 -3.002184629440307617e-01 -2.373474687337875366e-01 -2.309062480926513672e-01
1.200712680816650391e+00 -1.223156690597534180e+00 1.206337809562683105e+00 -2.962700426578521729e-01 -2.335687875747680664e-01 -2.245365977287292480e-01
1.203324913978576660e+00 -1.221488237380981445e+00 1.202557444572448730e+00 -2.919487357139587402e-01 -2.302762418985366821e-01 -2.207587510347366333e-01
1.203825235366821289e+00 -1.221235990524291992e+00 1.201578497886657715e+00 -2.881200015544891357e-01 -2.259747236967086792e-01 -2.211227118968963623e-01
1.202590346336364746e+00 -1.223460078239440918e+00 1.203552961349487305e+00 -2.860009670257568359e-01 -2.225998640060424805e-01 -2.226646989583969116e-01
