1.208568572998046875e+00 -1.127228736877441406e+00 1.091729283332824707e+00 -1.504297852516174316e-01 -2.966100573539733887e-01 -1.900651454925537109e-01
1.208632707595825195e+00 -1.128205537796020508e+00 1.092801094055175781e+00 -1.501715928316116333e-01 -2.964242994785308838e-01 -1.905355900526046753e-01
1.208765625953674316e+00 -1.130937814712524414e+00 1.095788836479187012e+00 -1.494492739439010620e-01 -2.959392666816711426e-01 -1.918250620365142822e-01
1.208837151527404785e+00 -1.138751864433288574e+00 1.104208946228027344e+00 -1.474669873714447021e-01 -2.948052287101745605e-01 -1.950983703136444092e-01
1.208311080932617188e+00 -1.159531474113464355e+00 1.126847028732299805e+00 -1.420515179634094238e-01 -2.915878891944885254e-01 -2.039583027362823486e-01
1.204914808273315430e+00 -1.197889328002929688e+00 1.169815063476562500e+00 -1.309728920459747314e-01 -2.853625416755676270e-01 -2.182141244411468506e-01
1.195236086845397949e+00 -1.232185363769531250e+00 1.207734346389770508e+00 -1.223574355244636536e-01 -2.812834382057189941e-01 -2.279873788356781006e-01
1.190820336341857910e+00 -1.242438554763793945e+00 1.219090700149536133e+00 -1.210172250866889954e-01 -2.803446948528289795e-01 -2.308921664953231812e-01
1.191739320755004883e+00 -1.243251800537109375e+00 1.220594406127929688e+00 -1.223168745636940002e-01 -2.794228792190551758e-01 -2.334656864404678345e-01
1.188833832740783691e+00 -1.248601794242858887e+00 1.226140856742858887e+00 -1.224676072597503662e-01 -2.776473760604858398e-01 -2.366222888231277466e-01
1.186577558517456055e+00 -1.252615571022033691e+00 1.230887413024902344e+00 -1.228561997413635254e-01 -2.764844894409179688e-01 -2.365027070045471191e-01
