1.189829707145690918e+00 -1.029473304748535156e+00 1.136821269989013672e+00 -1.152889579534530640e-01 -2.971115708351135254e-01 -1.105340570211410522e-01
1.190098881721496582e+00 -1.031613707542419434e+00 1.137572646141052246e+00 -1.150785386562347412e-01 -2.967510521411895752e-01 -1.114324182271957397e-01
1.190821170806884766e+00 -1.037528514862060547e+00 1.139665603637695312e+00 -1.144891381263732910e-01 -2.957298755645751953e-01 -1.139129176735877991e-01
1.192459344863891602e+00 -1.054066896438598633e+00 1.145894527435302734e+00 -1.126810908317565918e-01 -2.927320599555969238e-01 -1.211484298110008240e-01
1.196152925491333008e+00 -1.096259474754333496e+00 1.161841630935668945e+00 -1.078025922179222107e-01 -2.846980392932891846e-01 -1.412534266710281372e-01
1.200174570083618164e+00 -1.173345804214477539e+00 1.192789912223815918e+00 -9.945397078990936279e-02 -2.710968554019927979e-01 -1.790725290775299072e-01
1.199921965599060059e+00 -1.227204442024230957e+00 1.218788743019104004e+00 -9.558930248022079468e-02 -2.638274431228637695e-01 -2.069143652915954590e-01
1.196874737739562988e+00 -1.243662953376770020e+00 1.228424429893493652e+00 -9.854668378829956055e-02 -2.652591466903686523e-01 -2.132467776536941528e-01
1.195285677909851074e+00 -1.248097300529479980e+00 1.232949852943420410e+00 -1.032206192612648010e-01 -2.667545080184936523e-01 -2.178086787462234497e-01
1.197561740875244141e+00 -1.245022058486938477e+00 1.228669762611389160e+00 -1.095999926328659058e-01 -2.662050426006317139e-01 -2.261535376310348511e-01
1.197961449623107910e+00 -1.240828514099121094e+00 1.223608851432800293e+00 -1.161015629768371582e-01 -2.664911746978759766e-01 -2.301098406314849854e-01
