1.273397088050842285e+00 -1.366999030113220215e+00 1.308566093444824219e+00 -1.872092187404632568e-01 -2.062873244285583496e-01 -2.434108853340148926e-01
1.272675871849060059e+00 -1.365594744682312012e+00 1.307608008384704590e+00 -1.875467598438262939e-01 -2.063068300485610962e-01 -2.430958747863769531e-01
1.270618081092834473e+00 -1.361791014671325684e+00 1.304987668991088867e+00 -1.883793771266937256e-01 -2.063074111938476562e-01 -2.422444224357604980e-01
1.265111684799194336e+00 -1.351279497146606445e+00 1.297476768493652344e+00 -1.905684620141983032e-01 -2.063121050596237183e-01 -2.398460209369659424e-01
1.252066969871520996e+00 -1.323341727256774902e+00 1.277830958366394043e+00 -1.976367533206939697e-01 -2.073638737201690674e-01 -2.327502965927124023e-01
1.228665351867675781e+00 -1.272841215133666992e+00 1.242233991622924805e+00 -2.114554643630981445e-01 -2.103043794631958008e-01 -2.197838425636291504e-01
1.214444756507873535e+00 -1.237585544586181641e+00 1.216841220855712891e+00 -2.230854481458663940e-01 -2.124367952346801758e-01 -2.107775509357452393e-01
1.213183760643005371e+00 -1.226309180259704590e+00 1.206792712211608887e+00 -2.279064357280731201e-01 -2.124159038066864014e-01 -2.084324359893798828e-01
1.211465597152709961e+00 -1.226642131805419922e+00 1.206095099449157715e+00 -2.281008362770080566e-01 -2.118295729160308838e-01 -2.086255550384521484e-01
1.211752176284790039e+00 -1.225755810737609863e+00 1.205511689186096191e+00 -2.281571030616760254e-01 -2.112984061241149902e-01 -2.096567451953887939e-01
1.210972428321838379e+00 -1.226753234863281250e+00 1.206467151641845703e+00 -2.311809062957763672e-01 -2.139201164245605469e-01 -2.096161246299743652e-01
