1.231055021286010742e+00 -1.210710763931274414e+00 1.191158294677734375e+00 -2.331544905900955200e-01 -2.077963203191757202e-01 -1.491394937038421631e-01
1.230892539024353027e+00 -1.210846900939941406e+00 1.191338181495666504e+00 -2.330952435731887817e-01 -2.076627016067504883e-01 -1.494818925857543945e-01
1.230436444282531738e+00 -1.211245656013488770e+00 1.191844105720520020e+00 -2.329179346561431885e-01 -2.072905302047729492e-01 -1.503583043813705444e-01
1.229144811630249023e+00 -1.212414741516113281e+00 1.193335771560668945e+00 -2.323388159275054932e-01 -2.062401771545410156e-01 -1.525908112525939941e-01
1.225231766700744629e+00 -1.216238737106323242e+00 1.198186755180358887e+00 -2.308148443698883057e-01 -2.035522013902664185e-01 -1.595882177352905273e-01
1.218024849891662598e+00 -1.223645210266113281e+00 1.207083106040954590e+00 -2.292643934488296509e-01 -1.995054036378860474e-01 -1.738279163837432861e-01
1.212926268577575684e+00 -1.229613304138183594e+00 1.213920354843139648e+00 -2.304911315441131592e-01 -1.979787647724151611e-01 -1.853360533714294434e-01
1.212243437767028809e+00 -1.230641245841979980e+00 1.216716170310974121e+00 -2.338780462741851807e-01 -1.993581503629684448e-01 -1.894701421260833740e-01
1.212109327316284180e+00 -1.230713844299316406e+00 1.216323494911193848e+00 -2.357196360826492310e-01 -1.986059397459030151e-01 -1.932384967803955078e-01
1.211735963821411133e+00 -1.231830596923828125e+00 1.218221664428710938e+00 -2.368921339511871338e-01 -1.981257200241088867e-01 -1.950104087591171265e-01
1.211603283882141113e+00 -1.233354687690734863e+00 1.219800710678100586e+00 -2.386113256216049194e-01 -1.981313079595565796e-01 -1.963420212268829346e-01
