1.242582559585571289e+00 -1.320159435272216797e+00 1.264881134033203125e+00 -1.615731567144393921e-01 -2.011436820030212402e-01 -1.803876757621765137e-01
1.242205262184143066e+00 -1.319331407546997070e+00 1.264534115791320801e+00 -1.617192327976226807e-01 -2.010452598333358765e-01 -1.804658621549606323e-01
1.241202354431152344e+00 -1.316988348960876465e+00 1.263492703437805176e+00 -1.621744036674499512e-01 -2.008317708969116211e-01 -1.807047873735427856e-01
1.238319396972656250e+00 -1.310660243034362793e+00 1.260680913925170898e+00 -1.637431830167770386e-01 -2.006026208400726318e-01 -1.816214919090270996e-01
1.230206131935119629e+00 -1.295661211013793945e+00 1.254737019538879395e+00 -1.670831888914108276e-01 -1.987991482019424438e-01 -1.847514510154724121e-01
1.216429352760314941e+00 -1.267802596092224121e+00 1.242291569709777832e+00 -1.744008064270019531e-01 -1.961174458265304565e-01 -1.891596168279647827e-01
1.208573579788208008e+00 -1.247010469436645508e+00 1.230101466178894043e+00 -1.818962693214416504e-01 -1.965290606021881104e-01 -1.863456219434738159e-01
1.205483198165893555e+00 -1.243375301361083984e+00 1.229280233383178711e+00 -1.846399158239364624e-01 -1.966980695724487305e-01 -1.880908161401748657e-01
1.206951022148132324e+00 -1.240235090255737305e+00 1.226383566856384277e+00 -1.858670264482498169e-01 -1.944410353899002075e-01 -1.927517950534820557e-01
1.206072330474853516e+00 -1.241935491561889648e+00 1.228462457656860352e+00 -1.890268623828887939e-01 -1.958606243133544922e-01 -1.945335865020751953e-01
1.201730608940124512e+00 -1.247278332710266113e+00 1.234714984893798828e+00 -1.955829411745071411e-01 -2.025049179792404175e-01 -1.927648335695266724e-01
