1.299730896949768066e+00 -1.215136647224426270e+00 1.158077120780944824e+00 -2.148947566747665405e-01 -2.188584059476852417e-01 -1.896919161081314087e-01
1.298652529716491699e+00 -1.215303182601928711e+00 1.158590793609619141e+00 -2.148739099502563477e-01 -2.189003825187683105e-01 -1.897695958614349365e-01
1.295722246170043945e+00 -1.215720653533935547e+00 1.159973263740539551e+00 -2.147970497608184814e-01 -2.190008610486984253e-01 -1.899623870849609375e-01
1.287621617317199707e+00 -1.217102169990539551e+00 1.164036154747009277e+00 -2.142612487077713013e-01 -2.189263701438903809e-01 -1.909811496734619141e-01
1.266474962234497070e+00 -1.221214294433593750e+00 1.175241351127624512e+00 -2.136385142803192139e-01 -2.193808555603027344e-01 -1.948134899139404297e-01
1.230241775512695312e+00 -1.226638555526733398e+00 1.193928837776184082e+00 -2.151383459568023682e-01 -2.221962511539459229e-01 -2.000916451215744019e-01
1.208217024803161621e+00 -1.228692889213562012e+00 1.205502748489379883e+00 -2.178039848804473877e-01 -2.245105803012847900e-01 -2.034543156623840332e-01
1.203197121620178223e+00 -1.230156660079956055e+00 1.210045933723449707e+00 -2.194124907255172729e-01 -2.259393334388732910e-01 -2.038874626159667969e-01
1.200080633163452148e+00 -1.234360098838806152e+00 1.214539885520935059e+00 -2.201231271028518677e-01 -2.269598394632339478e-01 -2.054315805435180664e-01
1.199723124504089355e+00 -1.236131906509399414e+00 1.216996669769287109e+00 -2.194282263517379761e-01 -2.256037890911102295e-01 -2.095548361539840698e-01
1.200402021408081055e+00 -1.231512904167175293e+00 1.213286995887756348e+00 -2.199423313140869141e-01 -2.244668304920196533e-01 -2.137299329042434692e-01
