1.156058430671691895e+00 -1.078977584838867188e+00 1.163522362709045410e+00 -1.884757876396179199e-01 -9.660340845584869385e-02 -1.077612042427062988e-01
1.156771540641784668e+00 -1.080619096755981445e+00 1.164236307144165039e+00 -1.885837912559509277e-01 -9.689774364233016968e-02 -1.076113656163215637e-01
1.158779859542846680e+00 -1.085039854049682617e+00 1.166093111038208008e+00 -1.888566762208938599e-01 -9.758321940898895264e-02 -1.073414832353591919e-01
1.164191007614135742e+00 -1.097018837928771973e+00 1.171155810356140137e+00 -1.895380020141601562e-01 -9.892700612545013428e-02 -1.072388738393783569e-01
1.177176594734191895e+00 -1.128093838691711426e+00 1.184324979782104492e+00 -1.913545280694961548e-01 -1.022524908185005188e-01 -1.075494140386581421e-01
1.196662425994873047e+00 -1.184376478195190430e+00 1.206421613693237305e+00 -1.926259845495223999e-01 -1.051533818244934082e-01 -1.138414889574050903e-01
1.204857826232910156e+00 -1.223346710205078125e+00 1.218730688095092773e+00 -1.923798471689224243e-01 -1.055453196167945862e-01 -1.232081502676010132e-01
1.205816149711608887e+00 -1.231300592422485352e+00 1.219095945358276367e+00 -1.947620958089828491e-01 -1.073985397815704346e-01 -1.289691627025604248e-01
1.204503417015075684e+00 -1.234565615653991699e+00 1.221529006958007812e+00 -1.978157758712768555e-01 -1.090563759207725525e-01 -1.353644430637359619e-01
1.204569816589355469e+00 -1.233281850814819336e+00 1.218147158622741699e+00 -2.004984319210052490e-01 -1.091663688421249390e-01 -1.389923244714736938e-01
1.204430103302001953e+00 -1.232073783874511719e+00 1.218901753425598145e+00 -2.029214501380920410e-01 -1.117578670382499695e-01 -1.357623040676116943e-01
