1.120852589607238770e+00 -1.206937551498413086e+00 1.067267775535583496e+00 -3.282708227634429932e-01 -2.652700543403625488e-01 -1.208108291029930115e-01
1.121446967124938965e+00 -1.207809686660766602e+00 1.069308638572692871e+00 -3.278772234916687012e-01 -2.648391723632812500e-01 -1.223086193203926086e-01
1.123110771179199219e+00 -1.210121631622314453e+00 1.074872851371765137e+00 -3.268119990825653076e-01 -2.637724280357360840e-01 -1.262823343276977539e-01
1.127475142478942871e+00 -1.216359734535217285e+00 1.090115189552307129e+00 -3.239572048187255859e-01 -2.610646188259124756e-01 -1.366804838180541992e-01
1.137897849082946777e+00 -1.232027649879455566e+00 1.129369378089904785e+00 -3.161076307296752930e-01 -2.538942098617553711e-01 -1.623003631830215454e-01
1.155108690261840820e+00 -1.257286787033081055e+00 1.198088526725769043e+00 -3.012370765209197998e-01 -2.451445460319519043e-01 -1.998224556446075439e-01
1.167747616767883301e+00 -1.268942713737487793e+00 1.239822030067443848e+00 -2.885111570358276367e-01 -2.381574213504791260e-01 -2.248916178941726685e-01
1.172191619873046875e+00 -1.268874764442443848e+00 1.247509121894836426e+00 -2.846466004848480225e-01 -2.346376776695251465e-01 -2.331701368093490601e-01
1.171347856521606445e+00 -1.270333290100097656e+00 1.249839663505554199e+00 -2.844276428222656250e-01 -2.333627492189407349e-01 -2.367605566978454590e-01
1.168716669082641602e+00 -1.274039983749389648e+00 1.254438042640686035e+00 -2.842214703559875488e-01 -2.332681119441986084e-01 -2.367634177207946777e-01
1.173881530761718750e+00 -1.264968395233154297e+00 1.247031807899475098e+00 -2.860545217990875244e-01 -2.330933362245559692e-01 -2.306933254003524780e-01
