1.383103370666503906e+00 -1.230882525444030762e+00 9.231612682342529297e-01 -2.262430191040039062e-01 -1.663068532943725586e-01 -2.071596831083297729e-01
1.381361722946166992e+00 -1.231027364730834961e+00 9.262375235557556152e-01 -2.260831296443939209e-01 -1.668918132781982422e-01 -2.069561779499053955e-01
1.375982165336608887e+00 -1.232355713844299316e+00 9.350122809410095215e-01 -2.255279123783111572e-01 -1.683652102947235107e-01 -2.065971791744232178e-01
1.361455321311950684e+00 -1.235317230224609375e+00 9.600328207015991211e-01 -2.237072139978408813e-01 -1.714065968990325928e-01 -2.068766802549362183e-01
1.325743198394775391e+00 -1.239957332611083984e+00 1.022612333297729492e+00 -2.218756079673767090e-01 -1.836761683225631714e-01 -1.990700066089630127e-01
1.251421689987182617e+00 -1.245016217231750488e+00 1.140061259269714355e+00 -2.147915363311767578e-01 -1.997994184494018555e-01 -1.897253990173339844e-01
1.212841391563415527e+00 -1.239250898361206055e+00 1.192755222320556641e+00 -2.087500542402267456e-01 -2.072726935148239136e-01 -1.920179873704910278e-01
1.202409863471984863e+00 -1.232570648193359375e+00 1.207591176033020020e+00 -2.081522345542907715e-01 -2.090811878442764282e-01 -1.921800971031188965e-01
1.202485084533691406e+00 -1.228806495666503906e+00 1.209698677062988281e+00 -2.093441337347030640e-01 -2.098275125026702881e-01 -1.890545040369033813e-01
1.202286005020141602e+00 -1.230610013008117676e+00 1.211200833320617676e+00 -2.098109126091003418e-01 -2.101010531187057495e-01 -1.874450743198394775e-01
1.199452519416809082e+00 -1.233435153961181641e+00 1.213782072067260742e+00 -2.100820392370223999e-01 -2.102631032466888428e-01 -1.867027133703231812e-01
