1.277479648590087891e+00 -1.116559147834777832e+00 1.212397336959838867e+00 -2.354993373155593872e-01 -1.575507223606109619e-01 -2.193235754966735840e-01
1.276667833328247070e+00 -1.117769241333007812e+00 1.212336659431457520e+00 -2.355953454971313477e-01 -1.577872186899185181e-01 -2.190559953451156616e-01
1.274498462677001953e+00 -1.121080994606018066e+00 1.212291836738586426e+00 -2.359338849782943726e-01 -1.586413830518722534e-01 -2.181258797645568848e-01
1.267050266265869141e+00 -1.131837248802185059e+00 1.213582873344421387e+00 -2.364252358675003052e-01 -1.604804098606109619e-01 -2.163564860820770264e-01
1.255203962326049805e+00 -1.151684045791625977e+00 1.209054708480834961e+00 -2.384950220584869385e-01 -1.640193611383438110e-01 -2.109408825635910034e-01
1.225157737731933594e+00 -1.194286942481994629e+00 1.205238938331604004e+00 -2.406024038791656494e-01 -1.676749289035797119e-01 -2.050587385892868042e-01
1.209119915962219238e+00 -1.215178370475769043e+00 1.199267506599426270e+00 -2.428553700447082520e-01 -1.708633899688720703e-01 -2.006205320358276367e-01
1.208319902420043945e+00 -1.221782565116882324e+00 1.198088645935058594e+00 -2.450529932975769043e-01 -1.751945614814758301e-01 -1.950539201498031616e-01
1.203738927841186523e+00 -1.225790500640869141e+00 1.202316403388977051e+00 -2.454527914524078369e-01 -1.762741208076477051e-01 -1.934601366519927979e-01
1.204465985298156738e+00 -1.228995800018310547e+00 1.208088874816894531e+00 -2.461706101894378662e-01 -1.783436536788940430e-01 -1.903680562973022461e-01
1.204295873641967773e+00 -1.232400298118591309e+00 1.209735870361328125e+00 -2.460924834012985229e-01 -1.774963438510894775e-01 -1.909989714622497559e-01
