1.382561087608337402e+00 -1.033407688140869141e+00 1.123275995254516602e+00 -2.207362204790115356e-01 -2.348641604185104370e-01 -1.504382789134979248e-01
1.381016254425048828e+00 -1.035086035728454590e+00 1.123684883117675781e+00 -2.205544710159301758e-01 -2.345204353332519531e-01 -1.510189175605773926e-01
1.376737833023071289e+00 -1.039640426635742188e+00 1.124687194824218750e+00 -2.201421409845352173e-01 -2.336758673191070557e-01 -1.523631811141967773e-01
1.364516615867614746e+00 -1.053285956382751465e+00 1.128597736358642578e+00 -2.185149043798446655e-01 -2.308823019266128540e-01 -1.573770046234130859e-01
1.333731651306152344e+00 -1.086650252342224121e+00 1.136775016784667969e+00 -2.160179466009140015e-01 -2.267400026321411133e-01 -1.654073596000671387e-01
1.285345673561096191e+00 -1.134605526924133301e+00 1.148577451705932617e+00 -2.149888426065444946e-01 -2.269099354743957520e-01 -1.693588793277740479e-01
1.248728156089782715e+00 -1.163189053535461426e+00 1.151726484298706055e+00 -2.109032124280929565e-01 -2.197102159261703491e-01 -1.807504445314407349e-01
1.238203763961791992e+00 -1.171334028244018555e+00 1.152393817901611328e+00 -2.093383073806762695e-01 -2.164732366800308228e-01 -1.869156807661056519e-01
1.234526157379150391e+00 -1.177870750427246094e+00 1.156144380569458008e+00 -2.085587382316589355e-01 -2.149943709373474121e-01 -1.897754520177841187e-01
1.235568284988403320e+00 -1.177437067031860352e+00 1.157150268554687500e+00 -2.091995179653167725e-01 -2.156355977058410645e-01 -1.876488029956817627e-01
1.235892415046691895e+00 -1.176997542381286621e+00 1.157167315483093262e+00 -2.099497020244598389e-01 -2.163113653659820557e-01 -1.853839159011840820e-01
