1.199410557746887207e+00 -1.260952234268188477e+00 1.221906304359436035e+00 -9.014768898487091064e-02 -1.174511015415191650e-01 -2.020827531814575195e-01
1.199250459671020508e+00 -1.260871529579162598e+00 1.222017526626586914e+00 -9.018254280090332031e-02 -1.175424084067344666e-01 -2.019248455762863159e-01
1.198770761489868164e+00 -1.260656237602233887e+00 1.222239613533020020e+00 -9.027152508497238159e-02 -1.177434995770454407e-01 -2.015435099601745605e-01
1.197530150413513184e+00 -1.260361194610595703e+00 1.223069548606872559e+00 -9.050368517637252808e-02 -1.183782145380973816e-01 -2.004342973232269287e-01
1.195214748382568359e+00 -1.259012460708618164e+00 1.224413037300109863e+00 -9.137842059135437012e-02 -1.203218400478363037e-01 -1.968148052692413330e-01
1.190342426300048828e+00 -1.255742907524108887e+00 1.227151751518249512e+00 -9.310004860162734985e-02 -1.238197684288024902e-01 -1.902289390563964844e-01
1.188177227973937988e+00 -1.255614042282104492e+00 1.227792263031005859e+00 -9.513479471206665039e-02 -1.275088638067245483e-01 -1.832191795110702515e-01
1.182961940765380859e+00 -1.256197929382324219e+00 1.229127883911132812e+00 -9.731267392635345459e-02 -1.320228874683380127e-01 -1.756431311368942261e-01
1.186009287834167480e+00 -1.253687620162963867e+00 1.228796362876892090e+00 -9.878429770469665527e-02 -1.346117854118347168e-01 -1.707114130258560181e-01
1.187576413154602051e+00 -1.254163026809692383e+00 1.226371526718139648e+00 -1.006688848137855530e-01 -1.369528919458389282e-01 -1.658856719732284546e-01
1.187690973281860352e+00 -1.251339077949523926e+00 1.227303147315979004e+00 -1.022335514426231384e-01 -1.393879652023315430e-01 -1.610682010650634766e-01
