1.237682819366455078e+00 -1.168765187263488770e+00 1.153742074966430664e+00 -2.275811433792114258e-01 -2.394720017910003662e-01 -2.332934439182281494e-01
1.237600803375244141e+00 -1.168941020965576172e+00 1.153798580169677734e+00 -2.275809049606323242e-01 -2.395053505897521973e-01 -2.332764714956283569e-01
1.237375855445861816e+00 -1.169517159461975098e+00 1.154022693634033203e+00 -2.275631129741668701e-01 -2.395543456077575684e-01 -2.333030849695205688e-01
1.236510396003723145e+00 -1.170910835266113281e+00 1.154892206192016602e+00 -2.275251448154449463e-01 -2.399367094039916992e-01 -2.330903112888336182e-01
1.234205961227416992e+00 -1.174983263015747070e+00 1.157040715217590332e+00 -2.273579835891723633e-01 -2.406236231327056885e-01 -2.329672276973724365e-01
1.229973196983337402e+00 -1.186893582344055176e+00 1.166237592697143555e+00 -2.241197377443313599e-01 -2.381380796432495117e-01 -2.392793297767639160e-01
1.222525715827941895e+00 -1.199006319046020508e+00 1.176706910133361816e+00 -2.218346595764160156e-01 -2.385767400264739990e-01 -2.419338077306747437e-01
1.220577597618103027e+00 -1.202439546585083008e+00 1.179343342781066895e+00 -2.220126688480377197e-01 -2.391389012336730957e-01 -2.404177486896514893e-01
1.216120481491088867e+00 -1.208893299102783203e+00 1.186721444129943848e+00 -2.210604846477508545e-01 -2.398594319820404053e-01 -2.402795106172561646e-01
1.215146064758300781e+00 -1.212304353713989258e+00 1.188473820686340332e+00 -2.214678078889846802e-01 -2.406254112720489502e-01 -2.381720840930938721e-01
1.210729718208312988e+00 -1.221305966377258301e+00 1.199060320854187012e+00 -2.191578000783920288e-01 -2.405037581920623779e-01 -2.405490577220916748e-01
