1.254119634628295898e+00 -1.220785617828369141e+00 1.181832551956176758e+00 -2.545896768569946289e-01 -1.665936559438705444e-01 -1.569355428218841553e-01
1.253633856773376465e+00 -1.220819473266601562e+00 1.182052373886108398e+00 -2.545745074748992920e-01 -1.666137427091598511e-01 -1.569574177265167236e-01
1.252051591873168945e+00 -1.221201181411743164e+00 1.183009982109069824e+00 -2.543861567974090576e-01 -1.664930582046508789e-01 -1.573090255260467529e-01
1.248883008956909180e+00 -1.220795392990112305e+00 1.183694958686828613e+00 -2.542630136013031006e-01 -1.661792993545532227e-01 -1.577140539884567261e-01
1.239175915718078613e+00 -1.220941543579101562e+00 1.188320279121398926e+00 -2.545530796051025391e-01 -1.681348085403442383e-01 -1.559726744890213013e-01
1.224449872970581055e+00 -1.223277688026428223e+00 1.196495056152343750e+00 -2.523799836635589600e-01 -1.651614904403686523e-01 -1.614015400409698486e-01
1.208781123161315918e+00 -1.223140358924865723e+00 1.202422976493835449e+00 -2.520029842853546143e-01 -1.655614227056503296e-01 -1.608526706695556641e-01
1.206714868545532227e+00 -1.222946763038635254e+00 1.202010154724121094e+00 -2.519091367721557617e-01 -1.641600430011749268e-01 -1.618804186582565308e-01
1.206599116325378418e+00 -1.224969387054443359e+00 1.206805348396301270e+00 -2.515180408954620361e-01 -1.641574054956436157e-01 -1.621284782886505127e-01
1.201946377754211426e+00 -1.227565884590148926e+00 1.206416130065917969e+00 -2.513123750686645508e-01 -1.632184088230133057e-01 -1.628880202770233154e-01
1.204126834869384766e+00 -1.224239468574523926e+00 1.203247427940368652e+00 -2.513471245765686035e-01 -1.626617014408111572e-01 -1.637592017650604248e-01
