1.215529084205627441e+00 -1.149672985076904297e+00 1.249737858772277832e+00 -2.276042401790618896e-01 -2.550317347049713135e-01 -1.780416518449783325e-01
1.215290188789367676e+00 -1.150746941566467285e+00 1.249498844146728516e+00 -2.275469452142715454e-01 -2.548284530639648438e-01 -1.784504652023315430e-01
1.214824318885803223e+00 -1.153414964675903320e+00 1.248633861541748047e+00 -2.273326814174652100e-01 -2.541010975837707520e-01 -1.798073947429656982e-01
1.213583350181579590e+00 -1.160191059112548828e+00 1.246009707450866699e+00 -2.271013110876083374e-01 -2.527202963829040527e-01 -1.823172569274902344e-01
1.209211826324462891e+00 -1.179570794105529785e+00 1.240137100219726562e+00 -2.257915735244750977e-01 -2.481113970279693604e-01 -1.906846165657043457e-01
1.202900886535644531e+00 -1.210093498229980469e+00 1.225384831428527832e+00 -2.230994254350662231e-01 -2.393464148044586182e-01 -2.043253481388092041e-01
1.197788596153259277e+00 -1.230992436408996582e+00 1.218205213546752930e+00 -2.249684035778045654e-01 -2.400828897953033447e-01 -2.022690176963806152e-01
1.200388789176940918e+00 -1.226457118988037109e+00 1.210166454315185547e+00 -2.247228026390075684e-01 -2.356590628623962402e-01 -2.079990357160568237e-01
1.201837897300720215e+00 -1.228003859519958496e+00 1.209053635597229004e+00 -2.240619510412216187e-01 -2.333202660083770752e-01 -2.113186419010162354e-01
1.199684977531433105e+00 -1.232704281806945801e+00 1.211848735809326172e+00 -2.232173681259155273e-01 -2.323752343654632568e-01 -2.129239141941070557e-01
1.197692036628723145e+00 -1.233813166618347168e+00 1.213348865509033203e+00 -2.232565581798553467e-01 -2.326067239046096802e-01 -2.124255895614624023e-01
