9.400420784950256348e-01 -1.275962710380554199e+00 1.302290081977844238e+00 -2.232141494750976562e-01 -2.045765817165374756e-01 -2.033169269561767578e-01
9.432323575019836426e-01 -1.275340437889099121e+00 1.301281690597534180e+00 -2.234013378620147705e-01 -2.044329494237899780e-01 -2.034424245357513428e-01
9.518834352493286133e-01 -1.273888945579528809e+00 1.298822402954101562e+00 -2.239821404218673706e-01 -2.042987942695617676e-01 -2.035532593727111816e-01
9.750946760177612305e-01 -1.269256353378295898e+00 1.291054964065551758e+00 -2.256339192390441895e-01 -2.037062793970108032e-01 -2.036432027816772461e-01
1.033684968948364258e+00 -1.256227374076843262e+00 1.272453784942626953e+00 -2.313057333230972290e-01 -2.046931087970733643e-01 -2.014991044998168945e-01
1.130842208862304688e+00 -1.225136756896972656e+00 1.223769307136535645e+00 -2.383708059787750244e-01 -1.969496309757232666e-01 -2.008070945739746094e-01
1.190241694450378418e+00 -1.213953495025634766e+00 1.191363334655761719e+00 -2.439495325088500977e-01 -1.982624679803848267e-01 -1.900024116039276123e-01
1.209622263908386230e+00 -1.208381891250610352e+00 1.188067674636840820e+00 -2.443863898515701294e-01 -1.981290578842163086e-01 -1.906571090221405029e-01
1.213358998298645020e+00 -1.203176617622375488e+00 1.183467626571655273e+00 -2.457363605499267578e-01 -1.979683041572570801e-01 -1.902616620063781738e-01
1.215695619583129883e+00 -1.202744960784912109e+00 1.181758880615234375e+00 -2.467192411422729492e-01 -1.981477141380310059e-01 -1.887076795101165771e-01
1.216208815574645996e+00 -1.203061461448669434e+00 1.180592060089111328e+00 -2.476081848144531250e-01 -1.983825266361236572e-01 -1.874813586473464966e-01
