1.186172604560852051e+00 -1.207221746444702148e+00 1.305246233940124512e+00 -1.840594410896301270e-01 -2.435889244079589844e-01 -2.696013152599334717e-01
1.191446661949157715e+00 -1.242294073104858398e+00 1.228500485420227051e+00 -1.990279406309127808e-01 -2.527522146701812744e-01 -2.098360508680343628e-01
1.191676974296569824e+00 -1.240673184394836426e+00 1.229444503784179688e+00 -1.740445494651794434e-01 -2.450755834579467773e-01 -2.212702631950378418e-01
1.189734816551208496e+00 -1.238639473915100098e+00 1.224433660507202148e+00 -2.041205018758773804e-01 -2.571940720081329346e-01 -2.322585880756378174e-01
1.189613819122314453e+00 -1.245430946350097656e+00 1.225828766822814941e+00 -1.969780623912811279e-01 -2.688517570495605469e-01 -2.273662090301513672e-01
1.201939105987548828e+00 -1.230170845985412598e+00 1.217701196670532227e+00 -2.004680335521697998e-01 -2.500127851963043213e-01 -2.138419300317764282e-01
1.162073850631713867e+00 -1.284352183341979980e+00 1.270910024642944336e+00 -2.009624838829040527e-01 -2.527686953544616699e-01 -2.376241385936737061e-01
1.182858467102050781e+00 -1.259940743446350098e+00 1.235180735588073730e+00 -1.823493093252182007e-01 -2.502351999282836914e-01 -2.183149158954620361e-01
1.190897107124328613e+00 -1.242059707641601562e+00 1.220305323600769043e+00 -1.897335350513458252e-01 -2.450864762067794800e-01 -2.127017974853515625e-01
1.195110321044921875e+00 -1.242939949035644531e+00 1.224743247032165527e+00 -1.845172345638275146e-01 -2.467972040176391602e-01 -2.168405503034591675e-01
1.194006204605102539e+00 -1.238491892814636230e+00 1.231960415840148926e+00 -1.943252384662628174e-01 -2.500500380992889404e-01 -2.202789187431335449e-01
