1.268543124198913574e+00 -1.124243855476379395e+00 1.225017309188842773e+00 -2.922491133213043213e-01 -1.000982224941253662e-01 -8.487004786729812622e-02
1.200092434883117676e+00 -1.226070523262023926e+00 1.202190637588500977e+00 -2.878555059432983398e-01 -8.795765042304992676e-02 -1.143608987331390381e-01
1.177976608276367188e+00 -1.255016446113586426e+00 1.233431339263916016e+00 -3.034036755561828613e-01 -9.095895290374755859e-02 -1.213598400354385376e-01
1.189218282699584961e+00 -1.242549657821655273e+00 1.229595303535461426e+00 -3.073536455631256104e-01 -8.405596017837524414e-02 -1.154018491506576538e-01
1.201357483863830566e+00 -1.224786162376403809e+00 1.219761013984680176e+00 -2.821138799190521240e-01 -8.193244040012359619e-02 -1.105479821562767029e-01
1.198941469192504883e+00 -1.232434034347534180e+00 1.226907610893249512e+00 -2.954987287521362305e-01 -8.644043654203414917e-02 -1.136900037527084351e-01
1.195343375205993652e+00 -1.235121726989746094e+00 1.214005351066589355e+00 -2.931388616561889648e-01 -7.964338362216949463e-02 -1.074720025062561035e-01
1.220901012420654297e+00 -1.197533845901489258e+00 1.178677558898925781e+00 -2.961291074752807617e-01 -8.686777949333190918e-02 -9.795446693897247314e-02
1.221027731895446777e+00 -1.195607781410217285e+00 1.173732757568359375e+00 -2.945372760295867920e-01 -8.983331918716430664e-02 -9.857062995433807373e-02
1.201514363288879395e+00 -1.227662324905395508e+00 1.204645991325378418e+00 -2.856748700141906738e-01 -8.367684483528137207e-02 -1.108218282461166382e-01
1.207081556320190430e+00 -1.213446259498596191e+00 1.191716551780700684e+00 -2.833860218524932861e-01 -7.987320423126220703e-02 -1.035162732005119324e-01
