1.161792874336242676e+00 -1.315022110939025879e+00 1.215631246566772461e+00 -1.530424505472183228e-01 -1.775646954774856567e-01 -2.153999805450439453e-01
1.197492241859436035e+00 -1.229711890220642090e+00 1.221673369407653809e+00 -1.762758195400238037e-01 -1.978844106197357178e-01 -1.815231442451477051e-01
1.226352453231811523e+00 -1.184600472450256348e+00 1.171322226524353027e+00 -1.849225014448165894e-01 -2.086737900972366333e-01 -1.732045710086822510e-01
1.230437874794006348e+00 -1.178741455078125000e+00 1.172485709190368652e+00 -1.774733811616897583e-01 -2.146463245153427124e-01 -1.675409376621246338e-01
1.190165996551513672e+00 -1.240708231925964355e+00 1.231643199920654297e+00 -1.679826825857162476e-01 -2.038228511810302734e-01 -1.902457326650619507e-01
1.177194118499755859e+00 -1.260321855545043945e+00 1.248428225517272949e+00 -1.730068325996398926e-01 -1.972443759441375732e-01 -1.879247725009918213e-01
1.185061812400817871e+00 -1.248482942581176758e+00 1.232083916664123535e+00 -1.812428981065750122e-01 -1.968569010496139526e-01 -1.874103099107742310e-01
1.208075404167175293e+00 -1.211266756057739258e+00 1.203788042068481445e+00 -1.843868792057037354e-01 -2.050656527280807495e-01 -1.723994761705398560e-01
1.206074357032775879e+00 -1.218396067619323730e+00 1.206430554389953613e+00 -1.844200491905212402e-01 -1.979684531688690186e-01 -1.747601926326751709e-01
1.196200251579284668e+00 -1.233759284019470215e+00 1.220745801925659180e+00 -1.791317462921142578e-01 -2.015384584665298462e-01 -1.882353872060775757e-01
1.202860474586486816e+00 -1.222483396530151367e+00 1.208409309387207031e+00 -1.763465106487274170e-01 -2.002986222505569458e-01 -1.817864924669265747e-01
