1.295543074607849121e+00 -1.403709530830383301e+00 1.216696977615356445e+00 -1.766250729560852051e-01 -1.925760507583618164e-01 -2.491014599800109863e-01
1.198650956153869629e+00 -1.242706298828125000e+00 1.230534553527832031e+00 -2.038556784391403198e-01 -2.134502828121185303e-01 -2.100103199481964111e-01
1.163406372070312500e+00 -1.266462922096252441e+00 1.271944046020507812e+00 -1.952529400587081909e-01 -2.276771962642669678e-01 -2.132376432418823242e-01
1.217118263244628906e+00 -1.209013223648071289e+00 1.201961278915405273e+00 -1.945999711751937866e-01 -2.067621350288391113e-01 -1.856976151466369629e-01
1.217154860496520996e+00 -1.205997586250305176e+00 1.193551659584045410e+00 -1.932963281869888306e-01 -2.083420306444168091e-01 -1.799820810556411743e-01
1.215062975883483887e+00 -1.219124317169189453e+00 1.204180479049682617e+00 -1.940700113773345947e-01 -2.058267742395401001e-01 -2.017024159431457520e-01
1.209673881530761719e+00 -1.218809247016906738e+00 1.202450752258300781e+00 -1.937590837478637695e-01 -2.059718966484069824e-01 -1.854459047317504883e-01
1.202446103096008301e+00 -1.232981324195861816e+00 1.217899322509765625e+00 -1.954126060009002686e-01 -2.064930349588394165e-01 -2.009526789188385010e-01
1.195003867149353027e+00 -1.236976742744445801e+00 1.226450324058532715e+00 -2.000454068183898926e-01 -2.185765951871871948e-01 -2.083589881658554077e-01
1.194749116897583008e+00 -1.245395898818969727e+00 1.235953330993652344e+00 -2.059171348810195923e-01 -2.159527987241744995e-01 -2.162865102291107178e-01
1.182676315307617188e+00 -1.259375929832458496e+00 1.247008204460144043e+00 -1.994144916534423828e-01 -2.212304323911666870e-01 -2.143865227699279785e-01
