1.180178880691528320e+00 -1.178364276885986328e+00 1.031766295433044434e+00 -3.057714104652404785e-01 -2.976553142070770264e-01 -1.078856438398361206e-01
1.223387718200683594e+00 -1.195347070693969727e+00 1.183981537818908691e+00 -2.399789690971374512e-01 -2.534035444259643555e-01 -2.083550691604614258e-01
1.214657902717590332e+00 -1.197361350059509277e+00 1.191771984100341797e+00 -2.248302102088928223e-01 -2.520321607589721680e-01 -2.143422067165374756e-01
1.225365400314331055e+00 -1.208802819252014160e+00 1.200780153274536133e+00 -2.359257191419601440e-01 -2.691075801849365234e-01 -2.418242394924163818e-01
1.217058777809143066e+00 -1.208709955215454102e+00 1.196132779121398926e+00 -2.437515556812286377e-01 -2.556977272033691406e-01 -2.189102768898010254e-01
1.225695371627807617e+00 -1.191366553306579590e+00 1.179347395896911621e+00 -2.528732120990753174e-01 -2.636309266090393066e-01 -2.117398232221603394e-01
1.208568572998046875e+00 -1.206668496131896973e+00 1.193871855735778809e+00 -2.597568929195404053e-01 -2.548937797546386719e-01 -2.220724821090698242e-01
1.210988163948059082e+00 -1.212481141090393066e+00 1.195872783660888672e+00 -2.320451140403747559e-01 -2.362413406372070312e-01 -2.251778692007064819e-01
1.217315912246704102e+00 -1.197748303413391113e+00 1.197261333465576172e+00 -2.316874712705612183e-01 -2.497372478246688843e-01 -2.072733044624328613e-01
1.222422957420349121e+00 -1.195032835006713867e+00 1.175675034523010254e+00 -2.307915985584259033e-01 -2.409497648477554321e-01 -2.021619379520416260e-01
1.222888350486755371e+00 -1.184323549270629883e+00 1.172138333320617676e+00 -2.379822134971618652e-01 -2.439121305942535400e-01 -2.040684819221496582e-01
