1.149325728416442871e+00 -1.236101627349853516e+00 1.186259984970092773e+00 -3.312166035175323486e-01 -1.884707212448120117e-01 -1.943870633840560913e-01
1.200113058090209961e+00 -1.224163651466369629e+00 1.206904768943786621e+00 -3.275867700576782227e-01 -1.819021403789520264e-01 -1.948557496070861816e-01
1.204064011573791504e+00 -1.220321774482727051e+00 1.199511766433715820e+00 -3.237897455692291260e-01 -1.809450536966323853e-01 -1.906516551971435547e-01
1.199631810188293457e+00 -1.222826957702636719e+00 1.201897621154785156e+00 -3.320000469684600830e-01 -1.894232630729675293e-01 -1.965006738901138306e-01
1.246780037879943848e+00 -1.172712802886962891e+00 1.152318239212036133e+00 -3.480677008628845215e-01 -2.228967547416687012e-01 -1.725564301013946533e-01
1.199822068214416504e+00 -1.220490574836730957e+00 1.209142684936523438e+00 -3.443654477596282959e-01 -2.058266401290893555e-01 -2.014116942882537842e-01
1.210018277168273926e+00 -1.206792712211608887e+00 1.192645549774169922e+00 -3.281393647193908691e-01 -1.888538599014282227e-01 -1.843819022178649902e-01
1.218756437301635742e+00 -1.198759436607360840e+00 1.180886268615722656e+00 -3.283583819866180420e-01 -1.811771839857101440e-01 -1.825987696647644043e-01
1.207098245620727539e+00 -1.209598660469055176e+00 1.196561336517333984e+00 -3.216590285301208496e-01 -1.805446445941925049e-01 -1.715220063924789429e-01
1.221833229064941406e+00 -1.189312100410461426e+00 1.173399090766906738e+00 -3.226266801357269287e-01 -1.707202792167663574e-01 -1.789269745349884033e-01
1.198464989662170410e+00 -1.224099278450012207e+00 1.206724643707275391e+00 -3.274696171283721924e-01 -1.776141822338104248e-01 -1.777042895555496216e-01
