1.286463856697082520e+00 -1.314777016639709473e+00 1.151141166687011719e+00 -2.150497287511825562e-01 -2.030539661645889282e-01 -2.320644557476043701e-01
1.211062431335449219e+00 -1.215137243270874023e+00 1.193675279617309570e+00 -2.194113731384277344e-01 -2.440027892589569092e-01 -2.094573229551315308e-01
1.206945300102233887e+00 -1.218212246894836426e+00 1.203752636909484863e+00 -1.862435191869735718e-01 -2.191909253597259521e-01 -1.794194430112838745e-01
1.209340095520019531e+00 -1.214176297187805176e+00 1.198634028434753418e+00 -2.097892761230468750e-01 -2.353727817535400391e-01 -1.969186961650848389e-01
1.205580353736877441e+00 -1.221014380455017090e+00 1.202808856964111328e+00 -2.369464635848999023e-01 -2.637178599834442139e-01 -2.281038910150527954e-01
1.208536148071289062e+00 -1.222594976425170898e+00 1.196166872978210449e+00 -2.060512304306030273e-01 -2.487778812646865845e-01 -2.226496785879135132e-01
1.209294319152832031e+00 -1.220299482345581055e+00 1.198615312576293945e+00 -2.144091725349426270e-01 -2.564819753170013428e-01 -2.155763208866119385e-01
1.209864974021911621e+00 -1.214104652404785156e+00 1.198666334152221680e+00 -2.365341484546661377e-01 -2.265279889106750488e-01 -2.025684267282485962e-01
1.210487484931945801e+00 -1.216860771179199219e+00 1.196977496147155762e+00 -2.053889632225036621e-01 -2.189218699932098389e-01 -1.958007812500000000e-01
1.212281823158264160e+00 -1.211677551269531250e+00 1.194679856300354004e+00 -2.143256664276123047e-01 -2.180894762277603149e-01 -1.912838220596313477e-01
1.209856390953063965e+00 -1.212989807128906250e+00 1.194504261016845703e+00 -2.128843963146209717e-01 -2.345640659332275391e-01 -2.001181840896606445e-01
