1.204281210899353027e+00 -1.220261454582214355e+00 1.200131058692932129e+00 -1.979180425405502319e-01 -2.123846411705017090e-01 -2.004242390394210815e-01
1.206769108772277832e+00 -1.219017982482910156e+00 1.199715256690979004e+00 -1.948518157005310059e-01 -2.088027298450469971e-01 -2.061093300580978394e-01
1.200053453445434570e+00 -1.233059048652648926e+00 1.211817383766174316e+00 -1.827361881732940674e-01 -2.382664680480957031e-01 -2.332485914230346680e-01
1.205598235130310059e+00 -1.221000313758850098e+00 1.205889344215393066e+00 -1.936309635639190674e-01 -2.505340874195098877e-01 -2.564330995082855225e-01
1.209196209907531738e+00 -1.215013146400451660e+00 1.196167111396789551e+00 -1.962556540966033936e-01 -2.306895256042480469e-01 -2.196654826402664185e-01
1.166694164276123047e+00 -1.280072331428527832e+00 1.258309841156005859e+00 -1.940124034881591797e-01 -2.176118493080139160e-01 -2.281154543161392212e-01
1.188048720359802246e+00 -1.247755289077758789e+00 1.229896664619445801e+00 -2.125605642795562744e-01 -2.288348972797393799e-01 -2.430808842182159424e-01
1.205224871635437012e+00 -1.227899789810180664e+00 1.205208778381347656e+00 -1.965545415878295898e-01 -2.258064746856689453e-01 -2.060559988021850586e-01
1.212694764137268066e+00 -1.210540890693664551e+00 1.189955949783325195e+00 -2.081751972436904907e-01 -2.268871665000915527e-01 -2.346706241369247437e-01
1.218166828155517578e+00 -1.201323390007019043e+00 1.182322144508361816e+00 -2.018527090549468994e-01 -2.144978195428848267e-01 -2.223197221755981445e-01
1.214320898056030273e+00 -1.209629416465759277e+00 1.188348770141601562e+00 -1.970783919095993042e-01 -2.152309864759445190e-01 -2.117758393287658691e-01
