1.204756498336791992e+00 -1.099146962165832520e+00 1.195498943328857422e+00 -2.151957750320434570e-01 -3.088192343711853027e-01 -1.039955615997314453e-01
1.215320110321044922e+00 -1.186194062232971191e+00 1.185490250587463379e+00 -2.150183320045471191e-01 -2.837973833084106445e-01 -1.395224034786224365e-01
1.225492238998413086e+00 -1.170547127723693848e+00 1.176810503005981445e+00 -2.800762057304382324e-01 -3.270729184150695801e-01 -2.253405004739761353e-01
1.216453552246093750e+00 -1.180714368820190430e+00 1.176635861396789551e+00 -2.579320073127746582e-01 -3.038934767246246338e-01 -1.613401323556900024e-01
1.214461922645568848e+00 -1.191187024116516113e+00 1.180204629898071289e+00 -2.592649459838867188e-01 -2.954377830028533936e-01 -1.865774095058441162e-01
1.225637912750244141e+00 -1.173672080039978027e+00 1.154626488685607910e+00 -2.894166111946105957e-01 -3.210293650627136230e-01 -2.379640340805053711e-01
1.211645245552062988e+00 -1.196111917495727539e+00 1.185342907905578613e+00 -2.624287307262420654e-01 -2.876360416412353516e-01 -1.857886016368865967e-01
1.209939837455749512e+00 -1.198665976524353027e+00 1.192725539207458496e+00 -2.545530200004577637e-01 -2.818658947944641113e-01 -1.845670491456985474e-01
1.229991555213928223e+00 -1.173403978347778320e+00 1.172793626785278320e+00 -2.247413992881774902e-01 -2.759891748428344727e-01 -1.844385266304016113e-01
1.216570854187011719e+00 -1.193156003952026367e+00 1.185379266738891602e+00 -2.276017069816589355e-01 -2.748812735080718994e-01 -1.787808239459991455e-01
1.212611198425292969e+00 -1.201354384422302246e+00 1.191195964813232422e+00 -2.136722803115844727e-01 -2.685492932796478271e-01 -1.752882897853851318e-01
