1.220402121543884277e+00 -1.223219513893127441e+00 1.066920638084411621e+00 -2.293215990066528320e-01 -1.887786835432052612e-01 -2.251903712749481201e-01
1.201403260231018066e+00 -1.229437589645385742e+00 1.211661219596862793e+00 -2.222374379634857178e-01 -2.301096320152282715e-01 -1.934931725263595581e-01
1.202911734580993652e+00 -1.233254432678222656e+00 1.216546535491943359e+00 -2.248919010162353516e-01 -2.341358959674835205e-01 -1.994714736938476562e-01
1.196487426757812500e+00 -1.238499999046325684e+00 1.229151725769042969e+00 -2.231260836124420166e-01 -2.280826568603515625e-01 -2.103931903839111328e-01
1.196568489074707031e+00 -1.237030744552612305e+00 1.220835566520690918e+00 -2.165510505437850952e-01 -2.379939556121826172e-01 -2.055838108062744141e-01
1.194327831268310547e+00 -1.235522150993347168e+00 1.223685264587402344e+00 -2.254100292921066284e-01 -2.300651967525482178e-01 -1.954589039087295532e-01
1.198440790176391602e+00 -1.233517527580261230e+00 1.218967199325561523e+00 -2.231241762638092041e-01 -2.265425771474838257e-01 -2.014643102884292603e-01
1.194501042366027832e+00 -1.242541551589965820e+00 1.228786826133728027e+00 -2.247821390628814697e-01 -2.148000150918960571e-01 -1.996311843395233154e-01
1.200152397155761719e+00 -1.233871936798095703e+00 1.214837908744812012e+00 -2.241180241107940674e-01 -2.196026742458343506e-01 -2.087197750806808472e-01
1.197674274444580078e+00 -1.232927680015563965e+00 1.217543244361877441e+00 -2.228753864765167236e-01 -2.335865795612335205e-01 -2.031627595424652100e-01
1.198226213455200195e+00 -1.234480381011962891e+00 1.218888759613037109e+00 -2.216146290302276611e-01 -2.335422933101654053e-01 -2.002381086349487305e-01
