1.181765794754028320e+00 -1.235709786415100098e+00 1.000101447105407715e+00 -2.644719481468200684e-01 -2.222404330968856812e-01 -2.069331705570220947e-01
1.207818508148193359e+00 -1.240284323692321777e+00 1.219146847724914551e+00 -2.435637712478637695e-01 -2.589099407196044922e-01 -2.086617946624755859e-01
1.231746077537536621e+00 -1.200071692466735840e+00 1.166089773178100586e+00 -2.443115562200546265e-01 -2.534019947052001953e-01 -2.121711075305938721e-01
1.178164720535278320e+00 -1.227966427803039551e+00 1.223862409591674805e+00 -2.458155900239944458e-01 -2.675096988677978516e-01 -2.090983837842941284e-01
1.201452016830444336e+00 -1.238667368888854980e+00 1.218307852745056152e+00 -2.601807713508605957e-01 -2.458383589982986450e-01 -2.149022817611694336e-01
1.197231769561767578e+00 -1.247969746589660645e+00 1.221696019172668457e+00 -2.594498991966247559e-01 -2.496447414159774780e-01 -2.112416923046112061e-01
1.196854472160339355e+00 -1.251869916915893555e+00 1.235202789306640625e+00 -2.466375827789306641e-01 -2.626292109489440918e-01 -2.304906845092773438e-01
1.199052453041076660e+00 -1.249810576438903809e+00 1.236146450042724609e+00 -2.380769550800323486e-01 -2.597304582595825195e-01 -2.408721148967742920e-01
1.196670651435852051e+00 -1.256654262542724609e+00 1.239122986793518066e+00 -2.352751195430755615e-01 -2.634682953357696533e-01 -2.360461205244064331e-01
1.198851466178894043e+00 -1.246811747550964355e+00 1.231281638145446777e+00 -2.380999922752380371e-01 -2.633131742477416992e-01 -2.301310896873474121e-01
1.193682670593261719e+00 -1.253026127815246582e+00 1.234457135200500488e+00 -2.393135726451873779e-01 -2.635806202888488770e-01 -2.245806008577346802e-01
