1.010532021522521973e+00 -1.375767111778259277e+00 1.213715314865112305e+00 -2.748732864856719971e-01 -2.279164195060729980e-01 -1.420611888170242310e-01
1.183110356330871582e+00 -1.265269994735717773e+00 1.254900693893432617e+00 -2.598863542079925537e-01 -1.975692510604858398e-01 -2.097111344337463379e-01
1.183144330978393555e+00 -1.260696530342102051e+00 1.259961485862731934e+00 -2.457173466682434082e-01 -2.032117098569869995e-01 -2.083544880151748657e-01
1.182578802108764648e+00 -1.254953503608703613e+00 1.241207480430603027e+00 -2.430549860000610352e-01 -1.878857016563415527e-01 -1.836942583322525024e-01
1.184508681297302246e+00 -1.256759762763977051e+00 1.242837905883789062e+00 -2.522368729114532471e-01 -1.786277443170547485e-01 -1.860372126102447510e-01
1.189648032188415527e+00 -1.259827136993408203e+00 1.244882464408874512e+00 -2.537635266780853271e-01 -1.936762183904647827e-01 -1.992529034614562988e-01
1.186446666717529297e+00 -1.256359696388244629e+00 1.244583606719970703e+00 -2.611060440540313721e-01 -1.952033042907714844e-01 -1.957649886608123779e-01
1.187507629394531250e+00 -1.254869222640991211e+00 1.240572929382324219e+00 -2.727638781070709229e-01 -2.037874758243560791e-01 -1.987964212894439697e-01
1.186381697654724121e+00 -1.261555075645446777e+00 1.250707864761352539e+00 -2.611861228942871094e-01 -1.961875408887863159e-01 -2.083128839731216431e-01
1.180508494377136230e+00 -1.269910693168640137e+00 1.256846308708190918e+00 -2.607410252094268799e-01 -2.034272700548171997e-01 -1.962385773658752441e-01
1.178933024406433105e+00 -1.268921017646789551e+00 1.256484627723693848e+00 -2.614487707614898682e-01 -1.981156319379806519e-01 -2.046848386526107788e-01
