1.117290973663330078e+00 -1.330387473106384277e+00 1.068425416946411133e+00 -1.734439581632614136e-01 -1.790460944175720215e-01 -2.118295133113861084e-01
1.207393527030944824e+00 -1.226462364196777344e+00 1.214350700378417969e+00 -1.711262762546539307e-01 -2.166749089956283569e-01 -1.722069978713989258e-01
1.202208876609802246e+00 -1.234334707260131836e+00 1.225482940673828125e+00 -1.614519059658050537e-01 -2.229481488466262817e-01 -1.894065439701080322e-01
1.205652713775634766e+00 -1.220644712448120117e+00 1.206935763359069824e+00 -1.806244552135467529e-01 -1.989651024341583252e-01 -2.242489606142044067e-01
1.195019483566284180e+00 -1.246061801910400391e+00 1.232183933258056641e+00 -1.778521239757537842e-01 -2.223687618970870972e-01 -2.063223868608474731e-01
1.200583696365356445e+00 -1.228251338005065918e+00 1.216617941856384277e+00 -1.860641539096832275e-01 -2.307288795709609985e-01 -1.797429472208023071e-01
1.187626361846923828e+00 -1.251344680786132812e+00 1.249090909957885742e+00 -1.743631511926651001e-01 -2.068710327148437500e-01 -2.141839116811752319e-01
1.178410649299621582e+00 -1.261123538017272949e+00 1.259279131889343262e+00 -1.636421978473663330e-01 -2.113438248634338379e-01 -2.010442912578582764e-01
1.194119215011596680e+00 -1.246039390563964844e+00 1.235229015350341797e+00 -1.646606326103210449e-01 -2.101688981056213379e-01 -1.939452141523361206e-01
1.203985929489135742e+00 -1.231749415397644043e+00 1.217265844345092773e+00 -1.675526052713394165e-01 -2.070078551769256592e-01 -1.876153200864791870e-01
1.205279827117919922e+00 -1.230022192001342773e+00 1.216884970664978027e+00 -1.723159253597259521e-01 -2.090266942977905273e-01 -1.848659217357635498e-01
