1.256658196449279785e+00 -1.285885334014892578e+00 1.263072252273559570e+00 -1.522128283977508545e-01 -2.399485707283020020e-01 -2.433049082756042480e-01
1.187629222869873047e+00 -1.261346936225891113e+00 1.248539090156555176e+00 -1.578752547502517700e-01 -2.446123659610748291e-01 -2.250747084617614746e-01
1.176537156105041504e+00 -1.281006574630737305e+00 1.269413948059082031e+00 -1.536899656057357788e-01 -2.318508028984069824e-01 -2.332682609558105469e-01
1.206467151641845703e+00 -1.234399676322937012e+00 1.235058903694152832e+00 -1.672388166189193726e-01 -2.354571521282196045e-01 -2.094047665596008301e-01
1.177156567573547363e+00 -1.280492663383483887e+00 1.279496669769287109e+00 -1.502177864313125610e-01 -2.409310936927795410e-01 -2.287183105945587158e-01
1.176915764808654785e+00 -1.285003423690795898e+00 1.273973822593688965e+00 -1.539541482925415039e-01 -2.429082095623016357e-01 -2.360096126794815063e-01
1.156976699829101562e+00 -1.309604883193969727e+00 1.307553529739379883e+00 -1.375131309032440186e-01 -2.527047395706176758e-01 -2.381208091974258423e-01
1.166188478469848633e+00 -1.297143697738647461e+00 1.292529702186584473e+00 -1.383330225944519043e-01 -2.425658553838729858e-01 -2.376440018415451050e-01
1.180375456809997559e+00 -1.274477005004882812e+00 1.270623326301574707e+00 -1.532993912696838379e-01 -2.454546391963958740e-01 -2.285596430301666260e-01
1.184706568717956543e+00 -1.268121123313903809e+00 1.257616281509399414e+00 -1.615349650382995605e-01 -2.463185638189315796e-01 -2.348509132862091064e-01
1.195866227149963379e+00 -1.248731136322021484e+00 1.240062594413757324e+00 -1.648298352956771851e-01 -2.439608275890350342e-01 -2.246931493282318115e-01
