1.206495046615600586e+00 -1.079588294029235840e+00 1.308499574661254883e+00 -1.346445679664611816e-01 -2.243658304214477539e-01 -1.925148963928222656e-01
1.221616268157958984e+00 -1.204809069633483887e+00 1.187061309814453125e+00 -1.549063771963119507e-01 -2.186857908964157104e-01 -1.824917793273925781e-01
1.223763585090637207e+00 -1.204405665397644043e+00 1.185097455978393555e+00 -1.426193118095397949e-01 -2.047703266143798828e-01 -1.792632043361663818e-01
1.306697010993957520e+00 -1.095897436141967773e+00 1.173138141632080078e+00 -1.462329179048538208e-01 -1.987042725086212158e-01 -2.089075744152069092e-01
1.235037684440612793e+00 -1.193960309028625488e+00 1.165692925453186035e+00 -1.482304334640502930e-01 -2.104716897010803223e-01 -2.062044590711593628e-01
1.221588969230651855e+00 -1.202967643737792969e+00 1.181539058685302734e+00 -1.577930897474288940e-01 -2.304282486438751221e-01 -1.846104860305786133e-01
1.215833544731140137e+00 -1.209174156188964844e+00 1.185340166091918945e+00 -1.624018251895904541e-01 -2.248893231153488159e-01 -1.946558803319931030e-01
1.207883238792419434e+00 -1.218449234962463379e+00 1.195869326591491699e+00 -1.609036028385162354e-01 -2.256676554679870605e-01 -1.946629285812377930e-01
1.208051204681396484e+00 -1.221798062324523926e+00 1.203464031219482422e+00 -1.475310325622558594e-01 -2.287668287754058838e-01 -1.989973038434982300e-01
1.219884276390075684e+00 -1.204574942588806152e+00 1.182829856872558594e+00 -1.508870422840118408e-01 -2.233207374811172485e-01 -1.997472345829010010e-01
1.215728163719177246e+00 -1.213893055915832520e+00 1.188784003257751465e+00 -1.460758447647094727e-01 -2.219000160694122314e-01 -1.968840360641479492e-01
