1.167825579643249512e+00 -1.127702832221984863e+00 1.518051862716674805e+00 -2.664132416248321533e-01 -3.344063758850097656e-01 -1.733122020959854126e-01
1.216437101364135742e+00 -1.239382147789001465e+00 1.209602713584899902e+00 -2.826428711414337158e-01 -2.569304406642913818e-01 -2.433649003505706787e-01
1.208163261413574219e+00 -1.227199196815490723e+00 1.210731744766235352e+00 -3.059796392917633057e-01 -2.501020133495330811e-01 -2.345016598701477051e-01
1.211285233497619629e+00 -1.220269203186035156e+00 1.204917788505554199e+00 -3.045481145381927490e-01 -2.553105056285858154e-01 -2.332064211368560791e-01
1.198119521141052246e+00 -1.250633955001831055e+00 1.233633995056152344e+00 -2.842718958854675293e-01 -2.584521174430847168e-01 -2.490809857845306396e-01
1.210666537284851074e+00 -1.220300078392028809e+00 1.203062534332275391e+00 -2.856099903583526611e-01 -2.582201063632965088e-01 -2.371517121791839600e-01
1.208006501197814941e+00 -1.240763306617736816e+00 1.218972563743591309e+00 -2.857845425605773926e-01 -2.491615414619445801e-01 -2.384361028671264648e-01
1.205151796340942383e+00 -1.236851930618286133e+00 1.219098687171936035e+00 -2.904467582702636719e-01 -2.562983334064483643e-01 -2.411477267742156982e-01
1.207880735397338867e+00 -1.244272708892822266e+00 1.220632791519165039e+00 -2.947303652763366699e-01 -2.565069794654846191e-01 -2.445588856935501099e-01
1.202122330665588379e+00 -1.234358549118041992e+00 1.220546483993530273e+00 -2.947291731834411621e-01 -2.596948444843292236e-01 -2.386520206928253174e-01
1.210309863090515137e+00 -1.234109044075012207e+00 1.213204979896545410e+00 -2.933273911476135254e-01 -2.529720664024353027e-01 -2.484454810619354248e-01
