1.200463414192199707e+00 -1.186728239059448242e+00 1.155369400978088379e+00 -2.690823674201965332e-01 -2.449148595333099365e-01 -2.091057300567626953e-01
1.223555803298950195e+00 -1.207667589187622070e+00 1.213792324066162109e+00 -2.634174525737762451e-01 -2.562836110591888428e-01 -2.123160958290100098e-01
1.216618061065673828e+00 -1.205275297164916992e+00 1.172528505325317383e+00 -2.432085722684860229e-01 -2.526916861534118652e-01 -2.282715141773223877e-01
1.213898181915283203e+00 -1.212514281272888184e+00 1.200296998023986816e+00 -2.584823668003082275e-01 -2.516933381557464600e-01 -2.200266420841217041e-01
1.204374790191650391e+00 -1.216934800148010254e+00 1.215500950813293457e+00 -2.486788183450698853e-01 -2.566736340522766113e-01 -2.240789681673049927e-01
1.227480053901672363e+00 -1.205962777137756348e+00 1.214044690132141113e+00 -2.532118558883666992e-01 -2.644641399383544922e-01 -2.191294133663177490e-01
1.225447535514831543e+00 -1.209921360015869141e+00 1.216761112213134766e+00 -2.581157982349395752e-01 -2.541311085224151611e-01 -2.283658236265182495e-01
1.222091436386108398e+00 -1.207359790802001953e+00 1.215201973915100098e+00 -2.589789628982543945e-01 -2.560338079929351807e-01 -2.146077603101730347e-01
1.220636248588562012e+00 -1.210862755775451660e+00 1.218490600585937500e+00 -2.610507309436798096e-01 -2.645447254180908203e-01 -2.194761484861373901e-01
1.226147294044494629e+00 -1.203493356704711914e+00 1.208577513694763184e+00 -2.628517746925354004e-01 -2.570680081844329834e-01 -2.197649031877517700e-01
1.220739483833312988e+00 -1.210958957672119141e+00 1.216819524765014648e+00 -2.662270665168762207e-01 -2.579645216464996338e-01 -2.188991010189056396e-01
