1.099545717239379883e+00 -1.272028684616088867e+00 1.155193448066711426e+00 -2.507717013359069824e-01 -1.100626140832901001e-01 -1.860521137714385986e-01
1.213906407356262207e+00 -1.205333828926086426e+00 1.185221195220947266e+00 -2.687308490276336670e-01 -1.515810638666152954e-01 -1.537742316722869873e-01
1.214821457862854004e+00 -1.202088713645935059e+00 1.180922985076904297e+00 -2.792204916477203369e-01 -1.594331264495849609e-01 -1.092116758227348328e-01
1.215519547462463379e+00 -1.207654595375061035e+00 1.188130736351013184e+00 -2.582171559333801270e-01 -1.638800650835037231e-01 -1.762709021568298340e-01
1.212377548217773438e+00 -1.207668066024780273e+00 1.189611077308654785e+00 -2.644601464271545410e-01 -1.447939723730087280e-01 -1.508193016052246094e-01
1.218440413475036621e+00 -1.201985239982604980e+00 1.182517170906066895e+00 -2.705478668212890625e-01 -1.453850269317626953e-01 -1.644647717475891113e-01
1.213957786560058594e+00 -1.207119226455688477e+00 1.187008500099182129e+00 -2.324752360582351685e-01 -1.494749933481216431e-01 -1.479722857475280762e-01
1.218517661094665527e+00 -1.202255725860595703e+00 1.183455109596252441e+00 -2.411901205778121948e-01 -1.394175291061401367e-01 -1.410839557647705078e-01
1.213261604309082031e+00 -1.207203865051269531e+00 1.190868377685546875e+00 -2.692253589630126953e-01 -1.625315546989440918e-01 -1.579810380935668945e-01
1.217545151710510254e+00 -1.204185128211975098e+00 1.187160968780517578e+00 -2.683656811714172363e-01 -1.488151848316192627e-01 -1.676027327775955200e-01
1.214015126228332520e+00 -1.207226157188415527e+00 1.188378095626831055e+00 -2.726578116416931152e-01 -1.611600667238235474e-01 -1.646411120891571045e-01
