1.181716442108154297e+00 -9.468048214912414551e-01 1.291903972625732422e+00 -2.693786025047302246e-01 -1.069355607032775879e-01 -1.396687328815460205e-01
1.196711063385009766e+00 -1.238073348999023438e+00 1.221095442771911621e+00 -2.730693817138671875e-01 -9.429942816495895386e-02 -1.593266874551773071e-01
1.207324862480163574e+00 -1.215275287628173828e+00 1.194177508354187012e+00 -2.981779575347900391e-01 -1.405867636203765869e-01 -1.748334467411041260e-01
1.197839975357055664e+00 -1.236135244369506836e+00 1.212975740432739258e+00 -2.815924584865570068e-01 -1.155970394611358643e-01 -1.673270016908645630e-01
1.201804161071777344e+00 -1.229840040206909180e+00 1.209162712097167969e+00 -2.758608758449554443e-01 -8.715876191854476929e-02 -1.624866276979446411e-01
1.200606703758239746e+00 -1.229927301406860352e+00 1.210053801536560059e+00 -2.987836003303527832e-01 -1.124766767024993896e-01 -1.599297672510147095e-01
1.200909495353698730e+00 -1.233414769172668457e+00 1.209878444671630859e+00 -2.795188724994659424e-01 -9.392307698726654053e-02 -1.744879037141799927e-01
1.199860095977783203e+00 -1.236293435096740723e+00 1.212034225463867188e+00 -2.779258191585540771e-01 -8.459145575761795044e-02 -1.852539777755737305e-01
1.198211908340454102e+00 -1.236915349960327148e+00 1.213155150413513184e+00 -2.824506163597106934e-01 -9.826249629259109497e-02 -1.721116006374359131e-01
1.199930548667907715e+00 -1.233416914939880371e+00 1.210687875747680664e+00 -2.773126959800720215e-01 -1.049409061670303345e-01 -1.722412109375000000e-01
1.202822446823120117e+00 -1.228837251663208008e+00 1.208676695823669434e+00 -2.941795587539672852e-01 -1.213093549013137817e-01 -1.882751435041427612e-01
