1.125685214996337891e+00 -1.236149430274963379e+00 1.169701576232910156e+00 -2.208200693130493164e-01 -2.433760613203048706e-01 -6.952264904975891113e-02
1.212687849998474121e+00 -1.212805151939392090e+00 1.201413273811340332e+00 -2.061612308025360107e-01 -1.968261897563934326e-01 -2.309409677982330322e-01
1.211769104003906250e+00 -1.213704586029052734e+00 1.194772124290466309e+00 -1.823278367519378662e-01 -2.043506056070327759e-01 -2.075079977512359619e-01
1.209112882614135742e+00 -1.215565443038940430e+00 1.200304508209228516e+00 -1.989476531744003296e-01 -2.198016941547393799e-01 -2.157876044511795044e-01
1.213126540184020996e+00 -1.205473423004150391e+00 1.197718858718872070e+00 -2.125326395034790039e-01 -2.071858644485473633e-01 -1.737679839134216309e-01
1.214224457740783691e+00 -1.207908868789672852e+00 1.193682432174682617e+00 -2.056632488965988159e-01 -1.951719820499420166e-01 -1.990608125925064087e-01
1.212298750877380371e+00 -1.211577534675598145e+00 1.199100971221923828e+00 -1.934379786252975464e-01 -1.935599893331527710e-01 -1.677303016185760498e-01
1.213231563568115234e+00 -1.208587646484375000e+00 1.196347951889038086e+00 -2.045498490333557129e-01 -1.857517808675765991e-01 -2.001270502805709839e-01
1.217631578445434570e+00 -1.203430056571960449e+00 1.187953829765319824e+00 -2.030852735042572021e-01 -2.056453227996826172e-01 -1.947752982378005981e-01
1.209164738655090332e+00 -1.215512633323669434e+00 1.197760224342346191e+00 -1.992631703615188599e-01 -1.972642838954925537e-01 -1.925625801086425781e-01
1.213788986206054688e+00 -1.208387255668640137e+00 1.193054914474487305e+00 -2.010437250137329102e-01 -2.065092176198959351e-01 -1.911545395851135254e-01
