1.219447135925292969e+00 -1.382040858268737793e+00 1.169266343116760254e+00 -2.184883058071136475e-01 -2.335703074932098389e-01 -2.321465313434600830e-01
1.215436577796936035e+00 -1.207023620605468750e+00 1.191295266151428223e+00 -1.877133846282958984e-01 -2.383060157299041748e-01 -2.111820280551910400e-01
1.216297626495361328e+00 -1.202589988708496094e+00 1.186974406242370605e+00 -1.813916563987731934e-01 -2.127304077148437500e-01 -1.994508653879165649e-01
1.207390546798706055e+00 -1.212255954742431641e+00 1.196984291076660156e+00 -2.004873007535934448e-01 -1.820531189441680908e-01 -1.684742569923400879e-01
1.216547727584838867e+00 -1.203160285949707031e+00 1.191157341003417969e+00 -2.098543494939804077e-01 -2.248634845018386841e-01 -1.950934231281280518e-01
1.213648915290832520e+00 -1.202640652656555176e+00 1.187554121017456055e+00 -2.078273594379425049e-01 -2.233771532773971558e-01 -1.913631409406661987e-01
1.209770917892456055e+00 -1.212433099746704102e+00 1.197112321853637695e+00 -1.949996948242187500e-01 -2.140200138092041016e-01 -2.044088989496231079e-01
1.209439516067504883e+00 -1.214108109474182129e+00 1.197535514831542969e+00 -2.165319770574569702e-01 -2.278529107570648193e-01 -2.154385447502136230e-01
1.210533738136291504e+00 -1.212074875831604004e+00 1.194951891899108887e+00 -1.985781490802764893e-01 -2.266401946544647217e-01 -2.072195112705230713e-01
1.207936882972717285e+00 -1.215991497039794922e+00 1.200176596641540527e+00 -2.132149040699005127e-01 -2.335510104894638062e-01 -2.090951204299926758e-01
1.209446907043457031e+00 -1.211253046989440918e+00 1.193615674972534180e+00 -2.271886020898818970e-01 -2.410432696342468262e-01 -2.210378050804138184e-01
