1.215688705444335938e+00 -1.199699640274047852e+00 1.195828318595886230e+00 -3.842342197895050049e-01 -2.479882985353469849e-01 -2.457581609487533569e-01
1.012450814247131348e+00 -1.252726793289184570e+00 1.241486430168151855e+00 -3.593482971191406250e-01 -2.329820990562438965e-01 -2.635120749473571777e-01
9.680188298225402832e-01 -1.164035677909851074e+00 1.420075058937072754e+00 -3.138680458068847656e-01 -2.361497879028320312e-01 -2.869975864887237549e-01
1.035281419754028320e+00 -9.980438351631164551e-01 1.451063156127929688e+00 -3.154951035976409912e-01 -2.329426407814025879e-01 -2.800028622150421143e-01
1.184115886688232422e+00 -9.813597798347473145e-01 1.398790001869201660e+00 -3.362144827842712402e-01 -2.298549264669418335e-01 -2.592245638370513916e-01
1.231808423995971680e+00 -1.026945471763610840e+00 1.224347233772277832e+00 -3.693014383316040039e-01 -2.202596366405487061e-01 -2.309903800487518311e-01
1.208446979522705078e+00 -1.189533591270446777e+00 1.194379448890686035e+00 -3.702515065670013428e-01 -2.261602282524108887e-01 -2.314916253089904785e-01
1.036216974258422852e+00 -1.243691563606262207e+00 1.237421393394470215e+00 -3.527274727821350098e-01 -2.106941789388656616e-01 -2.637167572975158691e-01
9.698963761329650879e-01 -1.177008152008056641e+00 1.400249004364013672e+00 -3.054182231426239014e-01 -2.079039514064788818e-01 -2.832093834877014160e-01
1.029792904853820801e+00 -1.004343509674072266e+00 1.434968352317810059e+00 -3.015049099922180176e-01 -2.016927003860473633e-01 -2.724735736846923828e-01
