1.190760135650634766e+00 -1.242243409156799316e+00 1.231674671173095703e+00 -2.030526995658874512e-01 -2.264912128448486328e-01 -1.975535005331039429e-01
1.263473510742187500e+00 -1.211140513420104980e+00 1.261810898780822754e+00 -2.083700299263000488e-01 -2.368018627166748047e-01 -1.999886333942413330e-01
1.269603133201599121e+00 -1.215080380439758301e+00 1.236622691154479980e+00 -2.162805199623107910e-01 -2.363009154796600342e-01 -1.983429789543151855e-01
1.277089953422546387e+00 -1.220992565155029297e+00 1.208710312843322754e+00 -2.275344282388687134e-01 -2.403587102890014648e-01 -1.893628388643264771e-01
1.281294941902160645e+00 -1.236317396163940430e+00 1.185933232307434082e+00 -2.308206558227539062e-01 -2.379218637943267822e-01 -1.859821081161499023e-01
1.273292183876037598e+00 -1.247000932693481445e+00 1.165377974510192871e+00 -2.348611205816268921e-01 -2.345255911350250244e-01 -1.818977445363998413e-01
1.272475719451904297e+00 -1.253385663032531738e+00 1.156587362289428711e+00 -2.353454530239105225e-01 -2.318509817123413086e-01 -1.796463429927825928e-01
1.271847486495971680e+00 -1.256723880767822266e+00 1.151125788688659668e+00 -2.359976470470428467e-01 -2.290634810924530029e-01 -1.800316572189331055e-01
1.267286896705627441e+00 -1.259733676910400391e+00 1.149505615234375000e+00 -2.359465062618255615e-01 -2.259024083614349365e-01 -1.787502467632293701e-01
1.267694950103759766e+00 -1.259591937065124512e+00 1.150748133659362793e+00 -2.346267104148864746e-01 -2.248892635107040405e-01 -1.774923205375671387e-01
