1.143298268318176270e+00 -1.310414075851440430e+00 1.291715860366821289e+00 -2.225554138422012329e-01 -2.365762591361999512e-01 -2.229096591472625732e-01
9.861004948616027832e-01 -1.306333422660827637e+00 1.407439947128295898e+00 -1.958145797252655029e-01 -2.280309349298477173e-01 -2.828906476497650146e-01
9.273660182952880859e-01 -1.203140020370483398e+00 1.598870396614074707e+00 -1.902627199888229370e-01 -2.729960978031158447e-01 -2.598009109497070312e-01
9.962250590324401855e-01 -9.921056628227233887e-01 1.622464179992675781e+00 -2.113379538059234619e-01 -2.828393876552581787e-01 -2.504839003086090088e-01
1.209273338317871094e+00 -9.385454058647155762e-01 1.587301373481750488e+00 -2.414645999670028687e-01 -2.905992269515991211e-01 -2.083044350147247314e-01
1.312002658843994141e+00 -9.832717776298522949e-01 1.381198525428771973e+00 -2.749508023262023926e-01 -2.658160626888275146e-01 -1.897670626640319824e-01
1.311721920967102051e+00 -1.203253746032714844e+00 1.290947675704956055e+00 -2.888482213020324707e-01 -2.566643357276916504e-01 -1.765827089548110962e-01
1.073535919189453125e+00 -1.351610064506530762e+00 1.301655173301696777e+00 -2.730250954627990723e-01 -2.333360910415649414e-01 -2.302855849266052246e-01
9.085265994071960449e-01 -1.323817133903503418e+00 1.508706331253051758e+00 -2.333066910505294800e-01 -2.445300668478012085e-01 -2.649201750755310059e-01
8.833779692649841309e-01 -1.081770420074462891e+00 1.640883326530456543e+00 -2.297657132148742676e-01 -2.592321634292602539e-01 -2.562078535556793213e-01
