1.197464585304260254e+00 -1.232239127159118652e+00 1.217708706855773926e+00 -3.174459636211395264e-01 -2.317954003810882568e-01 -2.229683399200439453e-01
1.218858718872070312e+00 -1.198631763458251953e+00 1.241425275802612305e+00 -3.119224905967712402e-01 -2.301910817623138428e-01 -2.254263609647750854e-01
1.237596154212951660e+00 -1.195587396621704102e+00 1.244344234466552734e+00 -3.138416409492492676e-01 -2.282361686229705811e-01 -2.242691069841384888e-01
1.235071778297424316e+00 -1.199281334877014160e+00 1.227765679359436035e+00 -3.150958716869354248e-01 -2.223000228404998779e-01 -2.243897020816802979e-01
1.243522763252258301e+00 -1.201338171958923340e+00 1.220461606979370117e+00 -3.145653307437896729e-01 -2.192611992359161377e-01 -2.211288809776306152e-01
1.241608262062072754e+00 -1.205032587051391602e+00 1.205663204193115234e+00 -3.125624656677246094e-01 -2.118538171052932739e-01 -2.174052447080612183e-01
1.246537685394287109e+00 -1.206804752349853516e+00 1.197330236434936523e+00 -3.108868896961212158e-01 -2.066537588834762573e-01 -2.146009802818298340e-01
1.247750043869018555e+00 -1.212476134300231934e+00 1.185644865036010742e+00 -3.090629279613494873e-01 -2.006213068962097168e-01 -2.116419076919555664e-01
1.246595501899719238e+00 -1.215276360511779785e+00 1.177431106567382812e+00 -3.071253299713134766e-01 -1.949069499969482422e-01 -2.121997922658920288e-01
1.247951745986938477e+00 -1.218957185745239258e+00 1.172460436820983887e+00 -3.051412999629974365e-01 -1.903004050254821777e-01 -2.123949080705642700e-01
