1.208218812942504883e+00 -1.220518469810485840e+00 1.206080555915832520e+00 -6.970614939928054810e-02 -1.991855949163436890e-01 -1.748824864625930786e-01
1.221993923187255859e+00 -1.161144256591796875e+00 1.267014503479003906e+00 -6.071418523788452148e-02 -1.866525560617446899e-01 -1.996926516294479370e-01
1.259837269783020020e+00 -1.118140578269958496e+00 1.274908542633056641e+00 -7.460117340087890625e-02 -1.940988749265670776e-01 -1.854788511991500854e-01
1.298132061958312988e+00 -1.107755184173583984e+00 1.242914080619812012e+00 -8.307936787605285645e-02 -1.932557821273803711e-01 -1.667456179857254028e-01
1.318138599395751953e+00 -1.131899237632751465e+00 1.184730410575866699e+00 -8.952863514423370361e-02 -1.765213310718536377e-01 -1.681924462318420410e-01
1.311123371124267578e+00 -1.164461016654968262e+00 1.137535214424133301e+00 -9.276793897151947021e-02 -1.647953689098358154e-01 -1.635932028293609619e-01
1.287892103195190430e+00 -1.194895029067993164e+00 1.124535918235778809e+00 -9.296178072690963745e-02 -1.569003164768218994e-01 -1.656258851289749146e-01
1.272151470184326172e+00 -1.192613363265991211e+00 1.135369062423706055e+00 -8.927509933710098267e-02 -1.510549187660217285e-01 -1.640393435955047607e-01
1.271123051643371582e+00 -1.191033363342285156e+00 1.157547831535339355e+00 -8.510705828666687012e-02 -1.487244367599487305e-01 -1.611377000808715820e-01
1.262621998786926270e+00 -1.184413909912109375e+00 1.177799701690673828e+00 -8.296444267034530640e-02 -1.449527293443679810e-01 -1.599193066358566284e-01
