1.194955110549926758e+00 -1.238791108131408691e+00 1.223820924758911133e+00 -2.420399934053421021e-01 -2.397532761096954346e-01 -2.201752364635467529e-01
1.114005565643310547e+00 -1.238718390464782715e+00 1.248273253440856934e+00 -2.258055508136749268e-01 -2.276338636875152588e-01 -2.208044677972793579e-01
1.115238189697265625e+00 -1.202921986579895020e+00 1.318382263183593750e+00 -2.064431905746459961e-01 -2.205066084861755371e-01 -2.292060554027557373e-01
1.143159508705139160e+00 -1.138952732086181641e+00 1.319977045059204102e+00 -2.063852995634078979e-01 -2.157899141311645508e-01 -2.255709469318389893e-01
1.215187430381774902e+00 -1.128912568092346191e+00 1.283976078033447266e+00 -2.114617377519607544e-01 -2.105017155408859253e-01 -1.994777023792266846e-01
1.233747839927673340e+00 -1.162554621696472168e+00 1.212485313415527344e+00 -2.128540426492691040e-01 -1.855966001749038696e-01 -2.062236964702606201e-01
1.206962585449218750e+00 -1.226857781410217285e+00 1.188451647758483887e+00 -2.110622078180313110e-01 -1.800542473793029785e-01 -2.076797038316726685e-01
1.135640144348144531e+00 -1.256428718566894531e+00 1.221555948257446289e+00 -1.973748803138732910e-01 -1.771606206893920898e-01 -2.072460353374481201e-01
1.097036600112915039e+00 -1.236212372779846191e+00 1.301607489585876465e+00 -1.754172742366790771e-01 -1.642865538597106934e-01 -2.318455725908279419e-01
1.117241024971008301e+00 -1.148290514945983887e+00 1.331906914710998535e+00 -1.795317381620407104e-01 -1.647929847240447998e-01 -2.192956954240798950e-01
