1.228097796440124512e+00 -1.190943598747253418e+00 1.201767683029174805e+00 -2.347080856561660767e-01 -2.329506576061248779e-01 -1.835884004831314087e-01
1.471519231796264648e+00 -1.148546218872070312e+00 1.063113212585449219e+00 -2.580666542053222656e-01 -2.309288680553436279e-01 -1.728948205709457397e-01
1.505006551742553711e+00 -1.181238055229187012e+00 7.484699487686157227e-01 -2.970603406429290771e-01 -2.231231033802032471e-01 -1.367022842168807983e-01
1.422837734222412109e+00 -1.487963199615478516e+00 6.509727835655212402e-01 -3.010438084602355957e-01 -2.212412208318710327e-01 -1.332886815071105957e-01
1.093214273452758789e+00 -1.567241430282592773e+00 7.724644541740417480e-01 -2.845487594604492188e-01 -1.555374711751937866e-01 -2.122749388217926025e-01
1.050285816192626953e+00 -1.542732477188110352e+00 1.144018292427062988e+00 -2.504337131977081299e-01 -2.010799497365951538e-01 -2.208770364522933960e-01
1.126312494277954102e+00 -1.196603178977966309e+00 1.241411447525024414e+00 -2.419415414333343506e-01 -1.921641379594802856e-01 -1.876668483018875122e-01
1.460713744163513184e+00 -1.133669137954711914e+00 1.187484502792358398e+00 -2.593439817428588867e-01 -1.862667948007583618e-01 -1.840268522500991821e-01
1.489768981933593750e+00 -1.163166761398315430e+00 8.836922645568847656e-01 -3.041638731956481934e-01 -1.974489390850067139e-01 -9.034799039363861084e-02
1.465318202972412109e+00 -1.354388952255249023e+00 6.870365142822265625e-01 -3.094938993453979492e-01 -1.593883633613586426e-01 -1.092050522565841675e-01
