1.218380570411682129e+00 -1.196154117584228516e+00 1.187858223915100098e+00 -4.294419288635253906e-02 -2.027003020048141479e-01 -1.753120124340057373e-01
1.337708473205566406e+00 -1.189610481262207031e+00 1.061320304870605469e+00 -6.889803707599639893e-02 -2.181334495544433594e-01 -1.550329476594924927e-01
1.341885685920715332e+00 -1.273363113403320312e+00 8.894132375717163086e-01 -9.625053405761718750e-02 -2.186249494552612305e-01 -1.711814403533935547e-01
1.250854849815368652e+00 -1.396456956863403320e+00 8.539071679115295410e-01 -1.091139540076255798e-01 -2.289680987596511841e-01 -1.687176525592803955e-01
1.133528351783752441e+00 -1.420813322067260742e+00 9.377313256263732910e-01 -1.066914498805999756e-01 -2.287315875291824341e-01 -1.828730702400207520e-01
1.117654681205749512e+00 -1.377160191535949707e+00 1.086438894271850586e+00 -9.950854629278182983e-02 -2.455661147832870483e-01 -1.855333745479583740e-01
1.160579085350036621e+00 -1.266985297203063965e+00 1.148654580116271973e+00 -1.095174252986907959e-01 -2.678676843643188477e-01 -1.710752248764038086e-01
1.269779801368713379e+00 -1.223909020423889160e+00 1.119992971420288086e+00 -1.232230141758918762e-01 -2.774610221385955811e-01 -1.630155742168426514e-01
1.316498160362243652e+00 -1.226618885993957520e+00 9.878635406494140625e-01 -1.604306846857070923e-01 -2.878237068653106689e-01 -1.453838646411895752e-01
1.299402594566345215e+00 -1.341005325317382812e+00 9.124850630760192871e-01 -1.780443787574768066e-01 -2.923921346664428711e-01 -1.448082625865936279e-01
