1.210970520973205566e+00 -1.213637351989746094e+00 1.194240689277648926e+00 -2.517786324024200439e-01 -2.261100113391876221e-01 -1.868598163127899170e-01
1.187514543533325195e+00 -1.217733383178710938e+00 1.205962896347045898e+00 -2.430250495672225952e-01 -2.162961512804031372e-01 -1.954579353332519531e-01
1.182546377182006836e+00 -1.210687994956970215e+00 1.233254075050354004e+00 -2.351918518543243408e-01 -2.144938856363296509e-01 -1.999665498733520508e-01
1.174567937850952148e+00 -1.199127793312072754e+00 1.253329753875732422e+00 -2.286650836467742920e-01 -2.126178443431854248e-01 -2.004242539405822754e-01
1.181530594825744629e+00 -1.184974074363708496e+00 1.264003276824951172e+00 -2.249560952186584473e-01 -2.106258571147918701e-01 -2.011617422103881836e-01
1.190679311752319336e+00 -1.183062076568603516e+00 1.264023184776306152e+00 -2.234750092029571533e-01 -2.075217962265014648e-01 -2.041039168834686279e-01
1.191637396812438965e+00 -1.184155702590942383e+00 1.258360624313354492e+00 -2.228098213672637939e-01 -2.057608515024185181e-01 -2.040952593088150024e-01
1.194617152214050293e+00 -1.184622168540954590e+00 1.254472374916076660e+00 -2.195554077625274658e-01 -2.036841362714767456e-01 -2.056351751089096069e-01
1.195237636566162109e+00 -1.188869237899780273e+00 1.247818470001220703e+00 -2.185320407152175903e-01 -2.006238102912902832e-01 -2.070383429527282715e-01
1.193894028663635254e+00 -1.191786050796508789e+00 1.244079470634460449e+00 -2.177309393882751465e-01 -1.985365450382232666e-01 -2.068216949701309204e-01
