9.296284317970275879e-01 -1.329053640365600586e+00 1.241443037986755371e+00 -2.481568157672882080e-01 -3.232850432395935059e-01 -1.874198317527770996e-01
9.317040443420410156e-01 -1.329074621200561523e+00 1.242123723030090332e+00 -2.480362653732299805e-01 -3.235181570053100586e-01 -1.876168996095657349e-01
9.374815821647644043e-01 -1.329263448715209961e+00 1.243984699249267578e+00 -2.477095425128936768e-01 -3.241429030895233154e-01 -1.882168948650360107e-01
9.516779780387878418e-01 -1.330784678459167480e+00 1.249777913093566895e+00 -2.467484474182128906e-01 -3.258534073829650879e-01 -1.902869343757629395e-01
9.899421334266662598e-01 -1.333663821220397949e+00 1.265599489212036133e+00 -2.438402622938156128e-01 -3.306576013565063477e-01 -1.947676837444305420e-01
1.064576148986816406e+00 -1.329375743865966797e+00 1.290596723556518555e+00 -2.411988973617553711e-01 -3.405469059944152832e-01 -1.985708922147750854e-01
1.110367894172668457e+00 -1.328533291816711426e+00 1.297442317008972168e+00 -2.390884160995483398e-01 -3.365387916564941406e-01 -2.118909955024719238e-01
1.131133317947387695e+00 -1.317730545997619629e+00 1.293321967124938965e+00 -2.409423887729644775e-01 -3.323382735252380371e-01 -2.117437124252319336e-01
1.137249350547790527e+00 -1.312411069869995117e+00 1.285341978073120117e+00 -2.398821711540222168e-01 -3.258396983146667480e-01 -2.129224836826324463e-01
1.144570469856262207e+00 -1.302876830101013184e+00 1.282544136047363281e+00 -2.416734099388122559e-01 -3.245749771595001221e-01 -2.088058292865753174e-01
1.145738720893859863e+00 -1.298258781433105469e+00 1.274834752082824707e+00 -2.439339905977249146e-01 -3.211415410041809082e-01 -2.068900465965270996e-01
