1.143342733383178711e+00 -1.139422774314880371e+00 1.107012987136840820e+00 -2.237152010202407837e-01 -1.942563354969024658e-01 -2.118838429450988770e-01
1.144029617309570312e+00 -1.140307545661926270e+00 1.107994556427001953e+00 -2.236580699682235718e-01 -1.945618540048599243e-01 -2.117124348878860474e-01
1.146000623703002930e+00 -1.142866134643554688e+00 1.110955953598022461e+00 -2.234693169593811035e-01 -1.953533440828323364e-01 -2.113236784934997559e-01
1.150120615959167480e+00 -1.150843977928161621e+00 1.119268059730529785e+00 -2.228396087884902954e-01 -1.980392932891845703e-01 -2.098372578620910645e-01
1.165368795394897461e+00 -1.164513707160949707e+00 1.136719822883605957e+00 -2.209787666797637939e-01 -2.020654529333114624e-01 -2.085717916488647461e-01
1.186222791671752930e+00 -1.196189403533935547e+00 1.170792818069458008e+00 -2.155352085828781128e-01 -2.091239988803863525e-01 -2.091682851314544678e-01
1.211162090301513672e+00 -1.199506998062133789e+00 1.182999134063720703e+00 -2.179051935672760010e-01 -2.159266620874404907e-01 -2.061025202274322510e-01
1.215276718139648438e+00 -1.203711271286010742e+00 1.186179518699645996e+00 -2.194146513938903809e-01 -2.143769562244415283e-01 -2.060767859220504761e-01
1.213259220123291016e+00 -1.208165168762207031e+00 1.192382097244262695e+00 -2.199668288230895996e-01 -2.166811227798461914e-01 -2.059633731842041016e-01
1.211984157562255859e+00 -1.209274053573608398e+00 1.191359043121337891e+00 -2.223269194364547729e-01 -2.157780379056930542e-01 -2.059920281171798706e-01
1.213768839836120605e+00 -1.209130406379699707e+00 1.192529678344726562e+00 -2.237928658723831177e-01 -2.173964083194732666e-01 -2.051145434379577637e-01
