1.359212756156921387e+00 -1.192675352096557617e+00 1.111611962318420410e+00 -2.133483439683914185e-01 -2.017499804496765137e-01 -2.030116319656372070e-01
1.357632637023925781e+00 -1.192817926406860352e+00 1.112383604049682617e+00 -2.133131325244903564e-01 -2.019256949424743652e-01 -2.028284668922424316e-01
1.353332042694091797e+00 -1.193149924278259277e+00 1.114523768424987793e+00 -2.132750451564788818e-01 -2.024117708206176758e-01 -2.021916061639785767e-01
1.342497825622558594e+00 -1.192507505416870117e+00 1.118945240974426270e+00 -2.126823961734771729e-01 -2.031495720148086548e-01 -2.016526311635971069e-01
1.310405135154724121e+00 -1.195784330368041992e+00 1.135553836822509766e+00 -2.122104912996292114e-01 -2.056100368499755859e-01 -1.986771225929260254e-01
1.271680831909179688e+00 -1.183135509490966797e+00 1.144297242164611816e+00 -2.160594761371612549e-01 -2.134386599063873291e-01 -1.850298196077346802e-01
1.230742335319519043e+00 -1.191359400749206543e+00 1.167562246322631836e+00 -2.139708250761032104e-01 -2.160158157348632812e-01 -1.898589432239532471e-01
1.219626426696777344e+00 -1.204006671905517578e+00 1.178273439407348633e+00 -2.145229429006576538e-01 -2.194655984640121460e-01 -1.905502229928970337e-01
1.215754508972167969e+00 -1.205982208251953125e+00 1.188634276390075684e+00 -2.151636183261871338e-01 -2.225611060857772827e-01 -1.906189173460006714e-01
1.214820027351379395e+00 -1.208955407142639160e+00 1.193834781646728516e+00 -2.148346453905105591e-01 -2.228802144527435303e-01 -1.937596648931503296e-01
1.209653019905090332e+00 -1.215087890625000000e+00 1.195858478546142578e+00 -2.154789417982101440e-01 -2.228619903326034546e-01 -1.976940929889678955e-01
