1.157011389732360840e+00 -1.273856997489929199e+00 1.327403187751770020e+00 -1.681639105081558228e-01 -2.323274016380310059e-01 -1.772848516702651978e-01
1.157129764556884766e+00 -1.273910999298095703e+00 1.326672911643981934e+00 -1.681295633316040039e-01 -2.320109605789184570e-01 -1.775945127010345459e-01
1.157443404197692871e+00 -1.274144172668457031e+00 1.324670553207397461e+00 -1.680298745632171631e-01 -2.312231659889221191e-01 -1.784012019634246826e-01
1.158451795578002930e+00 -1.274160623550415039e+00 1.318971633911132812e+00 -1.678341478109359741e-01 -2.287401556968688965e-01 -1.809215992689132690e-01
1.159658908843994141e+00 -1.276871919631958008e+00 1.307562828063964844e+00 -1.669156551361083984e-01 -2.242536991834640503e-01 -1.859733760356903076e-01
1.158921122550964355e+00 -1.283660173416137695e+00 1.290323972702026367e+00 -1.661134064197540283e-01 -2.187285423278808594e-01 -1.929077804088592529e-01
1.161088585853576660e+00 -1.286816120147705078e+00 1.273982882499694824e+00 -1.656369119882583618e-01 -2.143560200929641724e-01 -1.980280578136444092e-01
1.166509270668029785e+00 -1.281771659851074219e+00 1.263207435607910156e+00 -1.653178930282592773e-01 -2.114531993865966797e-01 -2.019726037979125977e-01
1.169397592544555664e+00 -1.278595924377441406e+00 1.261038899421691895e+00 -1.667834520339965820e-01 -2.136939465999603271e-01 -1.986474841833114624e-01
1.171073913574218750e+00 -1.275833010673522949e+00 1.261124372482299805e+00 -1.688407212495803833e-01 -2.146298736333847046e-01 -1.957528144121170044e-01
1.168103218078613281e+00 -1.277450919151306152e+00 1.262662172317504883e+00 -1.688535064458847046e-01 -2.141714990139007568e-01 -1.963997036218643188e-01
