1.191281914710998535e+00 -1.305940985679626465e+00 1.045116901397705078e+00 -1.982472091913223267e-01 -2.328094542026519775e-01 -1.861425191164016724e-01
1.191658616065979004e+00 -1.304749369621276855e+00 1.046586394309997559e+00 -1.980322897434234619e-01 -2.327253371477127075e-01 -1.864425987005233765e-01
1.192004919052124023e+00 -1.302669286727905273e+00 1.051429629325866699e+00 -1.972881406545639038e-01 -2.326169461011886597e-01 -1.874919533729553223e-01
1.195728063583374023e+00 -1.292095780372619629e+00 1.061485886573791504e+00 -1.959434151649475098e-01 -2.318149954080581665e-01 -1.888580769300460815e-01
1.200798034667968750e+00 -1.273073554039001465e+00 1.092204213142395020e+00 -1.915376782417297363e-01 -2.309423238039016724e-01 -1.945733129978179932e-01
1.210647463798522949e+00 -1.232443809509277344e+00 1.141721487045288086e+00 -1.829551309347152710e-01 -2.269354313611984253e-01 -2.084735333919525146e-01
1.212209820747375488e+00 -1.211944341659545898e+00 1.180684089660644531e+00 -1.767079085111618042e-01 -2.314887344837188721e-01 -2.112658619880676270e-01
1.217764496803283691e+00 -1.208951234817504883e+00 1.188195705413818359e+00 -1.782695651054382324e-01 -2.379864752292633057e-01 -2.073614299297332764e-01
1.214836120605468750e+00 -1.207043290138244629e+00 1.186920285224914551e+00 -1.778931319713592529e-01 -2.352379262447357178e-01 -2.118595242500305176e-01
1.216276049613952637e+00 -1.207674980163574219e+00 1.191127538681030273e+00 -1.780503541231155396e-01 -2.359580993652343750e-01 -2.124290168285369873e-01
1.216650247573852539e+00 -1.207172513008117676e+00 1.189418554306030273e+00 -1.787434369325637817e-01 -2.353031635284423828e-01 -2.130788415670394897e-01
