1.226488232612609863e+00 -9.524872303009033203e-01 1.100114822387695312e+00 -2.015201002359390259e-01 -2.205324023962020874e-01 -1.680254191160202026e-01
1.226596593856811523e+00 -9.550491571426391602e-01 1.100825428962707520e+00 -2.014353424310684204e-01 -2.206093221902847290e-01 -1.681839525699615479e-01
1.226811528205871582e+00 -9.620942473411560059e-01 1.102615952491760254e+00 -2.012502402067184448e-01 -2.207622677087783813e-01 -1.686239391565322876e-01
1.227738261222839355e+00 -9.814643859863281250e-01 1.107852220535278320e+00 -2.007727771997451782e-01 -2.213237285614013672e-01 -1.699293702840805054e-01
1.227196097373962402e+00 -1.033544063568115234e+00 1.126992106437683105e+00 -1.979570984840393066e-01 -2.226059436798095703e-01 -1.726540327072143555e-01
1.224746584892272949e+00 -1.128804922103881836e+00 1.156497597694396973e+00 -1.934220939874649048e-01 -2.252500653266906738e-01 -1.876095235347747803e-01
1.218460440635681152e+00 -1.184556245803833008e+00 1.171605348587036133e+00 -1.930836588144302368e-01 -2.248258441686630249e-01 -1.960150301456451416e-01
1.220430850982666016e+00 -1.200319409370422363e+00 1.183835268020629883e+00 -1.920479983091354370e-01 -2.248347103595733643e-01 -2.014069706201553345e-01
1.215694069862365723e+00 -1.205649971961975098e+00 1.185674905776977539e+00 -1.946079432964324951e-01 -2.256271541118621826e-01 -2.013223618268966675e-01
1.214762687683105469e+00 -1.208088278770446777e+00 1.186714529991149902e+00 -1.967991590499877930e-01 -2.270872443914413452e-01 -2.033959925174713135e-01
1.216420769691467285e+00 -1.206669926643371582e+00 1.189405560493469238e+00 -1.978747546672821045e-01 -2.268638014793395996e-01 -2.065895199775695801e-01
