1.189137697219848633e+00 -1.244814395904541016e+00 1.226405382156372070e+00 -2.054902464151382446e-01 -2.163905203342437744e-01 -2.014584094285964966e-01
1.170739173889160156e+00 -1.221880435943603516e+00 1.283711075782775879e+00 -2.000028640031814575e-01 -2.246083766222000122e-01 -2.055436819791793823e-01
1.158767580986022949e+00 -1.205592274665832520e+00 1.345665693283081055e+00 -1.991703957319259644e-01 -2.357951998710632324e-01 -2.161899060010910034e-01
1.141426444053649902e+00 -1.176792025566101074e+00 1.391102671623229980e+00 -2.029923945665359497e-01 -2.502481639385223389e-01 -2.196056842803955078e-01
1.165155768394470215e+00 -1.125227570533752441e+00 1.406844973564147949e+00 -2.142874002456665039e-01 -2.647594511508941650e-01 -2.082526832818984985e-01
1.219370722770690918e+00 -1.106770873069763184e+00 1.388200640678405762e+00 -2.260564267635345459e-01 -2.781350910663604736e-01 -1.912390887737274170e-01
1.241249084472656250e+00 -1.134286284446716309e+00 1.340406656265258789e+00 -2.338465452194213867e-01 -2.783674001693725586e-01 -1.975725293159484863e-01
1.221448421478271484e+00 -1.183590531349182129e+00 1.320501089096069336e+00 -2.413837611675262451e-01 -2.833308875560760498e-01 -1.901300996541976929e-01
1.175184965133666992e+00 -1.199340462684631348e+00 1.330106854438781738e+00 -2.404996603727340698e-01 -2.775897681713104248e-01 -2.046454995870590210e-01
1.156177878379821777e+00 -1.186406493186950684e+00 1.371185779571533203e+00 -2.419524490833282471e-01 -2.863347828388214111e-01 -2.022166699171066284e-01
