1.190301895141601562e+00 -1.242327332496643066e+00 1.198803305625915527e+00 -2.077010869979858398e-01 -2.242350131273269653e-01 -2.036487758159637451e-01
1.182700634002685547e+00 -1.142685055732727051e+00 1.308487892150878906e+00 -2.037017643451690674e-01 -2.429819852113723755e-01 -2.047144174575805664e-01
1.261572480201721191e+00 -1.044481158256530762e+00 1.338848233222961426e+00 -2.039838135242462158e-01 -2.557785809040069580e-01 -1.993271261453628540e-01
1.358235716819763184e+00 -1.009855270385742188e+00 1.260180830955505371e+00 -2.239307612180709839e-01 -2.588799893856048584e-01 -1.835585832595825195e-01
1.403386116027832031e+00 -1.079558372497558594e+00 1.149451375007629395e+00 -2.464461177587509155e-01 -2.613019347190856934e-01 -1.674814075231552124e-01
1.341617107391357422e+00 -1.180800914764404297e+00 1.086726427078247070e+00 -2.567220926284790039e-01 -2.545984983444213867e-01 -1.734774112701416016e-01
1.263828873634338379e+00 -1.221555709838867188e+00 1.115668892860412598e+00 -2.531221807003021240e-01 -2.528922259807586670e-01 -1.765223443508148193e-01
1.218253254890441895e+00 -1.210466742515563965e+00 1.212018013000488281e+00 -2.442019432783126831e-01 -2.583934068679809570e-01 -2.002637237310409546e-01
1.207203388214111328e+00 -1.141991734504699707e+00 1.295133113861083984e+00 -2.410891056060791016e-01 -2.761080265045166016e-01 -1.975297033786773682e-01
1.259191393852233887e+00 -1.067173361778259277e+00 1.321221947669982910e+00 -2.462223023176193237e-01 -2.912440299987792969e-01 -1.866671591997146606e-01
