1.211222767829895020e+00 -1.227912425994873047e+00 1.201374769210815430e+00 -8.415148407220840454e-02 -2.216104865074157715e-01 -2.113286256790161133e-01
1.417447447776794434e+00 -1.285596132278442383e+00 1.218944191932678223e+00 -1.048684120178222656e-01 -2.694433331489562988e-01 -1.319024860858917236e-01
1.361492395401000977e+00 -1.255395412445068359e+00 1.021492242813110352e+00 -1.241622865200042725e-01 -2.123155593872070312e-01 -2.290609329938888550e-01
1.385093688964843750e+00 -1.433522701263427734e+00 1.025565385818481445e+00 -1.395751535892486572e-01 -2.831278443336486816e-01 -1.277624964714050293e-01
1.201414823532104492e+00 -1.441433310508728027e+00 1.029381394386291504e+00 -1.434130370616912842e-01 -2.104812115430831909e-01 -2.329335510730743408e-01
1.191998839378356934e+00 -1.446072220802307129e+00 1.177383661270141602e+00 -1.381691843271255493e-01 -2.737969160079956055e-01 -1.563960611820220947e-01
1.180716514587402344e+00 -1.324111819267272949e+00 1.240566253662109375e+00 -1.439306288957595825e-01 -2.429957836866378784e-01 -2.084621489048004150e-01
1.299024939537048340e+00 -1.270204663276672363e+00 1.275316715240478516e+00 -1.641041040420532227e-01 -2.920588254928588867e-01 -1.335006058216094971e-01
1.366142630577087402e+00 -1.216955900192260742e+00 1.157693743705749512e+00 -1.784033775329589844e-01 -2.667242884635925293e-01 -1.592899560928344727e-01
1.423626899719238281e+00 -1.313529372215270996e+00 1.068095445632934570e+00 -2.075205147266387939e-01 -2.930047512054443359e-01 -1.117058694362640381e-01
