1.210412144660949707e+00 -1.236513257026672363e+00 1.219082593917846680e+00 -2.064217031002044678e-01 -2.552428245544433594e-01 -2.293110638856887817e-01
1.078159570693969727e+00 -1.362847566604614258e+00 1.249267816543579102e+00 -2.027588486671447754e-01 -2.607288062572479248e-01 -2.331841439008712769e-01
9.378515481948852539e-01 -1.329357981681823730e+00 1.368704319000244141e+00 -1.788974404335021973e-01 -2.447338700294494629e-01 -2.553448677062988281e-01
9.440518617630004883e-01 -1.201970934867858887e+00 1.499106645584106445e+00 -1.703125685453414917e-01 -2.578423023223876953e-01 -2.385788559913635254e-01
1.071527481079101562e+00 -1.061687827110290527e+00 1.503775477409362793e+00 -1.841464787721633911e-01 -2.609763443470001221e-01 -2.231463789939880371e-01
1.235943317413330078e+00 -1.060956597328186035e+00 1.396844387054443359e+00 -2.232216894626617432e-01 -2.739605307579040527e-01 -1.851652562618255615e-01
1.260438680648803711e+00 -1.183913469314575195e+00 1.226804256439208984e+00 -2.441252171993255615e-01 -2.543832957744598389e-01 -1.977036446332931519e-01
1.133408308029174805e+00 -1.359307885169982910e+00 1.210387468338012695e+00 -2.489526569843292236e-01 -2.552626430988311768e-01 -2.027040868997573853e-01
9.389629960060119629e-01 -1.380127429962158203e+00 1.324923753738403320e+00 -2.157364189624786377e-01 -2.231167852878570557e-01 -2.345678210258483887e-01
8.874295353889465332e-01 -1.251062870025634766e+00 1.495867729187011719e+00 -1.926089972257614136e-01 -2.276904881000518799e-01 -2.244562506675720215e-01
