1.259993672370910645e+00 -1.086452841758728027e+00 1.312448501586914062e+00 -1.941387355327606201e-01 -2.331593334674835205e-01 -1.905837059020996094e-01
1.203337311744689941e+00 -1.235126972198486328e+00 1.200439095497131348e+00 -2.374244183301925659e-01 -2.624222934246063232e-01 -2.156834155321121216e-01
1.214471220970153809e+00 -1.228696584701538086e+00 1.211723685264587402e+00 -2.183206677436828613e-01 -2.697889208793640137e-01 -2.434597015380859375e-01
1.211197376251220703e+00 -1.234771251678466797e+00 1.213008046150207520e+00 -2.098581641912460327e-01 -2.412926852703094482e-01 -2.151862680912017822e-01
1.214381814002990723e+00 -1.226470470428466797e+00 1.209944009780883789e+00 -2.239628285169601440e-01 -2.662273049354553223e-01 -1.752251237630844116e-01
1.206883311271667480e+00 -1.231987357139587402e+00 1.199105381965637207e+00 -2.419616430997848511e-01 -2.701070606708526611e-01 -1.879579275846481323e-01
1.203886866569519043e+00 -1.237778902053833008e+00 1.208945274353027344e+00 -2.335830777883529663e-01 -2.491042613983154297e-01 -2.164717912673950195e-01
1.206861495971679688e+00 -1.231454372406005859e+00 1.201436161994934082e+00 -2.540079057216644287e-01 -2.533030509948730469e-01 -2.357729226350784302e-01
1.211218237876892090e+00 -1.232629179954528809e+00 1.206438183784484863e+00 -2.399714291095733643e-01 -2.582436501979827881e-01 -2.238529026508331299e-01
1.208628296852111816e+00 -1.229878664016723633e+00 1.199841737747192383e+00 -2.242073714733123779e-01 -2.377010136842727661e-01 -2.135463356971740723e-01
1.207224130630493164e+00 -1.232406258583068848e+00 1.200495600700378418e+00 -2.402103990316390991e-01 -2.495662569999694824e-01 -2.277696728706359863e-01
