1.147349834442138672e+00 -1.137019872665405273e+00 1.399964213371276855e+00 -2.091037929058074951e-01 -3.504128456115722656e-01 -1.416713297367095947e-01
1.214874505996704102e+00 -1.220220923423767090e+00 1.202274560928344727e+00 -2.125435620546340942e-01 -2.641883790493011475e-01 -2.314813137054443359e-01
1.228620052337646484e+00 -1.219126701354980469e+00 1.205436587333679199e+00 -1.954964697360992432e-01 -2.511826157569885254e-01 -2.595936954021453857e-01
1.209772229194641113e+00 -1.222401499748229980e+00 1.194092750549316406e+00 -2.536424100399017334e-01 -3.241231441497802734e-01 -1.574046313762664795e-01
1.212587237358093262e+00 -1.226254105567932129e+00 1.209043145179748535e+00 -2.498323470354080200e-01 -2.426230311393737793e-01 -2.342933714389801025e-01
1.208128094673156738e+00 -1.227919816970825195e+00 1.206337094306945801e+00 -2.379264086484909058e-01 -2.519580423831939697e-01 -2.426898777484893799e-01
1.210653901100158691e+00 -1.220726609230041504e+00 1.204710841178894043e+00 -2.475658208131790161e-01 -2.555819451808929443e-01 -2.400681823492050171e-01
1.210041642189025879e+00 -1.224375963211059570e+00 1.207411170005798340e+00 -2.168146222829818726e-01 -2.440656572580337524e-01 -2.197895050048828125e-01
1.211168527603149414e+00 -1.221703529357910156e+00 1.205204010009765625e+00 -2.285829931497573853e-01 -2.516627609729766846e-01 -2.243146896362304688e-01
1.213036179542541504e+00 -1.219174981117248535e+00 1.206081390380859375e+00 -2.243167459964752197e-01 -2.508809268474578857e-01 -2.277520447969436646e-01
1.211148142814636230e+00 -1.223000645637512207e+00 1.206260681152343750e+00 -2.167726457118988037e-01 -2.433803230524063110e-01 -2.250420004129409790e-01
