1.188896417617797852e+00 -1.085401654243469238e+00 1.136832833290100098e+00 -2.873305678367614746e-01 -1.301341354846954346e-01 -3.650833666324615479e-02
1.206433057785034180e+00 -1.230244159698486328e+00 1.212160348892211914e+00 -2.580517232418060303e-01 -9.773322939872741699e-02 -1.087724640965461731e-01
1.207474708557128906e+00 -1.230035424232482910e+00 1.210504531860351562e+00 -2.704543769359588623e-01 -9.263339638710021973e-02 -1.198009178042411804e-01
1.213059067726135254e+00 -1.220583200454711914e+00 1.206121206283569336e+00 -2.475811839103698730e-01 -6.581574678421020508e-02 -1.135878488421440125e-01
1.208361983299255371e+00 -1.228971719741821289e+00 1.209071636199951172e+00 -2.764170169830322266e-01 -8.873956650495529175e-02 -1.116037517786026001e-01
1.207408070564270020e+00 -1.232644081115722656e+00 1.212050080299377441e+00 -2.820710241794586182e-01 -1.060190796852111816e-01 -1.219568997621536255e-01
1.204789042472839355e+00 -1.229190111160278320e+00 1.210563778877258301e+00 -2.658551633358001709e-01 -9.627453982830047607e-02 -1.120568215847015381e-01
1.205972433090209961e+00 -1.230153083801269531e+00 1.206374049186706543e+00 -2.895396947860717773e-01 -1.089702844619750977e-01 -1.186991930007934570e-01
1.208247423171997070e+00 -1.228372335433959961e+00 1.207075357437133789e+00 -2.846156060695648193e-01 -9.906215220689773560e-02 -1.268982589244842529e-01
1.205495715141296387e+00 -1.230777502059936523e+00 1.208916783332824707e+00 -2.734099924564361572e-01 -9.716713428497314453e-02 -1.244701966643333435e-01
1.208276510238647461e+00 -1.226965904235839844e+00 1.206013202667236328e+00 -2.687525153160095215e-01 -1.032362431287765503e-01 -1.218024641275405884e-01
