1.385409951210021973e+00 -8.839470148086547852e-01 1.211480617523193359e+00 -1.138750836253166199e-01 -2.281200587749481201e-01 -1.421401947736740112e-01
1.208222627639770508e+00 -1.225167989730834961e+00 1.190349936485290527e+00 -1.629908382892608643e-01 -2.932368516921997070e-01 -1.802137792110443115e-01
1.219479203224182129e+00 -1.219072103500366211e+00 1.194672465324401855e+00 -1.552661657333374023e-01 -2.065055817365646362e-01 -2.180825918912887573e-01
1.203780889511108398e+00 -1.231788516044616699e+00 1.195793986320495605e+00 -1.491951048374176025e-01 -2.449957281351089478e-01 -1.881311535835266113e-01
1.204303145408630371e+00 -1.227910995483398438e+00 1.205564022064208984e+00 -1.430066823959350586e-01 -2.492418587207794189e-01 -2.020184397697448730e-01
1.213652610778808594e+00 -1.218640089035034180e+00 1.196685075759887695e+00 -1.617086380720138550e-01 -2.442265897989273071e-01 -2.042694985866546631e-01
1.210784077644348145e+00 -1.218852519989013672e+00 1.196941375732421875e+00 -1.700787991285324097e-01 -2.677634656429290771e-01 -2.154126167297363281e-01
1.212774872779846191e+00 -1.219944119453430176e+00 1.197239160537719727e+00 -1.579724848270416260e-01 -2.466978877782821655e-01 -1.934843361377716064e-01
1.213252663612365723e+00 -1.215680956840515137e+00 1.195617914199829102e+00 -1.526288688182830811e-01 -2.313553094863891602e-01 -1.943601220846176147e-01
1.209242105484008789e+00 -1.222822308540344238e+00 1.202640056610107422e+00 -1.466680616140365601e-01 -2.251677662134170532e-01 -1.897853910923004150e-01
1.213676571846008301e+00 -1.216367244720458984e+00 1.193388581275939941e+00 -1.523329019546508789e-01 -2.394094318151473999e-01 -1.758278608322143555e-01
