1.371096491813659668e+00 -1.185509800910949707e+00 1.313495278358459473e+00 -1.841990500688552856e-01 -2.133546173572540283e-01 -1.920692175626754761e-01
1.217743039131164551e+00 -1.234116911888122559e+00 1.212074995040893555e+00 -2.086887061595916748e-01 -1.834924817085266113e-01 -1.688399165868759155e-01
1.210911750793457031e+00 -1.236672878265380859e+00 1.210461139678955078e+00 -2.405514419078826904e-01 -2.218435406684875488e-01 -1.903413683176040649e-01
1.226364374160766602e+00 -1.229173898696899414e+00 1.215594172477722168e+00 -2.815090119838714600e-01 -2.253620028495788574e-01 -2.058369219303131104e-01
1.219760894775390625e+00 -1.232134342193603516e+00 1.213521599769592285e+00 -2.309522628784179688e-01 -2.079110741615295410e-01 -1.852377653121948242e-01
1.216354489326477051e+00 -1.232510924339294434e+00 1.215091109275817871e+00 -2.255684733390808105e-01 -1.992264240980148315e-01 -1.901067495346069336e-01
1.219820857048034668e+00 -1.229633808135986328e+00 1.211958408355712891e+00 -2.106527537107467651e-01 -1.621629893779754639e-01 -1.539968252182006836e-01
1.219932675361633301e+00 -1.229010462760925293e+00 1.218552708625793457e+00 -2.208365201950073242e-01 -1.758164018392562866e-01 -1.723762601613998413e-01
1.225582718849182129e+00 -1.226462960243225098e+00 1.209284663200378418e+00 -2.236099094152450562e-01 -1.840935647487640381e-01 -1.862508356571197510e-01
1.217156887054443359e+00 -1.231972098350524902e+00 1.214406490325927734e+00 -2.289504855871200562e-01 -1.860813945531845093e-01 -1.779433637857437134e-01
1.214296340942382812e+00 -1.233095049858093262e+00 1.212935805320739746e+00 -2.220387160778045654e-01 -1.893653869628906250e-01 -1.879679411649703979e-01
