1.235158324241638184e+00 -1.173093318939208984e+00 1.215873360633850098e+00 -1.831427514553070068e-01 -2.519972026348114014e-01 -2.096109688282012939e-01
1.234338641166687012e+00 -1.211637854576110840e+00 1.210320591926574707e+00 -1.874600648880004883e-01 -2.384595274925231934e-01 -2.201378941535949707e-01
1.229304075241088867e+00 -1.211036324501037598e+00 1.205158114433288574e+00 -2.072249948978424072e-01 -1.875505447387695312e-01 -1.962857991456985474e-01
1.229410648345947266e+00 -1.220475912094116211e+00 1.218347430229187012e+00 -2.100187689065933228e-01 -2.231691479682922363e-01 -2.071156799793243408e-01
1.231763005256652832e+00 -1.221571922302246094e+00 1.226986289024353027e+00 -2.491568177938461304e-01 -2.567047774791717529e-01 -2.171549797058105469e-01
1.235118150711059570e+00 -1.214826703071594238e+00 1.212485790252685547e+00 -2.233134955167770386e-01 -2.139237374067306519e-01 -1.994241923093795776e-01
1.235857486724853516e+00 -1.213146805763244629e+00 1.216792941093444824e+00 -2.068027257919311523e-01 -2.433047294616699219e-01 -2.275024652481079102e-01
1.229440093040466309e+00 -1.217417836189270020e+00 1.216494441032409668e+00 -1.981591880321502686e-01 -2.319746464490890503e-01 -2.213530391454696655e-01
1.225594043731689453e+00 -1.230198264122009277e+00 1.228063821792602539e+00 -1.957444101572036743e-01 -2.319220006465911865e-01 -2.166406512260437012e-01
1.233512878417968750e+00 -1.214244484901428223e+00 1.213704228401184082e+00 -1.923395246267318726e-01 -2.295781672000885010e-01 -2.192903757095336914e-01
1.232966423034667969e+00 -1.217299342155456543e+00 1.216040611267089844e+00 -2.118994444608688354e-01 -2.273005843162536621e-01 -2.274089306592941284e-01
