1.150861501693725586e+00 -1.205426335334777832e+00 1.154404640197753906e+00 -2.087377607822418213e-01 -2.160253375768661499e-01 -1.725217401981353760e-01
1.249366760253906250e+00 -1.157983183860778809e+00 1.140502214431762695e+00 -2.004811167716979980e-01 -1.922468543052673340e-01 -1.851687580347061157e-01
1.234296679496765137e+00 -1.180294156074523926e+00 1.162916064262390137e+00 -1.894912570714950562e-01 -2.264829576015472412e-01 -2.105751037597656250e-01
1.220894813537597656e+00 -1.202334880828857422e+00 1.180903315544128418e+00 -1.970341205596923828e-01 -2.260902374982833862e-01 -2.115866243839263916e-01
1.219011187553405762e+00 -1.202612400054931641e+00 1.175135731697082520e+00 -1.925693154335021973e-01 -2.063357532024383545e-01 -2.021729946136474609e-01
1.267370939254760742e+00 -1.126224160194396973e+00 1.107135057449340820e+00 -1.965911090373992920e-01 -2.025141268968582153e-01 -1.798938661813735962e-01
1.255753517150878906e+00 -1.145981907844543457e+00 1.128511548042297363e+00 -1.941933929920196533e-01 -1.847119927406311035e-01 -1.799120008945465088e-01
1.258463025093078613e+00 -1.140284061431884766e+00 1.124594449996948242e+00 -1.990111917257308960e-01 -1.975751519203186035e-01 -1.865038126707077026e-01
1.269847631454467773e+00 -1.120893239974975586e+00 1.103997230529785156e+00 -2.010648995637893677e-01 -1.921877861022949219e-01 -1.784698367118835449e-01
1.259956717491149902e+00 -1.138640522956848145e+00 1.120115756988525391e+00 -2.004175931215286255e-01 -1.933978199958801270e-01 -1.832615137100219727e-01
1.234351515769958496e+00 -1.175762772560119629e+00 1.158670425415039062e+00 -1.988496482372283936e-01 -1.990209370851516724e-01 -1.844614744186401367e-01
