1.068571567535400391e+00 -1.198083043098449707e+00 1.150477766990661621e+00 -2.155636996030807495e-01 -2.032658159732818604e-01 -2.814888954162597656e-01
1.199787497520446777e+00 -1.238568425178527832e+00 1.218466758728027344e+00 -2.298840731382369995e-01 -2.532284855842590332e-01 -2.117149829864501953e-01
1.156180381774902344e+00 -1.302051901817321777e+00 1.264417648315429688e+00 -1.970550417900085449e-01 -2.335930466651916504e-01 -2.576375901699066162e-01
1.178735256195068359e+00 -1.266929268836975098e+00 1.234379649162292480e+00 -2.213608026504516602e-01 -2.199112921953201294e-01 -2.584037780761718750e-01
1.203102588653564453e+00 -1.227632999420166016e+00 1.208599925041198730e+00 -2.240931391716003418e-01 -2.423932403326034546e-01 -2.223448753356933594e-01
1.198192358016967773e+00 -1.234741926193237305e+00 1.215666294097900391e+00 -2.327107191085815430e-01 -2.575914263725280762e-01 -2.299640029668807983e-01
1.202680349349975586e+00 -1.224104642868041992e+00 1.214306712150573730e+00 -2.305577099323272705e-01 -2.625416219234466553e-01 -2.159638106822967529e-01
1.199502825736999512e+00 -1.231792330741882324e+00 1.223154783248901367e+00 -2.220483571290969849e-01 -2.495806813240051270e-01 -2.224866002798080444e-01
1.189237952232360840e+00 -1.240365386009216309e+00 1.226921081542968750e+00 -2.256744056940078735e-01 -2.517132163047790527e-01 -2.319484204053878784e-01
1.200198531150817871e+00 -1.224494695663452148e+00 1.208349466323852539e+00 -2.262231707572937012e-01 -2.437987625598907471e-01 -2.246003448963165283e-01
1.187151551246643066e+00 -1.251065373420715332e+00 1.233632445335388184e+00 -2.165954709053039551e-01 -2.432660162448883057e-01 -2.201087176799774170e-01
