1.332384705543518066e+00 -1.105303883552551270e+00 1.169977664947509766e+00 -2.069764137268066406e-01 -4.321180582046508789e-01 -1.896394789218902588e-01
1.214213132858276367e+00 -1.190286636352539062e+00 1.170439958572387695e+00 -1.944374144077301025e-01 -3.666968047618865967e-01 -2.958445549011230469e-01
1.211214303970336914e+00 -1.222705006599426270e+00 1.189450383186340332e+00 -1.778435558080673218e-01 -3.442984521389007568e-01 -2.964363694190979004e-01
1.210187315940856934e+00 -1.210868954658508301e+00 1.191485643386840820e+00 -1.792098879814147949e-01 -3.416053056716918945e-01 -2.858998477458953857e-01
1.221136689186096191e+00 -1.205724596977233887e+00 1.181474447250366211e+00 -1.820826381444931030e-01 -3.390491008758544922e-01 -3.030723631381988525e-01
1.228071093559265137e+00 -1.194353818893432617e+00 1.173870444297790527e+00 -1.735499054193496704e-01 -3.314523398876190186e-01 -3.053666949272155762e-01
1.202736973762512207e+00 -1.222241997718811035e+00 1.208439707756042480e+00 -1.612852066755294800e-01 -3.494601547718048096e-01 -2.849617004394531250e-01
1.205736517906188965e+00 -1.215966463088989258e+00 1.206152677536010742e+00 -1.636487841606140137e-01 -3.494323492050170898e-01 -2.958009541034698486e-01
1.204699873924255371e+00 -1.213447332382202148e+00 1.193783164024353027e+00 -1.826862990856170654e-01 -3.539487123489379883e-01 -2.929009199142456055e-01
1.211542844772338867e+00 -1.206985712051391602e+00 1.193279504776000977e+00 -1.794361472129821777e-01 -3.551772236824035645e-01 -2.924174070358276367e-01
1.212908267974853516e+00 -1.212409138679504395e+00 1.192756772041320801e+00 -1.796817779541015625e-01 -3.657938241958618164e-01 -2.985732853412628174e-01
