1.532615661621093750e+00 -1.275986790657043457e+00 1.308035969734191895e+00 -1.389293968677520752e-01 -1.709580272436141968e-01 -3.588810265064239502e-01
1.248928308486938477e+00 -1.163460016250610352e+00 1.136453747749328613e+00 -1.908688247203826904e-01 -2.384041100740432739e-01 -2.223068028688430786e-01
1.374936223030090332e+00 -1.112594604492187500e+00 1.273322463035583496e+00 -1.339544355869293213e-01 -1.845822483301162720e-01 -3.887122869491577148e-01
1.299343466758728027e+00 -1.133068799972534180e+00 1.124476909637451172e+00 -1.647704243659973145e-01 -2.202363610267639160e-01 -2.919102013111114502e-01
1.215489506721496582e+00 -1.207968235015869141e+00 1.189090490341186523e+00 -1.791974753141403198e-01 -2.513774931430816650e-01 -2.331961393356323242e-01
1.232501864433288574e+00 -1.185785651206970215e+00 1.174576997756958008e+00 -1.891202479600906372e-01 -2.339968383312225342e-01 -2.254565656185150146e-01
1.219988226890563965e+00 -1.201882839202880859e+00 1.186232328414916992e+00 -1.901451498270034790e-01 -2.253460288047790527e-01 -2.042539119720458984e-01
1.234907269477844238e+00 -1.177398324012756348e+00 1.161167025566101074e+00 -2.025966197252273560e-01 -2.329779416322708130e-01 -2.309616357088088989e-01
1.236604928970336914e+00 -1.194709062576293945e+00 1.175288319587707520e+00 -2.043285667896270752e-01 -2.423082143068313599e-01 -2.256958782672882080e-01
1.229772925376892090e+00 -1.187531948089599609e+00 1.171888351440429688e+00 -2.062134742736816406e-01 -2.477750778198242188e-01 -2.263997495174407959e-01
1.217020273208618164e+00 -1.204327344894409180e+00 1.185868263244628906e+00 -1.980796158313751221e-01 -2.377898991107940674e-01 -2.149334251880645752e-01
