1.309738159179687500e+00 -1.078332304954528809e+00 1.182592988014221191e+00 -2.217735052108764648e-01 -1.126934438943862915e-01 -6.746019423007965088e-02
1.238274216651916504e+00 -1.174512982368469238e+00 1.156676173210144043e+00 -2.261055558919906616e-01 -1.017100065946578979e-01 -1.052738502621650696e-01
1.218530893325805664e+00 -1.212590694427490234e+00 1.179347395896911621e+00 -2.362312376499176025e-01 -1.078794896602630615e-01 -1.286076903343200684e-01
1.229443073272705078e+00 -1.191763043403625488e+00 1.184108734130859375e+00 -2.109297215938568115e-01 -8.818995952606201172e-02 -1.226241439580917358e-01
1.240959405899047852e+00 -1.166144490242004395e+00 1.143416523933410645e+00 -2.165865004062652588e-01 -1.014735400676727295e-01 -9.693510830402374268e-02
1.220978140830993652e+00 -1.198189616203308105e+00 1.171251416206359863e+00 -2.048236280679702759e-01 -8.480918407440185547e-02 -1.078533530235290527e-01
1.232844114303588867e+00 -1.192804694175720215e+00 1.166780710220336914e+00 -2.180880904197692871e-01 -9.138311445713043213e-02 -1.297278255224227905e-01
1.238552808761596680e+00 -1.173284769058227539e+00 1.152046680450439453e+00 -2.363536953926086426e-01 -1.017031297087669373e-01 -1.151393279433250427e-01
1.240404963493347168e+00 -1.174410343170166016e+00 1.151783704757690430e+00 -2.326363921165466309e-01 -9.625149518251419067e-02 -1.162734255194664001e-01
1.257232904434204102e+00 -1.141924858093261719e+00 1.120445489883422852e+00 -2.256726473569869995e-01 -1.008880436420440674e-01 -9.720142930746078491e-02
1.227283000946044922e+00 -1.191164731979370117e+00 1.163258552551269531e+00 -2.201788872480392456e-01 -1.026089489459991455e-01 -1.162962913513183594e-01
