1.160482168197631836e+00 -1.198045134544372559e+00 1.026479721069335938e+00 -2.228901386260986328e-01 -1.605825126171112061e-01 -2.137202024459838867e-01
1.207127690315246582e+00 -1.218235611915588379e+00 1.200758814811706543e+00 -2.167078852653503418e-01 -2.044888287782669067e-01 -1.845178455114364624e-01
1.215276598930358887e+00 -1.191455364227294922e+00 1.191332936286926270e+00 -2.400664985179901123e-01 -2.016012817621231079e-01 -1.571848392486572266e-01
1.220752477645874023e+00 -1.204069614410400391e+00 1.186484217643737793e+00 -2.283729463815689087e-01 -1.954412609338760376e-01 -1.900675445795059204e-01
1.209026455879211426e+00 -1.214855074882507324e+00 1.196821212768554688e+00 -2.375808656215667725e-01 -2.104234695434570312e-01 -1.884210705757141113e-01
1.223576664924621582e+00 -1.208044052124023438e+00 1.189860224723815918e+00 -2.436436712741851807e-01 -2.134304344654083252e-01 -1.921391040086746216e-01
1.218089222908020020e+00 -1.204594016075134277e+00 1.185049772262573242e+00 -2.466577589511871338e-01 -2.098348140716552734e-01 -1.896425783634185791e-01
1.223145604133605957e+00 -1.196469664573669434e+00 1.172476768493652344e+00 -2.438532263040542603e-01 -2.067860960960388184e-01 -1.862708181142807007e-01
1.214765429496765137e+00 -1.208859682083129883e+00 1.188904643058776855e+00 -2.388564497232437134e-01 -2.107200175523757935e-01 -1.809263676404953003e-01
1.213539123535156250e+00 -1.198859095573425293e+00 1.181384444236755371e+00 -2.289588153362274170e-01 -2.107501029968261719e-01 -1.921163946390151978e-01
1.216726303100585938e+00 -1.192177414894104004e+00 1.176728844642639160e+00 -2.292022556066513062e-01 -2.183544635772705078e-01 -1.812651753425598145e-01
