1.365729689598083496e+00 -1.336594700813293457e+00 1.237286329269409180e+00 -1.296033412218093872e-01 -2.401137799024581909e-01 -2.020946145057678223e-01
1.363764643669128418e+00 -1.335552453994750977e+00 1.237120747566223145e+00 -1.296586245298385620e-01 -2.400475740432739258e-01 -2.022098749876022339e-01
1.358565926551818848e+00 -1.332387685775756836e+00 1.236496448516845703e+00 -1.299079805612564087e-01 -2.397966980934143066e-01 -2.024844139814376831e-01
1.342746853828430176e+00 -1.326052546501159668e+00 1.236394524574279785e+00 -1.304366141557693481e-01 -2.389550358057022095e-01 -2.049644440412521362e-01
1.311401247978210449e+00 -1.299154639244079590e+00 1.230682373046875000e+00 -1.325558125972747803e-01 -2.392489165067672729e-01 -2.043355405330657959e-01
1.241544961929321289e+00 -1.269117712974548340e+00 1.230223059654235840e+00 -1.373756527900695801e-01 -2.341514378786087036e-01 -2.106474041938781738e-01
1.215654373168945312e+00 -1.228595495223999023e+00 1.208642482757568359e+00 -1.424157768487930298e-01 -2.353670150041580200e-01 -2.024387270212173462e-01
1.205148935317993164e+00 -1.225267767906188965e+00 1.213419556617736816e+00 -1.411079317331314087e-01 -2.370156347751617432e-01 -1.997787654399871826e-01
1.203178644180297852e+00 -1.227075219154357910e+00 1.213455915451049805e+00 -1.405473053455352783e-01 -2.365188896656036377e-01 -2.006751596927642822e-01
1.202437400817871094e+00 -1.226201057434082031e+00 1.212851047515869141e+00 -1.406481713056564331e-01 -2.359376847743988037e-01 -2.019950747489929199e-01
1.202490925788879395e+00 -1.227552175521850586e+00 1.212372064590454102e+00 -1.405409872531890869e-01 -2.351646423339843750e-01 -2.030038088560104370e-01
