1.196607828140258789e+00 -1.250129699707031250e+00 1.089652419090270996e+00 -1.875997036695480347e-01 -1.835560649633407593e-01 -2.336942255496978760e-01
1.196600317955017090e+00 -1.250015497207641602e+00 1.091068983078002930e+00 -1.875828504562377930e-01 -1.839487552642822266e-01 -2.333092689514160156e-01
1.196586847305297852e+00 -1.249693155288696289e+00 1.094873905181884766e+00 -1.874995976686477661e-01 -1.849871128797531128e-01 -2.325546741485595703e-01
1.196878910064697266e+00 -1.248181939125061035e+00 1.104838013648986816e+00 -1.877742409706115723e-01 -1.881081014871597290e-01 -2.282008528709411621e-01
1.195682168006896973e+00 -1.247204780578613281e+00 1.133593082427978516e+00 -1.861985623836517334e-01 -1.946433484554290771e-01 -2.269587218761444092e-01
1.194399952888488770e+00 -1.243667244911193848e+00 1.181394338607788086e+00 -1.867222636938095093e-01 -2.106169611215591431e-01 -2.119954824447631836e-01
1.195034980773925781e+00 -1.237023830413818359e+00 1.209721803665161133e+00 -1.858505457639694214e-01 -2.160623669624328613e-01 -2.095146477222442627e-01
1.195783019065856934e+00 -1.237625837326049805e+00 1.218185186386108398e+00 -1.866309195756912231e-01 -2.164434343576431274e-01 -2.114125192165374756e-01
1.194750666618347168e+00 -1.237978577613830566e+00 1.219565749168395996e+00 -1.883601248264312744e-01 -2.166002690792083740e-01 -2.104724347591400146e-01
1.193881630897521973e+00 -1.239287257194519043e+00 1.218702554702758789e+00 -1.899929940700531006e-01 -2.165824174880981445e-01 -2.108991295099258423e-01
1.193573117256164551e+00 -1.238649964332580566e+00 1.219892740249633789e+00 -1.912846565246582031e-01 -2.167716175317764282e-01 -2.105824798345565796e-01
