1.206473708152770996e+00 -1.324085950851440430e+00 1.297355413436889648e+00 -1.819189190864562988e-01 -2.696029841899871826e-01 -1.783331334590911865e-01
1.206224322319030762e+00 -1.323312878608703613e+00 1.296717166900634766e+00 -1.819285452365875244e-01 -2.692256569862365723e-01 -1.789338886737823486e-01
1.205489993095397949e+00 -1.321206331253051758e+00 1.294973254203796387e+00 -1.819798350334167480e-01 -2.682533860206604004e-01 -1.804113388061523438e-01
1.203937888145446777e+00 -1.315345287322998047e+00 1.290018200874328613e+00 -1.819947957992553711e-01 -2.652020156383514404e-01 -1.851746588945388794e-01
1.199010372161865234e+00 -1.299884200096130371e+00 1.277632474899291992e+00 -1.822366565465927124e-01 -2.584094107151031494e-01 -1.935443282127380371e-01
1.195539236068725586e+00 -1.265605688095092773e+00 1.248164057731628418e+00 -1.832118928432464600e-01 -2.468166500329971313e-01 -2.066913843154907227e-01
1.205051183700561523e+00 -1.229715228080749512e+00 1.213973879814147949e+00 -1.857148110866546631e-01 -2.435248643159866333e-01 -1.981889605522155762e-01
1.212085366249084473e+00 -1.211668968200683594e+00 1.191858410835266113e+00 -1.859052181243896484e-01 -2.397225499153137207e-01 -1.961601078510284424e-01
1.221863985061645508e+00 -1.196460962295532227e+00 1.177958726882934570e+00 -1.863612234592437744e-01 -2.366802394390106201e-01 -1.953632235527038574e-01
1.222582817077636719e+00 -1.193542003631591797e+00 1.175580859184265137e+00 -1.853266656398773193e-01 -2.354206442832946777e-01 -1.946685463190078735e-01
1.221567630767822266e+00 -1.193855762481689453e+00 1.176425218582153320e+00 -1.840874254703521729e-01 -2.355498671531677246e-01 -1.939005106687545776e-01
