1.132109165191650391e+00 -1.185579895973205566e+00 1.186179518699645996e+00 -2.796173393726348877e-01 -2.625313699245452881e-01 -2.139496505260467529e-01
1.132957458496093750e+00 -1.185998439788818359e+00 1.186387658119201660e+00 -2.795142829418182373e-01 -2.624514400959014893e-01 -2.142391204833984375e-01
1.135289907455444336e+00 -1.187166571617126465e+00 1.186963081359863281e+00 -2.792714834213256836e-01 -2.622355818748474121e-01 -2.149660140275955200e-01
1.142489552497863770e+00 -1.189012885093688965e+00 1.187437057495117188e+00 -2.790359556674957275e-01 -2.624276876449584961e-01 -2.154583334922790527e-01
1.157520532608032227e+00 -1.198371767997741699e+00 1.193430662155151367e+00 -2.768513858318328857e-01 -2.600432038307189941e-01 -2.221049070358276367e-01
1.189967393875122070e+00 -1.205619931221008301e+00 1.192887902259826660e+00 -2.759549617767333984e-01 -2.573716938495635986e-01 -2.258102744817733765e-01
1.208475351333618164e+00 -1.214514255523681641e+00 1.199439644813537598e+00 -2.764072418212890625e-01 -2.568502128124237061e-01 -2.280918210744857788e-01
1.211199641227722168e+00 -1.214749813079833984e+00 1.198372125625610352e+00 -2.762116491794586182e-01 -2.555932104587554932e-01 -2.274975180625915527e-01
1.211963176727294922e+00 -1.217283844947814941e+00 1.199049472808837891e+00 -2.763269841670989990e-01 -2.541509568691253662e-01 -2.285579293966293335e-01
1.213049054145812988e+00 -1.217018961906433105e+00 1.199768900871276855e+00 -2.767012715339660645e-01 -2.521095275878906250e-01 -2.277244031429290771e-01
1.213330149650573730e+00 -1.215884208679199219e+00 1.199543833732604980e+00 -2.774713635444641113e-01 -2.506342530250549316e-01 -2.272383421659469604e-01
