1.124159216880798340e+00 -1.231619238853454590e+00 1.207255721092224121e+00 -1.775131374597549438e-01 -1.871788501739501953e-01 -1.150028258562088013e-01
1.124936461448669434e+00 -1.231737136840820312e+00 1.207433938980102539e+00 -1.774196624755859375e-01 -1.869283169507980347e-01 -1.155439391732215881e-01
1.126964688301086426e+00 -1.232265233993530273e+00 1.208056092262268066e+00 -1.771173775196075439e-01 -1.861507445573806763e-01 -1.173043176531791687e-01
1.132933139801025391e+00 -1.232886433601379395e+00 1.209206581115722656e+00 -1.765970736742019653e-01 -1.847722083330154419e-01 -1.200736239552497864e-01
1.148197054862976074e+00 -1.234389185905456543e+00 1.212090373039245605e+00 -1.751877963542938232e-01 -1.808057725429534912e-01 -1.286811977624893188e-01
1.170404911041259766e+00 -1.244823455810546875e+00 1.226079106330871582e+00 -1.715951114892959595e-01 -1.695862859487533569e-01 -1.571478992700576782e-01
1.186830520629882812e+00 -1.244023442268371582e+00 1.225059866905212402e+00 -1.727365404367446899e-01 -1.729037463665008545e-01 -1.517130732536315918e-01
1.192472934722900391e+00 -1.243290781974792480e+00 1.224914431571960449e+00 -1.729591637849807739e-01 -1.717549562454223633e-01 -1.545520722866058350e-01
1.194077491760253906e+00 -1.243764877319335938e+00 1.224950432777404785e+00 -1.727279871702194214e-01 -1.677570343017578125e-01 -1.641827374696731567e-01
1.192630290985107422e+00 -1.246173858642578125e+00 1.227685332298278809e+00 -1.747296601533889771e-01 -1.674365550279617310e-01 -1.649501919746398926e-01
1.191556215286254883e+00 -1.246890664100646973e+00 1.228488564491271973e+00 -1.767188012599945068e-01 -1.671060174703598022e-01 -1.667384654283523560e-01
