1.291746497154235840e+00 -1.191016197204589844e+00 1.187026143074035645e+00 -2.052738070487976074e-01 -2.294173389673233032e-01 -2.155977040529251099e-01
1.290691852569580078e+00 -1.191703677177429199e+00 1.187571406364440918e+00 -2.052554339170455933e-01 -2.295502573251724243e-01 -2.155461311340332031e-01
1.287848830223083496e+00 -1.193467497825622559e+00 1.188888072967529297e+00 -2.051604241132736206e-01 -2.298065721988677979e-01 -2.155535072088241577e-01
1.279800772666931152e+00 -1.198646545410156250e+00 1.193146944046020508e+00 -2.048405110836029053e-01 -2.308452129364013672e-01 -2.152472138404846191e-01
1.260296940803527832e+00 -1.210689783096313477e+00 1.202078580856323242e+00 -2.036027610301971436e-01 -2.311291694641113281e-01 -2.175566405057907104e-01
1.223842859268188477e+00 -1.231568574905395508e+00 1.220015525817871094e+00 -2.029848247766494751e-01 -2.352490425109863281e-01 -2.163024246692657471e-01
1.195863485336303711e+00 -1.249391794204711914e+00 1.236030220985412598e+00 -2.026520222425460815e-01 -2.362748980522155762e-01 -2.179151177406311035e-01
1.193434715270996094e+00 -1.250363230705261230e+00 1.236677050590515137e+00 -2.042794227600097656e-01 -2.355337440967559814e-01 -2.178358286619186401e-01
1.190670728683471680e+00 -1.253297328948974609e+00 1.239075183868408203e+00 -2.053593695163726807e-01 -2.352726161479949951e-01 -2.180455625057220459e-01
1.189941167831420898e+00 -1.254731059074401855e+00 1.240748882293701172e+00 -2.064542323350906372e-01 -2.348298132419586182e-01 -2.181828618049621582e-01
1.189598917961120605e+00 -1.254865527153015137e+00 1.241574645042419434e+00 -2.082681357860565186e-01 -2.339362204074859619e-01 -2.186125367879867554e-01
