1.210356354713439941e+00 -1.235276937484741211e+00 1.209090709686279297e+00 -1.755498498678207397e-01 -2.076061964035034180e-01 -2.458003759384155273e-01
1.210346817970275879e+00 -1.235184669494628906e+00 1.209138989448547363e+00 -1.756184399127960205e-01 -2.077839523553848267e-01 -2.453651428222656250e-01
1.210350632667541504e+00 -1.234889388084411621e+00 1.209226369857788086e+00 -1.758003830909729004e-01 -2.082692831754684448e-01 -2.442958056926727295e-01
1.210408210754394531e+00 -1.234149456024169922e+00 1.209557414054870605e+00 -1.761461943387985229e-01 -2.091896981000900269e-01 -2.426803410053253174e-01
1.211210012435913086e+00 -1.230209827423095703e+00 1.208289384841918945e+00 -1.779982298612594604e-01 -2.122762650251388550e-01 -2.351060658693313599e-01
1.210585117340087891e+00 -1.230381011962890625e+00 1.213851213455200195e+00 -1.810625791549682617e-01 -2.218215912580490112e-01 -2.174962759017944336e-01
1.211174488067626953e+00 -1.223346233367919922e+00 1.209681153297424316e+00 -1.816057562828063965e-01 -2.201870232820510864e-01 -2.138013839721679688e-01
1.212262272834777832e+00 -1.222742080688476562e+00 1.211862087249755859e+00 -1.825932264328002930e-01 -2.204019129276275635e-01 -2.087316662073135376e-01
1.211746096611022949e+00 -1.223230719566345215e+00 1.211228013038635254e+00 -1.829878389835357666e-01 -2.207565754652023315e-01 -2.035470455884933472e-01
1.211697697639465332e+00 -1.223135113716125488e+00 1.210510373115539551e+00 -1.833610385656356812e-01 -2.202401459217071533e-01 -1.995780020952224731e-01
1.212303757667541504e+00 -1.222894072532653809e+00 1.210115432739257812e+00 -1.834206432104110718e-01 -2.193962931632995605e-01 -1.959815621376037598e-01
