1.226114749908447266e+00 -1.195533752441406250e+00 1.190341711044311523e+00 -1.674831211566925049e-01 -1.197196841239929199e-01 -1.246762573719024658e-01
1.226002335548400879e+00 -1.195673823356628418e+00 1.190317630767822266e+00 -1.674833893775939941e-01 -1.197154298424720764e-01 -1.246978417038917542e-01
1.225700259208679199e+00 -1.196054577827453613e+00 1.190238595008850098e+00 -1.674753427505493164e-01 -1.197019219398498535e-01 -1.247681081295013428e-01
1.224893569946289062e+00 -1.197074651718139648e+00 1.189929008483886719e+00 -1.674642264842987061e-01 -1.196421831846237183e-01 -1.249547898769378662e-01
1.222914218902587891e+00 -1.199504017829895020e+00 1.189020156860351562e+00 -1.675822585821151733e-01 -1.194551661610603333e-01 -1.252783536911010742e-01
1.219872713088989258e+00 -1.203043103218078613e+00 1.187508940696716309e+00 -1.677747368812561035e-01 -1.195763349533081055e-01 -1.259589493274688721e-01
1.217826247215270996e+00 -1.205422401428222656e+00 1.187054872512817383e+00 -1.678366214036941528e-01 -1.204976364970207214e-01 -1.272621303796768188e-01
1.216576814651489258e+00 -1.207212686538696289e+00 1.187380552291870117e+00 -1.678017675876617432e-01 -1.208320185542106628e-01 -1.288749277591705322e-01
1.215714573860168457e+00 -1.208693981170654297e+00 1.188229203224182129e+00 -1.678398847579956055e-01 -1.206862032413482666e-01 -1.306657195091247559e-01
1.215157628059387207e+00 -1.209833383560180664e+00 1.189034461975097656e+00 -1.679375171661376953e-01 -1.209399849176406860e-01 -1.331156641244888306e-01
1.214815855026245117e+00 -1.210228562355041504e+00 1.190179347991943359e+00 -1.681610494852066040e-01 -1.217844784259796143e-01 -1.380131542682647705e-01
