1.088768839836120605e+00 -1.200808286666870117e+00 1.292230486869812012e+00 -1.652258336544036865e-01 -1.056616231799125671e-01 -8.555232733488082886e-02
1.090244174003601074e+00 -1.200794696807861328e+00 1.291008234024047852e+00 -1.653224974870681763e-01 -1.054824143648147583e-01 -8.575375378131866455e-02
1.094301342964172363e+00 -1.200739145278930664e+00 1.287627458572387695e+00 -1.656960844993591309e-01 -1.052109375596046448e-01 -8.627896010875701904e-02
1.105236649513244629e+00 -1.200702786445617676e+00 1.278453826904296875e+00 -1.666518449783325195e-01 -1.047240272164344788e-01 -8.781649172306060791e-02
1.132592082023620605e+00 -1.201239585876464844e+00 1.255532860755920410e+00 -1.693200767040252686e-01 -1.035729795694351196e-01 -9.360910207033157349e-02
1.179315924644470215e+00 -1.203870177268981934e+00 1.216567635536193848e+00 -1.760396510362625122e-01 -1.065338104963302612e-01 -1.047850325703620911e-01
1.206361055374145508e+00 -1.209357380867004395e+00 1.195851564407348633e+00 -1.824979335069656372e-01 -1.105018705129623413e-01 -1.184029877185821533e-01
1.211050987243652344e+00 -1.212998628616333008e+00 1.193073630332946777e+00 -1.844323873519897461e-01 -1.126162856817245483e-01 -1.219466701149940491e-01
1.211997985839843750e+00 -1.213078379631042480e+00 1.192291140556335449e+00 -1.838164925575256348e-01 -1.126996800303459167e-01 -1.222356110811233521e-01
1.212966561317443848e+00 -1.212462186813354492e+00 1.191095113754272461e+00 -1.825364828109741211e-01 -1.126816794276237488e-01 -1.235351413488388062e-01
1.213448524475097656e+00 -1.212595224380493164e+00 1.190261006355285645e+00 -1.816582679748535156e-01 -1.139589324593544006e-01 -1.264413148164749146e-01
