1.125151872634887695e+00 -1.216732859611511230e+00 1.272342562675476074e+00 -2.616240978240966797e-01 -2.709736526012420654e-01 -2.350733578205108643e-01
1.126259684562683105e+00 -1.216710567474365234e+00 1.271741986274719238e+00 -2.616534829139709473e-01 -2.708490490913391113e-01 -2.350823134183883667e-01
1.129274129867553711e+00 -1.216661095619201660e+00 1.270108580589294434e+00 -2.617162764072418213e-01 -2.704470157623291016e-01 -2.351215183734893799e-01
1.137300014495849609e+00 -1.216665744781494141e+00 1.265836954116821289e+00 -2.619968354701995850e-01 -2.696847915649414062e-01 -2.351467609405517578e-01
1.157856702804565430e+00 -1.216919183731079102e+00 1.255608916282653809e+00 -2.644554376602172852e-01 -2.696545124053955078e-01 -2.346724271774291992e-01
1.194077730178833008e+00 -1.218437671661376953e+00 1.239159464836120605e+00 -2.690017223358154297e-01 -2.707264423370361328e-01 -2.335416972637176514e-01
1.216477155685424805e+00 -1.221572875976562500e+00 1.229941248893737793e+00 -2.671444118022918701e-01 -2.662492990493774414e-01 -2.374545633792877197e-01
1.220009803771972656e+00 -1.223750710487365723e+00 1.227285861968994141e+00 -2.638173103332519531e-01 -2.613969743251800537e-01 -2.391414344310760498e-01
1.221072673797607422e+00 -1.223906636238098145e+00 1.226051926612854004e+00 -2.637635171413421631e-01 -2.607034742832183838e-01 -2.378112971782684326e-01
1.222249984741210938e+00 -1.223127365112304688e+00 1.225631713867187500e+00 -2.652961313724517822e-01 -2.619435787200927734e-01 -2.351158857345581055e-01
1.224288463592529297e+00 -1.222066402435302734e+00 1.226680755615234375e+00 -2.651646435260772705e-01 -2.621532976627349854e-01 -2.326962947845458984e-01
