1.212531924247741699e+00 -1.202789187431335449e+00 1.251483082771301270e+00 -2.631013095378875732e-01 -3.161678314208984375e-01 -2.893500924110412598e-01
1.212485909461975098e+00 -1.202942848205566406e+00 1.250916838645935059e+00 -2.631028592586517334e-01 -3.160352110862731934e-01 -2.891177833080291748e-01
1.212356090545654297e+00 -1.203384757041931152e+00 1.249390125274658203e+00 -2.631712257862091064e-01 -3.157451450824737549e-01 -2.884140312671661377e-01
1.211947679519653320e+00 -1.204689860343933105e+00 1.245326757431030273e+00 -2.634010314941406250e-01 -3.151090741157531738e-01 -2.867428362369537354e-01
1.210691690444946289e+00 -1.208247780799865723e+00 1.234854698181152344e+00 -2.630971968173980713e-01 -3.129311203956604004e-01 -2.836802005767822266e-01
1.208064556121826172e+00 -1.215136647224426270e+00 1.217302203178405762e+00 -2.644181251525878906e-01 -3.102908134460449219e-01 -2.764714956283569336e-01
1.205572843551635742e+00 -1.219926595687866211e+00 1.207187175750732422e+00 -2.637427449226379395e-01 -3.062024116516113281e-01 -2.698389589786529541e-01
1.204772472381591797e+00 -1.220996856689453125e+00 1.204733252525329590e+00 -2.598690390586853027e-01 -3.012789189815521240e-01 -2.636893689632415771e-01
1.205050826072692871e+00 -1.220664501190185547e+00 1.203685879707336426e+00 -2.585388720035552979e-01 -2.990334630012512207e-01 -2.612313032150268555e-01
1.205301642417907715e+00 -1.220224261283874512e+00 1.202757358551025391e+00 -2.593161463737487793e-01 -2.983849942684173584e-01 -2.609789073467254639e-01
1.205393791198730469e+00 -1.219731688499450684e+00 1.202463030815124512e+00 -2.612476944923400879e-01 -2.986056208610534668e-01 -2.606132030487060547e-01
