1.287409901618957520e+00 -1.074906229972839355e+00 1.162053346633911133e+00 -1.979651153087615967e-01 -2.140313386917114258e-01 -1.836621314287185669e-01
1.286610007286071777e+00 -1.076444268226623535e+00 1.162462830543518066e+00 -1.979732513427734375e-01 -2.142125368118286133e-01 -1.838434487581253052e-01
1.284402370452880859e+00 -1.080657839775085449e+00 1.163578510284423828e+00 -1.979815512895584106e-01 -2.147015035152435303e-01 -1.841613948345184326e-01
1.278410196304321289e+00 -1.092015981674194336e+00 1.166567087173461914e+00 -1.979888826608657837e-01 -2.157027423381805420e-01 -1.853759735822677612e-01
1.263280034065246582e+00 -1.120554447174072266e+00 1.173555731773376465e+00 -1.984993219375610352e-01 -2.179004102945327759e-01 -1.896378695964813232e-01
1.237884283065795898e+00 -1.169191002845764160e+00 1.182331204414367676e+00 -1.990941762924194336e-01 -2.185054272413253784e-01 -1.972314417362213135e-01
1.220285534858703613e+00 -1.201062560081481934e+00 1.188972353935241699e+00 -1.974277645349502563e-01 -2.174831032752990723e-01 -2.017998099327087402e-01
1.215862631797790527e+00 -1.208429813385009766e+00 1.193311691284179688e+00 -1.971693933010101318e-01 -2.183978408575057983e-01 -2.011245042085647583e-01
1.213584184646606445e+00 -1.211783289909362793e+00 1.194642186164855957e+00 -1.981299966573715210e-01 -2.192519605159759521e-01 -2.012479603290557861e-01
1.212768554687500000e+00 -1.213372588157653809e+00 1.195321202278137207e+00 -1.989221572875976562e-01 -2.189770340919494629e-01 -2.030046433210372925e-01
1.213228344917297363e+00 -1.213444948196411133e+00 1.196223378181457520e+00 -1.994504928588867188e-01 -2.181002795696258545e-01 -2.049375325441360474e-01
