1.042509078979492188e+00 -1.426653146743774414e+00 1.238603353500366211e+00 -2.068520933389663696e-01 -1.930494904518127441e-01 -2.359392195940017700e-01
1.044460535049438477e+00 -1.424260258674621582e+00 1.238164901733398438e+00 -2.073513567447662354e-01 -1.934306621551513672e-01 -2.356381714344024658e-01
1.049828767776489258e+00 -1.417661428451538086e+00 1.236972451210021973e+00 -2.087216377258300781e-01 -1.943044811487197876e-01 -2.347014844417572021e-01
1.064446091651916504e+00 -1.399602532386779785e+00 1.233712196350097656e+00 -2.113521993160247803e-01 -1.960974931716918945e-01 -2.311712205410003662e-01
1.100492238998413086e+00 -1.354490995407104492e+00 1.225243687629699707e+00 -2.140465974807739258e-01 -2.010160982608795166e-01 -2.220718562602996826e-01
1.160664796829223633e+00 -1.277824044227600098e+00 1.211457252502441406e+00 -2.164493203163146973e-01 -2.137409597635269165e-01 -2.126389145851135254e-01
1.196720838546752930e+00 -1.231351852416992188e+00 1.205901145935058594e+00 -2.226736098527908325e-01 -2.209587991237640381e-01 -2.045916616916656494e-01
1.203704357147216797e+00 -1.222998499870300293e+00 1.205513000488281250e+00 -2.271913290023803711e-01 -2.188546657562255859e-01 -2.021760642528533936e-01
1.205856561660766602e+00 -1.220207452774047852e+00 1.203692197799682617e+00 -2.288590371608734131e-01 -2.165115028619766235e-01 -2.009888142347335815e-01
1.207503437995910645e+00 -1.217958331108093262e+00 1.201849818229675293e+00 -2.287537455558776855e-01 -2.163411676883697510e-01 -2.010288536548614502e-01
1.208191871643066406e+00 -1.216776967048645020e+00 1.201616525650024414e+00 -2.281957864761352539e-01 -2.187127768993377686e-01 -2.021757364273071289e-01
