1.214543461799621582e+00 -1.221632599830627441e+00 1.250304698944091797e+00 -2.065978795289993286e-01 -3.592011630535125732e-01 -2.280456572771072388e-01
1.190444827079772949e+00 -1.248369097709655762e+00 1.231468439102172852e+00 -2.026542127132415771e-01 -3.346149623394012451e-01 -2.600025534629821777e-01
1.208161354064941406e+00 -1.228314995765686035e+00 1.234381794929504395e+00 -1.823658198118209839e-01 -3.481763005256652832e-01 -2.597052156925201416e-01
1.209013223648071289e+00 -1.232048392295837402e+00 1.210365176200866699e+00 -1.822423040866851807e-01 -3.391256034374237061e-01 -2.869720757007598877e-01
1.212645411491394043e+00 -1.242431044578552246e+00 1.196200609207153320e+00 -1.914359629154205322e-01 -3.534291684627532959e-01 -2.793889045715332031e-01
1.217871427536010742e+00 -1.222447991371154785e+00 1.208410024642944336e+00 -1.858116984367370605e-01 -3.273514807224273682e-01 -2.944069802761077881e-01
1.175228595733642578e+00 -1.276739120483398438e+00 1.257862687110900879e+00 -1.758431196212768555e-01 -3.179733455181121826e-01 -3.045315444469451904e-01
1.226113796234130859e+00 -1.202153682708740234e+00 1.189079642295837402e+00 -1.942214220762252808e-01 -3.202143609523773193e-01 -2.754520475864410400e-01
1.210801243782043457e+00 -1.220162272453308105e+00 1.209772944450378418e+00 -1.902231872081756592e-01 -3.243061900138854980e-01 -2.673903107643127441e-01
1.189859867095947266e+00 -1.254406690597534180e+00 1.242411017417907715e+00 -1.876316368579864502e-01 -3.305643796920776367e-01 -2.738770544528961182e-01
1.206470966339111328e+00 -1.231333017349243164e+00 1.220017671585083008e+00 -1.959530711174011230e-01 -3.224649131298065186e-01 -2.735185623168945312e-01
