1.375767350196838379e+00 -1.233728051185607910e+00 1.307341337203979492e+00 -2.045135349035263062e-01 -2.324374318122863770e-01 -2.456808388233184814e-01
1.233317732810974121e+00 -1.203444719314575195e+00 1.195741772651672363e+00 -2.116078883409500122e-01 -2.319028228521347046e-01 -2.156981229782104492e-01
1.212189912796020508e+00 -1.197555541992187500e+00 1.243510842323303223e+00 -2.223573029041290283e-01 -2.098308354616165161e-01 -2.239429205656051636e-01
1.200916051864624023e+00 -1.241521120071411133e+00 1.222924232482910156e+00 -2.237124145030975342e-01 -2.311381101608276367e-01 -2.248009592294692993e-01
1.229074358940124512e+00 -1.196701049804687500e+00 1.200484156608581543e+00 -2.249848246574401855e-01 -2.475868016481399536e-01 -2.306881248950958252e-01
1.182215690612792969e+00 -1.265834927558898926e+00 1.233138442039489746e+00 -1.832080334424972534e-01 -2.525863647460937500e-01 -2.254573702812194824e-01
1.198251724243164062e+00 -1.249220490455627441e+00 1.221948742866516113e+00 -1.825761646032333374e-01 -2.352614700794219971e-01 -2.198105156421661377e-01
1.230346798896789551e+00 -1.204110383987426758e+00 1.187747597694396973e+00 -1.949113756418228149e-01 -2.298995852470397949e-01 -2.135498523712158203e-01
1.227263092994689941e+00 -1.198191881179809570e+00 1.180955767631530762e+00 -1.952554434537887573e-01 -2.349726855754852295e-01 -2.008420825004577637e-01
1.223995923995971680e+00 -1.205929875373840332e+00 1.190448760986328125e+00 -2.018361091613769531e-01 -2.255038470029830933e-01 -2.016333788633346558e-01
1.226893901824951172e+00 -1.211983799934387207e+00 1.191448688507080078e+00 -2.029604315757751465e-01 -2.206490486860275269e-01 -2.135645747184753418e-01
