1.259646654129028320e+00 -1.041056871414184570e+00 1.178367137908935547e+00 -7.574161887168884277e-02 -1.984179913997650146e-01 -1.751286387443542480e-01
1.259489417076110840e+00 -1.042582511901855469e+00 1.178208470344543457e+00 -7.580219954252243042e-02 -1.986295282840728760e-01 -1.748839914798736572e-01
1.258827209472656250e+00 -1.047037839889526367e+00 1.178070306777954102e+00 -7.584133744239807129e-02 -1.991220265626907349e-01 -1.744552850723266602e-01
1.259582519531250000e+00 -1.055846810340881348e+00 1.173963308334350586e+00 -7.657814025878906250e-02 -2.000226080417633057e-01 -1.732306927442550659e-01
1.254114389419555664e+00 -1.087620258331298828e+00 1.174394488334655762e+00 -7.626830786466598511e-02 -2.024366110563278198e-01 -1.715638041496276855e-01
1.249837994575500488e+00 -1.127711653709411621e+00 1.157799124717712402e+00 -7.650123536586761475e-02 -2.045766413211822510e-01 -1.701114028692245483e-01
1.253566026687622070e+00 -1.147035837173461914e+00 1.141590833663940430e+00 -8.053632825613021851e-02 -2.161512374877929688e-01 -1.587703526020050049e-01
1.248715996742248535e+00 -1.157953619956970215e+00 1.137448549270629883e+00 -8.023820817470550537e-02 -2.177923619747161865e-01 -1.556434631347656250e-01
1.243319869041442871e+00 -1.158758997917175293e+00 1.150127887725830078e+00 -7.820363342761993408e-02 -2.183213233947753906e-01 -1.526044160127639771e-01
1.243602633476257324e+00 -1.167519450187683105e+00 1.147840738296508789e+00 -7.902058213949203491e-02 -2.239336371421813965e-01 -1.473845392465591431e-01
1.237045526504516602e+00 -1.174934267997741699e+00 1.154519915580749512e+00 -7.534180581569671631e-02 -2.212853729724884033e-01 -1.494203805923461914e-01
