1.156031608581542969e+00 -1.103430390357971191e+00 1.440537452697753906e+00 -2.130772173404693604e-01 -2.938539385795593262e-01 -1.872445344924926758e-01
1.157263636589050293e+00 -1.104246258735656738e+00 1.437445402145385742e+00 -2.133437842130661011e-01 -2.932572364807128906e-01 -1.874035745859146118e-01
1.160277605056762695e+00 -1.106588125228881836e+00 1.429320335388183594e+00 -2.137872874736785889e-01 -2.914410829544067383e-01 -1.883405745029449463e-01
1.170565247535705566e+00 -1.110696554183959961e+00 1.403538703918457031e+00 -2.163830995559692383e-01 -2.868603765964508057e-01 -1.884117126464843750e-01
1.186851739883422852e+00 -1.128656625747680664e+00 1.347486138343811035e+00 -2.196162939071655273e-01 -2.744063138961791992e-01 -1.955511718988418579e-01
1.217594742774963379e+00 -1.152011871337890625e+00 1.243008852005004883e+00 -2.280101776123046875e-01 -2.527602910995483398e-01 -2.070198804140090942e-01
1.230074405670166016e+00 -1.171354651451110840e+00 1.184475660324096680e+00 -2.340825796127319336e-01 -2.469441592693328857e-01 -2.086166143417358398e-01
1.230180382728576660e+00 -1.182813286781311035e+00 1.173991680145263672e+00 -2.333114445209503174e-01 -2.442342638969421387e-01 -2.108575403690338135e-01
1.233133316040039062e+00 -1.181580066680908203e+00 1.172264575958251953e+00 -2.337457090616226196e-01 -2.420910298824310303e-01 -2.110526859760284424e-01
1.225898861885070801e+00 -1.186112523078918457e+00 1.173887848854064941e+00 -2.334392368793487549e-01 -2.442361414432525635e-01 -2.093525379896163940e-01
1.224354982376098633e+00 -1.188813328742980957e+00 1.180198073387145996e+00 -2.335862219333648682e-01 -2.482701241970062256e-01 -2.074495702981948853e-01
