1.391763091087341309e+00 -1.364702105522155762e+00 1.392950057983398438e+00 -1.664102226495742798e-01 -1.809208542108535767e-01 -2.137734144926071167e-01
1.390103459358215332e+00 -1.363031387329101562e+00 1.390365004539489746e+00 -1.668431460857391357e-01 -1.808752864599227905e-01 -2.132690548896789551e-01
1.385879158973693848e+00 -1.358029365539550781e+00 1.383076786994934082e+00 -1.681702136993408203e-01 -1.807518005371093750e-01 -2.115512490272521973e-01
1.371478199958801270e+00 -1.344531416893005371e+00 1.364597201347351074e+00 -1.718972474336624146e-01 -1.811507642269134521e-01 -2.065662294626235962e-01
1.338654637336730957e+00 -1.312332868576049805e+00 1.314885377883911133e+00 -1.801155209541320801e-01 -1.776019632816314697e-01 -2.023532986640930176e-01
1.283467054367065430e+00 -1.244882225990295410e+00 1.233122825622558594e+00 -1.942980736494064331e-01 -1.759213805198669434e-01 -1.898632794618606567e-01
1.222419023513793945e+00 -1.222482562065124512e+00 1.209007978439331055e+00 -2.017792910337448120e-01 -1.842127293348312378e-01 -1.716906726360321045e-01
1.212159514427185059e+00 -1.219085812568664551e+00 1.195307016372680664e+00 -2.022703289985656738e-01 -1.817414462566375732e-01 -1.744692474603652954e-01
1.212954998016357422e+00 -1.214225888252258301e+00 1.194689989089965820e+00 -2.027155160903930664e-01 -1.850279420614242554e-01 -1.744981408119201660e-01
1.215110063552856445e+00 -1.208908438682556152e+00 1.188747763633728027e+00 -2.031176686286926270e-01 -1.850472241640090942e-01 -1.768983900547027588e-01
1.216715335845947266e+00 -1.205264210700988770e+00 1.189073085784912109e+00 -2.033425867557525635e-01 -1.868624389171600342e-01 -1.778733432292938232e-01
