1.210828304290771484e+00 -1.107479572296142578e+00 1.318876385688781738e+00 -1.972588896751403809e-01 -2.351872622966766357e-01 -1.856588721275329590e-01
1.210605144500732422e+00 -1.109048366546630859e+00 1.317956805229187012e+00 -1.972565054893493652e-01 -2.349554598331451416e-01 -1.858301311731338501e-01
1.209898114204406738e+00 -1.113429427146911621e+00 1.315485715866088867e+00 -1.972826868295669556e-01 -2.343160063028335571e-01 -1.863919943571090698e-01
1.208083629608154297e+00 -1.125056028366088867e+00 1.308441519737243652e+00 -1.974395960569381714e-01 -2.326054424047470093e-01 -1.878034472465515137e-01
1.205067396163940430e+00 -1.152782201766967773e+00 1.287611246109008789e+00 -1.981490403413772583e-01 -2.269846349954605103e-01 -1.888644695281982422e-01
1.201429605484008789e+00 -1.198148965835571289e+00 1.246808290481567383e+00 -2.018281668424606323e-01 -2.134425938129425049e-01 -1.916661262512207031e-01
1.195617914199829102e+00 -1.229398965835571289e+00 1.223749279975891113e+00 -2.060070484876632690e-01 -2.053065598011016846e-01 -1.958478838205337524e-01
1.191767096519470215e+00 -1.240917682647705078e+00 1.221488952636718750e+00 -2.071654200553894043e-01 -2.034561336040496826e-01 -1.974796056747436523e-01
1.189334750175476074e+00 -1.244404554367065430e+00 1.222340464591979980e+00 -2.066451311111450195e-01 -2.002682238817214966e-01 -1.970790326595306396e-01
1.189420938491821289e+00 -1.245341062545776367e+00 1.223142385482788086e+00 -2.063754498958587646e-01 -1.960604935884475708e-01 -1.955473572015762329e-01
1.189513921737670898e+00 -1.244133710861206055e+00 1.223298072814941406e+00 -2.077839821577072144e-01 -1.921260654926300049e-01 -1.925021559000015259e-01
