1.226808309555053711e+00 -1.176494121551513672e+00 1.025399446487426758e+00 -2.211486697196960449e-01 -1.739706695079803467e-01 -1.144083440303802490e-01
1.226853609085083008e+00 -1.176598668098449707e+00 1.026798725128173828e+00 -2.209963798522949219e-01 -1.738699674606323242e-01 -1.147695630788803101e-01
1.226935982704162598e+00 -1.176936507225036621e+00 1.030641198158264160e+00 -2.205631881952285767e-01 -1.735898852348327637e-01 -1.158025413751602173e-01
1.227107286453247070e+00 -1.177714586257934570e+00 1.040882468223571777e+00 -2.195145189762115479e-01 -1.729742288589477539e-01 -1.186360567808151245e-01
1.227807641029357910e+00 -1.178629994392395020e+00 1.067161202430725098e+00 -2.170997262001037598e-01 -1.718680262565612793e-01 -1.251749545335769653e-01
1.228583335876464844e+00 -1.179823994636535645e+00 1.115943551063537598e+00 -2.116605341434478760e-01 -1.691403388977050781e-01 -1.381483078002929688e-01
1.229091405868530273e+00 -1.179408550262451172e+00 1.146938443183898926e+00 -2.096820622682571411e-01 -1.661684364080429077e-01 -1.442335695028305054e-01
1.229997396469116211e+00 -1.180986881256103516e+00 1.154542922973632812e+00 -2.110362201929092407e-01 -1.630478948354721069e-01 -1.439837366342544556e-01
1.229861736297607422e+00 -1.183484315872192383e+00 1.158765554428100586e+00 -2.113545835018157959e-01 -1.594598740339279175e-01 -1.451789587736129761e-01
1.228540539741516113e+00 -1.186889410018920898e+00 1.162685394287109375e+00 -2.099757492542266846e-01 -1.561321020126342773e-01 -1.465606093406677246e-01
1.226512193679809570e+00 -1.190027832984924316e+00 1.167338252067565918e+00 -2.084569633007049561e-01 -1.530932486057281494e-01 -1.459942013025283813e-01
