1.202921271324157715e+00 -1.231941461563110352e+00 1.216989994049072266e+00 -2.231687605381011963e-01 -2.004171609878540039e-01 -2.013292014598846436e-01
1.202913045883178711e+00 -1.231873393058776855e+00 1.216913461685180664e+00 -2.231728583574295044e-01 -2.003900706768035889e-01 -2.013108432292938232e-01
1.202875375747680664e+00 -1.231713771820068359e+00 1.216749072074890137e+00 -2.231772541999816895e-01 -2.003225833177566528e-01 -2.012533694505691528e-01
1.202648639678955078e+00 -1.231410384178161621e+00 1.216448068618774414e+00 -2.231297940015792847e-01 -2.001236528158187866e-01 -2.010897994041442871e-01
1.201903462409973145e+00 -1.230788350105285645e+00 1.215457797050476074e+00 -2.230667173862457275e-01 -1.993974894285202026e-01 -2.006558626890182495e-01
1.201376914978027344e+00 -1.228654026985168457e+00 1.211596131324768066e+00 -2.234221994876861572e-01 -1.976096928119659424e-01 -1.983764767646789551e-01
1.202931404113769531e+00 -1.225063204765319824e+00 1.206505894660949707e+00 -2.234277129173278809e-01 -1.950700283050537109e-01 -1.948837041854858398e-01
1.205420613288879395e+00 -1.220562338829040527e+00 1.203664898872375488e+00 -2.235108017921447754e-01 -1.933809071779251099e-01 -1.910919845104217529e-01
1.207365751266479492e+00 -1.218076109886169434e+00 1.201110482215881348e+00 -2.242899835109710693e-01 -1.920344829559326172e-01 -1.886524856090545654e-01
1.208352923393249512e+00 -1.216755270957946777e+00 1.199110627174377441e+00 -2.244632989168167114e-01 -1.907849013805389404e-01 -1.857078373432159424e-01
1.209318399429321289e+00 -1.215231060981750488e+00 1.197125196456909180e+00 -2.234189957380294800e-01 -1.895513236522674561e-01 -1.803528070449829102e-01
