1.101070523262023926e+00 -1.124447226524353027e+00 1.164482474327087402e+00 -1.820012480020523071e-01 -2.124062925577163696e-01 -1.938279569149017334e-01
1.102863073348999023e+00 -1.124664306640625000e+00 1.164165019989013672e+00 -1.821467578411102295e-01 -2.125882804393768311e-01 -1.935061663389205933e-01
1.107698321342468262e+00 -1.125475406646728516e+00 1.163436651229858398e+00 -1.824931651353836060e-01 -2.131088227033615112e-01 -1.925460249185562134e-01
1.120460510253906250e+00 -1.128256678581237793e+00 1.162047743797302246e+00 -1.832794547080993652e-01 -2.143882811069488525e-01 -1.901174336671829224e-01
1.153083443641662598e+00 -1.133458137512207031e+00 1.158065080642700195e+00 -1.858353316783905029e-01 -2.176141738891601562e-01 -1.849382668733596802e-01
1.209644794464111328e+00 -1.142076849937438965e+00 1.150460958480834961e+00 -1.928074806928634644e-01 -2.231983989477157593e-01 -1.771668791770935059e-01
1.244878411293029785e+00 -1.149317383766174316e+00 1.145675301551818848e+00 -1.990787982940673828e-01 -2.238980531692504883e-01 -1.768435090780258179e-01
1.253376126289367676e+00 -1.154360175132751465e+00 1.148275136947631836e+00 -1.985472738742828369e-01 -2.195194065570831299e-01 -1.798116117715835571e-01
1.255266308784484863e+00 -1.156013607978820801e+00 1.151714682579040527e+00 -1.976989805698394775e-01 -2.154116034507751465e-01 -1.801212579011917114e-01
1.254916429519653320e+00 -1.156328678131103516e+00 1.151239752769470215e+00 -1.993297636508941650e-01 -2.126997113227844238e-01 -1.785649955272674561e-01
1.254911422729492188e+00 -1.155435085296630859e+00 1.145345568656921387e+00 -2.016449570655822754e-01 -2.092911899089813232e-01 -1.770236194133758545e-01
