1.048898339271545410e+00 -1.244614481925964355e+00 1.309359788894653320e+00 -1.676897704601287842e-01 -1.461961269378662109e-01 -9.608782827854156494e-02
1.050719261169433594e+00 -1.244234204292297363e+00 1.308072686195373535e+00 -1.678307354450225830e-01 -1.461510211229324341e-01 -9.623306989669799805e-02
1.055632591247558594e+00 -1.243250727653503418e+00 1.304568052291870117e+00 -1.681985855102539062e-01 -1.459961235523223877e-01 -9.679502993822097778e-02
1.068437576293945312e+00 -1.240963697433471680e+00 1.295410156250000000e+00 -1.690651774406433105e-01 -1.452450007200241089e-01 -9.923493117094039917e-02
1.100272893905639648e+00 -1.236527085304260254e+00 1.273315072059631348e+00 -1.719195544719696045e-01 -1.431050747632980347e-01 -1.051890105009078979e-01
1.155145287513732910e+00 -1.229797482490539551e+00 1.235399007797241211e+00 -1.810972690582275391e-01 -1.407039910554885864e-01 -1.148874014616012573e-01
1.193307995796203613e+00 -1.219602823257446289e+00 1.207353472709655762e+00 -1.931644082069396973e-01 -1.400056332349777222e-01 -1.279051899909973145e-01
1.206109046936035156e+00 -1.212017774581909180e+00 1.195477962493896484e+00 -2.006273120641708374e-01 -1.405740082263946533e-01 -1.328308284282684326e-01
1.212437748908996582e+00 -1.206800341606140137e+00 1.190671324729919434e+00 -2.043937742710113525e-01 -1.397021859884262085e-01 -1.340479254722595215e-01
1.216030359268188477e+00 -1.204170823097229004e+00 1.188643455505371094e+00 -2.063838392496109009e-01 -1.382002234458923340e-01 -1.362165957689285278e-01
1.213310718536376953e+00 -1.204529285430908203e+00 1.184157371520996094e+00 -2.072609513998031616e-01 -1.357583403587341309e-01 -1.385449022054672241e-01
