1.286804080009460449e+00 -1.145690441131591797e+00 1.148961901664733887e+00 -1.893466562032699585e-01 -1.973697245121002197e-01 -2.047611474990844727e-01
1.285920381546020508e+00 -1.146564960479736328e+00 1.149615168571472168e+00 -1.892659664154052734e-01 -1.974834203720092773e-01 -2.047574073076248169e-01
1.283488512039184570e+00 -1.148909211158752441e+00 1.151334524154663086e+00 -1.890549808740615845e-01 -1.977825909852981567e-01 -2.047078311443328857e-01
1.276911616325378418e+00 -1.155341982841491699e+00 1.156319379806518555e+00 -1.886112391948699951e-01 -1.989346593618392944e-01 -2.039517760276794434e-01
1.259741187095642090e+00 -1.172063469886779785e+00 1.168406605720520020e+00 -1.874205619096755981e-01 -2.015743106603622437e-01 -2.028081119060516357e-01
1.230786919593811035e+00 -1.201248884201049805e+00 1.189338564872741699e+00 -1.849890202283859253e-01 -2.048393636941909790e-01 -2.027287930250167847e-01
1.210385322570800781e+00 -1.217124223709106445e+00 1.202475070953369141e+00 -1.841576844453811646e-01 -2.079847306013107300e-01 -2.004774659872055054e-01
1.206618905067443848e+00 -1.223350524902343750e+00 1.203750371932983398e+00 -1.840738356113433838e-01 -2.095460593700408936e-01 -1.971740722656250000e-01
1.204636693000793457e+00 -1.225642085075378418e+00 1.206441164016723633e+00 -1.834885030984878540e-01 -2.100478410720825195e-01 -1.959238052368164062e-01
1.204975724220275879e+00 -1.224074721336364746e+00 1.205668330192565918e+00 -1.836847662925720215e-01 -2.106375396251678467e-01 -1.936763674020767212e-01
1.206817388534545898e+00 -1.221962451934814453e+00 1.204783082008361816e+00 -1.839390844106674194e-01 -2.105176001787185669e-01 -1.926780045032501221e-01
