1.435496330261230469e+00 -1.018791913986206055e+00 1.199833631515502930e+00 -2.015704512596130371e-01 -2.183612138032913208e-01 -1.451958119869232178e-01
1.434279084205627441e+00 -1.019030928611755371e+00 1.197674870491027832e+00 -2.016781717538833618e-01 -2.178741991519927979e-01 -1.455436646938323975e-01
1.431135654449462891e+00 -1.019423246383666992e+00 1.191608667373657227e+00 -2.019104212522506714e-01 -2.163360863924026489e-01 -1.469990015029907227e-01
1.421825408935546875e+00 -1.020777344703674316e+00 1.175481200218200684e+00 -2.031350880861282349e-01 -2.130765616893768311e-01 -1.485496014356613159e-01
1.398703575134277344e+00 -1.023076176643371582e+00 1.131930232048034668e+00 -2.039636969566345215e-01 -2.029141336679458618e-01 -1.571918129920959473e-01
1.366276502609252930e+00 -1.007839202880859375e+00 1.042878150939941406e+00 -2.067452073097229004e-01 -1.864958256483078003e-01 -1.631076782941818237e-01
1.373163461685180664e+00 -9.340261816978454590e-01 9.237003326416015625e-01 -2.189253121614456177e-01 -1.771502047777175903e-01 -1.448871642351150513e-01
1.423748016357421875e+00 -8.020933270454406738e-01 7.856813669204711914e-01 -2.342404276132583618e-01 -1.683092862367630005e-01 -1.172826439142227173e-01
1.467588901519775391e+00 -6.975504755973815918e-01 7.060515284538269043e-01 -2.379311323165893555e-01 -1.609681546688079834e-01 -1.080276072025299072e-01
1.535008788108825684e+00 -6.216631531715393066e-01 8.016753792762756348e-01 -2.348441630601882935e-01 -1.891667246818542480e-01 -9.340477734804153442e-02
1.542120575904846191e+00 -6.014541387557983398e-01 7.933951020240783691e-01 -2.317161113023757935e-01 -1.903011947870254517e-01 -1.106199622154235840e-01
