1.384760856628417969e+00 -1.292168855667114258e+00 1.325626134872436523e+00 -1.910050660371780396e-01 -2.606830894947052002e-01 -2.679290771484375000e-01
1.382827877998352051e+00 -1.291397333145141602e+00 1.324220418930053711e+00 -1.912767589092254639e-01 -2.605960071086883545e-01 -2.674858868122100830e-01
1.377494335174560547e+00 -1.289233565330505371e+00 1.320279598236083984e+00 -1.921053677797317505e-01 -2.604188919067382812e-01 -2.660757303237915039e-01
1.363377213478088379e+00 -1.283253192901611328e+00 1.309589505195617676e+00 -1.943021565675735474e-01 -2.600204944610595703e-01 -2.619137167930603027e-01
1.327466368675231934e+00 -1.267190217971801758e+00 1.280522584915161133e+00 -1.995727568864822388e-01 -2.587439417839050293e-01 -2.509858906269073486e-01
1.261125326156616211e+00 -1.239392757415771484e+00 1.234484195709228516e+00 -2.058007568120956421e-01 -2.518696188926696777e-01 -2.419033348560333252e-01
1.219090342521667480e+00 -1.222706556320190430e+00 1.211425662040710449e+00 -2.107368111610412598e-01 -2.510844171047210693e-01 -2.317448854446411133e-01
1.208924412727355957e+00 -1.218557357788085938e+00 1.204561710357666016e+00 -2.110827118158340454e-01 -2.503221035003662109e-01 -2.287951111793518066e-01
1.207293868064880371e+00 -1.215285301208496094e+00 1.198193073272705078e+00 -2.118359953165054321e-01 -2.494513094425201416e-01 -2.277966439723968506e-01
1.206182599067687988e+00 -1.220521569252014160e+00 1.205250740051269531e+00 -2.102745175361633301e-01 -2.504603862762451172e-01 -2.279533445835113525e-01
1.206504464149475098e+00 -1.216160893440246582e+00 1.200732588768005371e+00 -2.109090983867645264e-01 -2.503117024898529053e-01 -2.259653955698013306e-01
