1.121154546737670898e+00 -1.461215734481811523e+00 1.149935841560363770e+00 -1.856099665164947510e-01 -1.222658008337020874e-01 -2.115729004144668579e-01
1.122152924537658691e+00 -1.458410024642944336e+00 1.150349020957946777e+00 -1.858298033475875854e-01 -1.225946247577667236e-01 -2.108657360076904297e-01
1.124822497367858887e+00 -1.450632929801940918e+00 1.151266098022460938e+00 -1.864818781614303589e-01 -1.236255690455436707e-01 -2.086831182241439819e-01
1.131381154060363770e+00 -1.430684924125671387e+00 1.154812097549438477e+00 -1.884159445762634277e-01 -1.267951279878616333e-01 -2.028681337833404541e-01
1.150870680809020996e+00 -1.376923918724060059e+00 1.162403345108032227e+00 -1.924867033958435059e-01 -1.336945146322250366e-01 -1.882992982864379883e-01
1.181330084800720215e+00 -1.289251089096069336e+00 1.178567528724670410e+00 -1.963321715593338013e-01 -1.424503177404403687e-01 -1.698408126831054688e-01
1.199230670928955078e+00 -1.237145423889160156e+00 1.199913263320922852e+00 -1.973851770162582397e-01 -1.496689915657043457e-01 -1.606007367372512817e-01
1.212953567504882812e+00 -1.213922858238220215e+00 1.191435098648071289e+00 -1.990647912025451660e-01 -1.532394587993621826e-01 -1.515192389488220215e-01
1.207889795303344727e+00 -1.221084356307983398e+00 1.196943640708923340e+00 -1.972386986017227173e-01 -1.528142541646957397e-01 -1.543904393911361694e-01
1.210680723190307617e+00 -1.218872189521789551e+00 1.197897076606750488e+00 -1.954529285430908203e-01 -1.525449603796005249e-01 -1.562517285346984863e-01
1.213556170463562012e+00 -1.213208198547363281e+00 1.189615964889526367e+00 -1.951323002576828003e-01 -1.517069190740585327e-01 -1.557348370552062988e-01
