1.114521622657775879e+00 -1.020185947418212891e+00 1.106368184089660645e+00 -2.192356884479522705e-01 -2.160017043352127075e-01 -1.792729496955871582e-01
1.115587353706359863e+00 -1.022320985794067383e+00 1.107259631156921387e+00 -2.191372215747833252e-01 -2.162460088729858398e-01 -1.793976724147796631e-01
1.118468761444091797e+00 -1.028132081031799316e+00 1.109714984893798828e+00 -2.189725339412689209e-01 -2.172035872936248779e-01 -1.792362928390502930e-01
1.125989317893981934e+00 -1.044461488723754883e+00 1.116795897483825684e+00 -2.185311466455459595e-01 -2.199318110942840576e-01 -1.786983013153076172e-01
1.145619630813598633e+00 -1.085909843444824219e+00 1.135725378990173340e+00 -2.170935571193695068e-01 -2.258517146110534668e-01 -1.790748983621597290e-01
1.179915189743041992e+00 -1.159583568572998047e+00 1.168396353721618652e+00 -2.135029137134552002e-01 -2.361465990543365479e-01 -1.819261163473129272e-01
1.186019301414489746e+00 -1.230235338211059570e+00 1.214268207550048828e+00 -2.010034322738647461e-01 -2.356964647769927979e-01 -2.103027999401092529e-01
1.174305081367492676e+00 -1.262672901153564453e+00 1.243226647377014160e+00 -1.982838213443756104e-01 -2.404451370239257812e-01 -2.113123238086700439e-01
1.162783503532409668e+00 -1.282613515853881836e+00 1.263384103775024414e+00 -1.972350776195526123e-01 -2.438731938600540161e-01 -2.098811864852905273e-01
1.143550515174865723e+00 -1.309094548225402832e+00 1.292696475982666016e+00 -1.927599906921386719e-01 -2.463417947292327881e-01 -2.139119803905487061e-01
1.135675072669982910e+00 -1.320936560630798340e+00 1.301168918609619141e+00 -1.918590217828750610e-01 -2.460369914770126343e-01 -2.163870632648468018e-01
