1.181214451789855957e+00 -1.213024735450744629e+00 1.201847791671752930e+00 -1.692609786987304688e-01 -1.405228525400161743e-01 -1.751470416784286499e-01
1.181496858596801758e+00 -1.213050723075866699e+00 1.201779842376708984e+00 -1.693857908248901367e-01 -1.406679451465606689e-01 -1.749613136053085327e-01
1.182313323020935059e+00 -1.213081955909729004e+00 1.201597094535827637e+00 -1.697754561901092529e-01 -1.410935521125793457e-01 -1.744260191917419434e-01
1.185047268867492676e+00 -1.212750911712646484e+00 1.200845956802368164e+00 -1.709126085042953491e-01 -1.422771513462066650e-01 -1.731216907501220703e-01
1.192441582679748535e+00 -1.211442828178405762e+00 1.197818398475646973e+00 -1.736125349998474121e-01 -1.448706835508346558e-01 -1.699029803276062012e-01
1.203351736068725586e+00 -1.211861014366149902e+00 1.194585323333740234e+00 -1.775890886783599854e-01 -1.494682878255844116e-01 -1.638502478599548340e-01
1.209035992622375488e+00 -1.214834690093994141e+00 1.194497823715209961e+00 -1.788701713085174561e-01 -1.528789997100830078e-01 -1.589578390121459961e-01
1.212306976318359375e+00 -1.214676022529602051e+00 1.192522168159484863e+00 -1.784240603446960449e-01 -1.523936837911605835e-01 -1.575077027082443237e-01
1.215285181999206543e+00 -1.211633682250976562e+00 1.189442753791809082e+00 -1.784085631370544434e-01 -1.509232074022293091e-01 -1.555944532155990601e-01
1.216974020004272461e+00 -1.209651708602905273e+00 1.187537312507629395e+00 -1.787709742784500122e-01 -1.498364508152008057e-01 -1.530956327915191650e-01
1.216766715049743652e+00 -1.209267258644104004e+00 1.188592076301574707e+00 -1.783608645200729370e-01 -1.487716287374496460e-01 -1.500966548919677734e-01
