9.471515417098999023e-01 -1.262546896934509277e+00 1.330871820449829102e+00 -2.285505235195159912e-01 -2.321023195981979370e-01 -1.552750170230865479e-01
9.486254453659057617e-01 -1.263934612274169922e+00 1.331302881240844727e+00 -2.283419072628021240e-01 -2.319079786539077759e-01 -1.558527350425720215e-01
9.527555704116821289e-01 -1.267678380012512207e+00 1.332362413406372070e+00 -2.278029322624206543e-01 -2.314131110906600952e-01 -1.573755145072937012e-01
9.641293883323669434e-01 -1.277953267097473145e+00 1.335209608078002930e+00 -2.262658923864364624e-01 -2.302606850862503052e-01 -1.611884236335754395e-01
9.947545528411865234e-01 -1.302777171134948730e+00 1.341995716094970703e+00 -2.211180180311203003e-01 -2.266535460948944092e-01 -1.721481978893280029e-01
1.053788423538208008e+00 -1.338199853897094727e+00 1.348017454147338867e+00 -2.126942425966262817e-01 -2.226098179817199707e-01 -1.891889125108718872e-01
1.093314528465270996e+00 -1.361618757247924805e+00 1.350096940994262695e+00 -2.068742960691452026e-01 -2.172073274850845337e-01 -2.003639936447143555e-01
1.102219462394714355e+00 -1.365050792694091797e+00 1.348510980606079102e+00 -2.064655125141143799e-01 -2.132610529661178589e-01 -2.009178996086120605e-01
1.105704426765441895e+00 -1.362970352172851562e+00 1.345712542533874512e+00 -2.066020369529724121e-01 -2.096495181322097778e-01 -1.985838711261749268e-01
1.107998847961425781e+00 -1.360759973526000977e+00 1.342103719711303711e+00 -2.068067789077758789e-01 -2.071247994899749756e-01 -1.966073215007781982e-01
1.108264207839965820e+00 -1.357995867729187012e+00 1.336188793182373047e+00 -2.080495059490203857e-01 -2.063609361648559570e-01 -1.946608424186706543e-01
