1.277670741081237793e+00 -1.274160861968994141e+00 1.068263053894042969e+00 -2.709158360958099365e-01 -2.102791517972946167e-01 -1.222802028059959412e-01
1.277323007583618164e+00 -1.272936820983886719e+00 1.069019794464111328e+00 -2.709960043430328369e-01 -2.102286964654922485e-01 -1.228682994842529297e-01
1.276421546936035156e+00 -1.269510984420776367e+00 1.071100831031799316e+00 -2.712071239948272705e-01 -2.101443707942962646e-01 -1.243260130286216736e-01
1.273927211761474609e+00 -1.260134696960449219e+00 1.076937675476074219e+00 -2.715679407119750977e-01 -2.097472548484802246e-01 -1.286533325910568237e-01
1.266340374946594238e+00 -1.237263679504394531e+00 1.092700242996215820e+00 -2.714030146598815918e-01 -2.070795595645904541e-01 -1.421995460987091064e-01
1.254593014717102051e+00 -1.195893049240112305e+00 1.119169592857360840e+00 -2.708078026771545410e-01 -2.027022689580917358e-01 -1.629572510719299316e-01
1.247865676879882812e+00 -1.167012572288513184e+00 1.134151101112365723e+00 -2.734925150871276855e-01 -2.031389325857162476e-01 -1.714325696229934692e-01
1.246667742729187012e+00 -1.157842993736267090e+00 1.138476610183715820e+00 -2.764009833335876465e-01 -2.018070518970489502e-01 -1.770011335611343384e-01
1.245932221412658691e+00 -1.158120870590209961e+00 1.139763832092285156e+00 -2.772797048091888428e-01 -1.981947422027587891e-01 -1.797954738140106201e-01
1.245023846626281738e+00 -1.159108757972717285e+00 1.141479969024658203e+00 -2.773247063159942627e-01 -1.948185414075851440e-01 -1.790633946657180786e-01
1.244860887527465820e+00 -1.163234949111938477e+00 1.140469908714294434e+00 -2.777265310287475586e-01 -1.935002803802490234e-01 -1.768257915973663330e-01
