1.226972222328186035e+00 -1.169757604598999023e+00 1.069510102272033691e+00 -2.127066701650619507e-01 -1.965832263231277466e-01 -1.946873962879180908e-01
1.227179288864135742e+00 -1.169615864753723145e+00 1.070275783538818359e+00 -2.126297056674957275e-01 -1.967148333787918091e-01 -1.946334987878799438e-01
1.227768182754516602e+00 -1.169136643409729004e+00 1.072315216064453125e+00 -2.124757915735244751e-01 -1.971203684806823730e-01 -1.944484561681747437e-01
1.229340314865112305e+00 -1.167875170707702637e+00 1.077977895736694336e+00 -2.120428085327148438e-01 -1.982406228780746460e-01 -1.938377022743225098e-01
1.233736634254455566e+00 -1.164005875587463379e+00 1.091317534446716309e+00 -2.109166383743286133e-01 -2.004182785749435425e-01 -1.926308125257492065e-01
1.242103576660156250e+00 -1.155923247337341309e+00 1.113665103912353516e+00 -2.090438753366470337e-01 -2.026125639677047729e-01 -1.918349117040634155e-01
1.247358560562133789e+00 -1.152529478073120117e+00 1.130117416381835938e+00 -2.073579281568527222e-01 -2.036021351814270020e-01 -1.896052360534667969e-01
1.246523618698120117e+00 -1.156108856201171875e+00 1.138358831405639648e+00 -2.064486891031265259e-01 -2.042749822139739990e-01 -1.863788962364196777e-01
1.244142413139343262e+00 -1.160973429679870605e+00 1.143576622009277344e+00 -2.056329995393753052e-01 -2.041023522615432739e-01 -1.839955151081085205e-01
1.242119789123535156e+00 -1.164712905883789062e+00 1.145510315895080566e+00 -2.044933885335922241e-01 -2.014641165733337402e-01 -1.841701716184616089e-01
1.239889502525329590e+00 -1.166524052619934082e+00 1.144712448120117188e+00 -2.030211687088012695e-01 -1.978964954614639282e-01 -1.846388429403305054e-01
