1.091412067413330078e+00 -1.233821392059326172e+00 1.182415485382080078e+00 -1.516126543283462524e-01 -2.118722200393676758e-01 -3.170963823795318604e-01
1.204246878623962402e+00 -1.224629044532775879e+00 1.199417471885681152e+00 -1.489197611808776855e-01 -2.058484554290771484e-01 -3.206871151924133301e-01
1.207123756408691406e+00 -1.227671742439270020e+00 1.190010190010070801e+00 -1.522052139043807983e-01 -1.891376227140426636e-01 -3.183101713657379150e-01
1.214613080024719238e+00 -1.222146749496459961e+00 1.202570438385009766e+00 -1.558947414159774780e-01 -2.091251760721206665e-01 -3.219258189201354980e-01
1.204118847846984863e+00 -1.224778771400451660e+00 1.195292472839355469e+00 -1.620109677314758301e-01 -2.067187428474426270e-01 -3.147753477096557617e-01
1.202423930168151855e+00 -1.225954174995422363e+00 1.199806094169616699e+00 -1.723594963550567627e-01 -2.065954357385635376e-01 -3.184918165206909180e-01
1.203904867172241211e+00 -1.226304888725280762e+00 1.197103261947631836e+00 -1.637382060289382935e-01 -2.027265131473541260e-01 -3.179426789283752441e-01
1.199093341827392578e+00 -1.228682279586791992e+00 1.200439095497131348e+00 -1.628485172986984253e-01 -2.095157951116561890e-01 -3.248315453529357910e-01
1.204586386680603027e+00 -1.225405812263488770e+00 1.197008728981018066e+00 -1.604080647230148315e-01 -2.059787064790725708e-01 -3.201366662979125977e-01
1.203715324401855469e+00 -1.228036284446716309e+00 1.204138636589050293e+00 -1.519976705312728882e-01 -2.088906317949295044e-01 -3.150584101676940918e-01
1.203550457954406738e+00 -1.226570487022399902e+00 1.197106242179870605e+00 -1.541289389133453369e-01 -2.060676515102386475e-01 -3.167176544666290283e-01
