1.382478952407836914e+00 -1.278060555458068848e+00 1.049892187118530273e+00 -3.546695113182067871e-01 -2.725374996662139893e-01 -2.377568781375885010e-01
1.204796791076660156e+00 -1.217454195022583008e+00 1.210527658462524414e+00 -3.424234390258789062e-01 -3.019296824932098389e-01 -2.263012081384658813e-01
1.201974391937255859e+00 -1.226196765899658203e+00 1.209026336669921875e+00 -3.400223851203918457e-01 -3.039161562919616699e-01 -2.515903115272521973e-01
1.210655093193054199e+00 -1.218379855155944824e+00 1.203219771385192871e+00 -3.381687402725219727e-01 -2.933559715747833252e-01 -2.406634390354156494e-01
1.200485944747924805e+00 -1.218618988990783691e+00 1.199948191642761230e+00 -3.490985333919525146e-01 -3.022290468215942383e-01 -2.256264090538024902e-01
1.193643927574157715e+00 -1.225424528121948242e+00 1.209023475646972656e+00 -3.478389978408813477e-01 -3.023838400840759277e-01 -2.202566266059875488e-01
1.200443387031555176e+00 -1.218621492385864258e+00 1.200643777847290039e+00 -3.515080511569976807e-01 -3.048089146614074707e-01 -2.229475229978561401e-01
1.203392505645751953e+00 -1.215563893318176270e+00 1.203862667083740234e+00 -3.516083955764770508e-01 -3.025242090225219727e-01 -2.245588302612304688e-01
1.205906748771667480e+00 -1.216587781906127930e+00 1.206660747528076172e+00 -3.511703014373779297e-01 -3.066580593585968018e-01 -2.150007635354995728e-01
1.200208783149719238e+00 -1.219158053398132324e+00 1.194444775581359863e+00 -3.392845094203948975e-01 -3.020891845226287842e-01 -2.127772569656372070e-01
1.201580286026000977e+00 -1.215215802192687988e+00 1.198565840721130371e+00 -3.436535298824310303e-01 -2.996714711189270020e-01 -2.139919400215148926e-01
