1.170821785926818848e+00 -1.025188922882080078e+00 1.244450330734252930e+00 -2.114918828010559082e-01 -2.264025956392288208e-01 -1.583829224109649658e-01
1.209603667259216309e+00 -1.214292883872985840e+00 1.193358898162841797e+00 -2.104718536138534546e-01 -2.121834754943847656e-01 -1.824430972337722778e-01
1.206415534019470215e+00 -1.231508374214172363e+00 1.192690610885620117e+00 -2.008148729801177979e-01 -2.189473211765289307e-01 -1.731936633586883545e-01
1.208929061889648438e+00 -1.214730858802795410e+00 1.200890541076660156e+00 -2.138017565011978149e-01 -2.047010362148284912e-01 -1.741707921028137207e-01
1.210828423500061035e+00 -1.218620657920837402e+00 1.195002913475036621e+00 -2.121240347623825073e-01 -2.029917091131210327e-01 -1.793593466281890869e-01
1.207573771476745605e+00 -1.219610095024108887e+00 1.197954058647155762e+00 -2.015034556388854980e-01 -1.994560658931732178e-01 -1.857298463582992554e-01
1.208948850631713867e+00 -1.213556647300720215e+00 1.198227643966674805e+00 -2.103780061006546021e-01 -2.086406648159027100e-01 -1.863652169704437256e-01
1.212669849395751953e+00 -1.213094830513000488e+00 1.197982430458068848e+00 -2.070002108812332153e-01 -2.118224948644638062e-01 -1.816143095493316650e-01
1.210389137268066406e+00 -1.212578296661376953e+00 1.197117328643798828e+00 -2.062747180461883545e-01 -2.152112126350402832e-01 -1.848641484975814819e-01
1.205551266670227051e+00 -1.222535848617553711e+00 1.197575569152832031e+00 -2.098749577999114990e-01 -2.159622013568878174e-01 -1.834338903427124023e-01
1.204571723937988281e+00 -1.220049738883972168e+00 1.203140020370483398e+00 -2.064447253942489624e-01 -2.092310339212417603e-01 -1.877652108669281006e-01
