1.225390195846557617e+00 -1.172769188880920410e+00 1.218702077865600586e+00 -1.356282532215118408e-01 -1.260796338319778442e-01 -1.802414208650588989e-01
1.199712395668029785e+00 -1.221380114555358887e+00 1.198514223098754883e+00 -1.355348676443099976e-01 -1.243789270520210266e-01 -1.808240413665771484e-01
1.202665925025939941e+00 -1.224841356277465820e+00 1.198253393173217773e+00 -1.261580884456634521e-01 -1.313406229019165039e-01 -1.838369965553283691e-01
1.201553344726562500e+00 -1.217882633209228516e+00 1.200489282608032227e+00 -1.274375766515731812e-01 -1.327728182077407837e-01 -1.697550714015960693e-01
1.208405613899230957e+00 -1.221289157867431641e+00 1.195552229881286621e+00 -1.241426318883895874e-01 -1.234300211071968079e-01 -1.675122231245040894e-01
1.204121589660644531e+00 -1.221961855888366699e+00 1.200783014297485352e+00 -1.323634237051010132e-01 -1.254404783248901367e-01 -1.527480483055114746e-01
1.203473448753356934e+00 -1.222351431846618652e+00 1.198846817016601562e+00 -1.250269114971160889e-01 -1.175540983676910400e-01 -1.575352400541305542e-01
1.204010486602783203e+00 -1.222230195999145508e+00 1.196880340576171875e+00 -1.266378611326217651e-01 -1.221905946731567383e-01 -1.671207100152969360e-01
1.203747510910034180e+00 -1.221252799034118652e+00 1.195244789123535156e+00 -1.300373375415802002e-01 -1.240035071969032288e-01 -1.755624264478683472e-01
1.198326945304870605e+00 -1.225119471549987793e+00 1.203122377395629883e+00 -1.385961174964904785e-01 -1.243313178420066833e-01 -1.786197721958160400e-01
1.199924826622009277e+00 -1.224674105644226074e+00 1.201524138450622559e+00 -1.378340423107147217e-01 -1.254944652318954468e-01 -1.826712936162948608e-01
