1.087388992309570312e+00 -1.245923995971679688e+00 1.273297905921936035e+00 -7.903373241424560547e-02 -2.409080266952514648e-01 -1.769881844520568848e-01
1.199738264083862305e+00 -1.226957321166992188e+00 1.213801860809326172e+00 -8.595952391624450684e-02 -2.357324063777923584e-01 -1.802513450384140015e-01
1.203220248222351074e+00 -1.229043364524841309e+00 1.198968052864074707e+00 -1.041776239871978760e-01 -2.371478527784347534e-01 -1.673966944217681885e-01
1.207376122474670410e+00 -1.219284057617187500e+00 1.197978019714355469e+00 -8.422668278217315674e-02 -2.264588028192520142e-01 -1.954075545072555542e-01
1.203688144683837891e+00 -1.223335146903991699e+00 1.204827904701232910e+00 -7.596455514430999756e-02 -2.344000339508056641e-01 -1.927958726882934570e-01
1.203555107116699219e+00 -1.225145459175109863e+00 1.218380808830261230e+00 -8.050214499235153198e-02 -2.366479635238647461e-01 -1.974616050720214844e-01
1.203814625740051270e+00 -1.222156167030334473e+00 1.214105367660522461e+00 -8.289342373609542847e-02 -2.409952431917190552e-01 -1.940342634916305542e-01
1.204192399978637695e+00 -1.223913073539733887e+00 1.212273955345153809e+00 -7.894916087388992310e-02 -2.447468191385269165e-01 -1.965236663818359375e-01
1.198096275329589844e+00 -1.228692293167114258e+00 1.213193416595458984e+00 -7.949887961149215698e-02 -2.461764216423034668e-01 -1.957879960536956787e-01
1.197638273239135742e+00 -1.227562069892883301e+00 1.215336680412292480e+00 -8.317938446998596191e-02 -2.432261705398559570e-01 -1.910208314657211304e-01
1.195703148841857910e+00 -1.225897431373596191e+00 1.210228085517883301e+00 -8.616767823696136475e-02 -2.363719940185546875e-01 -1.785074770450592041e-01
