1.022631168365478516e+00 -1.267085671424865723e+00 1.208126783370971680e+00 -2.060280293226242065e-01 -2.247268408536911011e-01 -2.135713100433349609e-01
1.200372576713562012e+00 -1.220376253128051758e+00 1.194912791252136230e+00 -2.062560617923736572e-01 -2.209304869174957275e-01 -2.170208543539047241e-01
1.208032608032226562e+00 -1.218828797340393066e+00 1.204833865165710449e+00 -2.189272642135620117e-01 -2.143863290548324585e-01 -2.019359022378921509e-01
1.198609232902526855e+00 -1.221272349357604980e+00 1.193904519081115723e+00 -2.152558565139770508e-01 -2.062029540538787842e-01 -1.915832012891769409e-01
1.204207181930541992e+00 -1.218208789825439453e+00 1.201310753822326660e+00 -2.065157294273376465e-01 -2.095991969108581543e-01 -1.933530867099761963e-01
1.201506376266479492e+00 -1.218159556388854980e+00 1.199790000915527344e+00 -2.149846553802490234e-01 -2.207694947719573975e-01 -1.911205351352691650e-01
1.206290125846862793e+00 -1.221686005592346191e+00 1.202886819839477539e+00 -2.077473700046539307e-01 -2.192548364400863647e-01 -2.046142369508743286e-01
1.203871846199035645e+00 -1.219258546829223633e+00 1.201622486114501953e+00 -2.037489563226699829e-01 -2.198944985866546631e-01 -2.120640128850936890e-01
1.205604076385498047e+00 -1.220542788505554199e+00 1.201964020729064941e+00 -2.078626751899719238e-01 -2.181611061096191406e-01 -2.224349677562713623e-01
1.205309391021728516e+00 -1.216695666313171387e+00 1.200618028640747070e+00 -2.123870253562927246e-01 -2.171652019023895264e-01 -2.157073318958282471e-01
1.205374002456665039e+00 -1.217892408370971680e+00 1.200126528739929199e+00 -2.106326371431350708e-01 -2.179313749074935913e-01 -2.113330960273742676e-01
