1.256210803985595703e+00 -1.235668301582336426e+00 1.183473587036132812e+00 -1.502863168716430664e-01 -2.517002820968627930e-01 -1.730865985155105591e-01
1.214552044868469238e+00 -1.206871986389160156e+00 1.188024282455444336e+00 -1.667310595512390137e-01 -2.441346645355224609e-01 -2.004289627075195312e-01
1.213674902915954590e+00 -1.210107326507568359e+00 1.198399186134338379e+00 -2.045131325721740723e-01 -2.544772922992706299e-01 -2.226644903421401978e-01
1.211280345916748047e+00 -1.210118055343627930e+00 1.191979885101318359e+00 -1.611840128898620605e-01 -2.335285097360610962e-01 -1.968587934970855713e-01
1.214600682258605957e+00 -1.203914284706115723e+00 1.187494516372680664e+00 -1.587933003902435303e-01 -2.545598149299621582e-01 -1.958706229925155640e-01
1.215285778045654297e+00 -1.204110145568847656e+00 1.190348744392395020e+00 -1.595981568098068237e-01 -2.476466298103332520e-01 -1.979245394468307495e-01
1.213083267211914062e+00 -1.207357764244079590e+00 1.191644668579101562e+00 -1.630891114473342896e-01 -2.573694884777069092e-01 -2.083750665187835693e-01
1.211838722229003906e+00 -1.209413170814514160e+00 1.189238548278808594e+00 -2.027735412120819092e-01 -2.710269093513488770e-01 -2.310586422681808472e-01
1.213282465934753418e+00 -1.205620288848876953e+00 1.189986824989318848e+00 -1.803586184978485107e-01 -2.516124844551086426e-01 -2.024270594120025635e-01
1.213088870048522949e+00 -1.205438256263732910e+00 1.189939141273498535e+00 -1.838005036115646362e-01 -2.540929317474365234e-01 -1.974660158157348633e-01
1.213620543479919434e+00 -1.207956671714782715e+00 1.190618038177490234e+00 -1.873878985643386841e-01 -2.477639317512512207e-01 -2.156692445278167725e-01
