1.285269141197204590e+00 -1.124956488609313965e+00 1.218247890472412109e+00 -2.046734690666198730e-01 -2.194335162639617920e-01 -1.910995095968246460e-01
1.229835629463195801e+00 -1.186530947685241699e+00 1.166604757308959961e+00 -2.135672271251678467e-01 -2.228730022907257080e-01 -1.977537870407104492e-01
1.211618781089782715e+00 -1.208066225051879883e+00 1.182186841964721680e+00 -2.621673345565795898e-01 -2.595186829566955566e-01 -2.153580486774444580e-01
1.224209189414978027e+00 -1.196478128433227539e+00 1.180404067039489746e+00 -2.248289585113525391e-01 -2.429504841566085815e-01 -2.020302265882492065e-01
1.218466639518737793e+00 -1.201487660408020020e+00 1.183172583580017090e+00 -2.245681881904602051e-01 -2.319670021533966064e-01 -1.918564140796661377e-01
1.217773437500000000e+00 -1.201627373695373535e+00 1.185960173606872559e+00 -2.267343252897262573e-01 -2.309577316045761108e-01 -1.870069503784179688e-01
1.232128143310546875e+00 -1.183954238891601562e+00 1.167206525802612305e+00 -2.240009903907775879e-01 -2.316767275333404541e-01 -1.832361072301864624e-01
1.224049806594848633e+00 -1.186363458633422852e+00 1.176746964454650879e+00 -2.345878183841705322e-01 -2.422473430633544922e-01 -1.898580044507980347e-01
1.225748538970947266e+00 -1.191534638404846191e+00 1.175534725189208984e+00 -2.316958308219909668e-01 -2.326348423957824707e-01 -1.853809356689453125e-01
1.213240146636962891e+00 -1.210593104362487793e+00 1.191298007965087891e+00 -2.295558750629425049e-01 -2.433647811412811279e-01 -1.805450469255447388e-01
1.217917203903198242e+00 -1.203595399856567383e+00 1.184522151947021484e+00 -2.177869081497192383e-01 -2.415641695261001587e-01 -1.969668716192245483e-01
