1.151905536651611328e+00 -1.523514032363891602e+00 1.049134135246276855e+00 -3.383749127388000488e-01 -1.870707273483276367e-01 -1.382821500301361084e-01
1.190969705581665039e+00 -1.247625946998596191e+00 1.228617906570434570e+00 -2.441818863153457642e-01 -1.722883880138397217e-01 -1.936491578817367554e-01
1.191256165504455566e+00 -1.242406368255615234e+00 1.235375285148620605e+00 -2.514612078666687012e-01 -1.671787649393081665e-01 -1.815020591020584106e-01
1.207635521888732910e+00 -1.208555459976196289e+00 1.198451399803161621e+00 -2.411576509475708008e-01 -1.756150126457214355e-01 -1.753219962120056152e-01
1.201401352882385254e+00 -1.226079106330871582e+00 1.213238835334777832e+00 -2.105660587549209595e-01 -1.655714064836502075e-01 -1.700686514377593994e-01
1.199232459068298340e+00 -1.230759382247924805e+00 1.216336727142333984e+00 -2.417617738246917725e-01 -1.762980818748474121e-01 -1.708569824695587158e-01
1.206473469734191895e+00 -1.221573829650878906e+00 1.213427901268005371e+00 -2.234876602888107300e-01 -1.591718196868896484e-01 -1.707456558942794800e-01
1.206407189369201660e+00 -1.217958927154541016e+00 1.203957319259643555e+00 -2.521742880344390869e-01 -1.664582490921020508e-01 -1.585843712091445923e-01
1.208705186843872070e+00 -1.214716672897338867e+00 1.199462413787841797e+00 -2.381636798381805420e-01 -1.906707584857940674e-01 -1.780131459236145020e-01
1.208527207374572754e+00 -1.215340614318847656e+00 1.199841618537902832e+00 -2.465158104896545410e-01 -1.844075024127960205e-01 -1.803907454013824463e-01
1.210505723953247070e+00 -1.212183356285095215e+00 1.200615763664245605e+00 -2.627069056034088135e-01 -1.933045685291290283e-01 -1.875311881303787231e-01
