1.174414396286010742e+00 -1.112415909767150879e+00 1.051931500434875488e+00 -1.907589584589004517e-01 -2.192813754081726074e-01 -1.535263806581497192e-01
1.287024974822998047e+00 -1.084255337715148926e+00 1.066239953041076660e+00 -1.876645982265472412e-01 -2.129405736923217773e-01 -1.728793680667877197e-01
1.342276334762573242e+00 -9.851063489913940430e-01 9.661009907722473145e-01 -1.950830370187759399e-01 -1.924780905246734619e-01 -1.454797238111495972e-01
1.337437033653259277e+00 -9.923390150070190430e-01 9.723460674285888672e-01 -1.758432984352111816e-01 -2.083409577608108521e-01 -1.716213971376419067e-01
1.321896910667419434e+00 -1.021739244461059570e+00 1.003473520278930664e+00 -1.620570272207260132e-01 -2.093264162540435791e-01 -1.594130843877792358e-01
1.274057745933532715e+00 -1.109689593315124512e+00 1.091545104980468750e+00 -1.602991670370101929e-01 -2.105185836553573608e-01 -1.727632433176040649e-01
1.230125069618225098e+00 -1.184009552001953125e+00 1.166101098060607910e+00 -1.632144898176193237e-01 -2.163331210613250732e-01 -1.871788501739501953e-01
1.225455164909362793e+00 -1.188673853874206543e+00 1.171776294708251953e+00 -1.677963882684707642e-01 -2.324703037738800049e-01 -1.812642067670822144e-01
1.234476923942565918e+00 -1.177192091941833496e+00 1.159394979476928711e+00 -1.658958643674850464e-01 -2.257936745882034302e-01 -1.929933130741119385e-01
1.262802958488464355e+00 -1.130381822586059570e+00 1.113640069961547852e+00 -1.767974048852920532e-01 -2.176759093999862671e-01 -1.846289932727813721e-01
1.260823488235473633e+00 -1.132883787155151367e+00 1.117070674896240234e+00 -1.780418902635574341e-01 -2.116654217243194580e-01 -1.893444657325744629e-01
