1.251183867454528809e+00 -1.141079306602478027e+00 1.333471894264221191e+00 -2.675410211086273193e-01 -2.016607671976089478e-01 -3.128388524055480957e-01
1.201274275779724121e+00 -1.227939009666442871e+00 1.215207338333129883e+00 -2.703180611133575439e-01 -2.371267825365066528e-01 -2.078104317188262939e-01
1.197471499443054199e+00 -1.230476856231689453e+00 1.223054409027099609e+00 -2.891760766506195068e-01 -2.389832139015197754e-01 -2.220166921615600586e-01
1.200610041618347168e+00 -1.228491902351379395e+00 1.213335871696472168e+00 -2.744513154029846191e-01 -2.459843456745147705e-01 -2.080867737531661987e-01
1.204305887222290039e+00 -1.225497961044311523e+00 1.211457967758178711e+00 -2.437372505664825439e-01 -2.163918018341064453e-01 -1.908198297023773193e-01
1.200345516204833984e+00 -1.229061961174011230e+00 1.212917566299438477e+00 -2.892281413078308105e-01 -2.484630942344665527e-01 -2.177610695362091064e-01
1.204608917236328125e+00 -1.224185109138488770e+00 1.210628628730773926e+00 -2.105471342802047729e-01 -2.210938632488250732e-01 -1.930720210075378418e-01
1.202874064445495605e+00 -1.225974082946777344e+00 1.212603807449340820e+00 -2.648532688617706299e-01 -2.370477914810180664e-01 -1.931236833333969116e-01
1.204271435737609863e+00 -1.225536108016967773e+00 1.211649417877197266e+00 -2.566195726394653320e-01 -2.238768786191940308e-01 -1.973446905612945557e-01
1.202666401863098145e+00 -1.225647687911987305e+00 1.209146380424499512e+00 -2.632360756397247314e-01 -2.310252338647842407e-01 -2.135253250598907471e-01
1.203793525695800781e+00 -1.224843382835388184e+00 1.209223270416259766e+00 -2.700223922729492188e-01 -2.316728532314300537e-01 -2.131724655628204346e-01
