1.221155881881713867e+00 -1.226786732673645020e+00 1.189222097396850586e+00 -2.483783364295959473e-01 -2.585073113441467285e-01 -4.787103831768035889e-02
1.212283015251159668e+00 -1.208460211753845215e+00 1.208722710609436035e+00 -2.294338345527648926e-01 -2.568132877349853516e-01 -1.864472180604934692e-01
1.221888661384582520e+00 -1.202223420143127441e+00 1.227522015571594238e+00 -1.572912782430648804e-01 -2.246955931186676025e-01 -2.152671217918395996e-01
1.210080742835998535e+00 -1.215526938438415527e+00 1.212880730628967285e+00 -2.008422017097473145e-01 -2.508879899978637695e-01 -1.821817457675933838e-01
1.204818844795227051e+00 -1.223397731781005859e+00 1.216584682464599609e+00 -2.042279988527297974e-01 -2.410168051719665527e-01 -1.921274960041046143e-01
1.211637854576110840e+00 -1.214545488357543945e+00 1.212162613868713379e+00 -2.125958055257797241e-01 -2.763351202011108398e-01 -2.331534922122955322e-01
1.206027984619140625e+00 -1.218573212623596191e+00 1.213295817375183105e+00 -2.236894369125366211e-01 -2.704315185546875000e-01 -2.214320600032806396e-01
1.209899425506591797e+00 -1.214821934700012207e+00 1.207445979118347168e+00 -2.156728953123092651e-01 -2.626608908176422119e-01 -2.214119732379913330e-01
1.207985401153564453e+00 -1.217721462249755859e+00 1.209530830383300781e+00 -2.172876149415969849e-01 -2.606552243232727051e-01 -2.244706302881240845e-01
1.203750252723693848e+00 -1.224114060401916504e+00 1.215394854545593262e+00 -2.253417074680328369e-01 -2.530637681484222412e-01 -1.970983892679214478e-01
1.204326868057250977e+00 -1.223196744918823242e+00 1.209655046463012695e+00 -2.285874783992767334e-01 -2.350135445594787598e-01 -2.018003314733505249e-01
