1.217063903808593750e+00 -1.218037128448486328e+00 1.174176692962646484e+00 -2.192307561635971069e-01 -1.766388118267059326e-01 -2.170996963977813721e-01
1.217507600784301758e+00 -1.201705098152160645e+00 1.185737848281860352e+00 -2.299526780843734741e-01 -1.963869184255599976e-01 -1.975993961095809937e-01
1.219101428985595703e+00 -1.196616530418395996e+00 1.183709859848022461e+00 -2.377935200929641724e-01 -2.235695570707321167e-01 -1.918176412582397461e-01
1.213445544242858887e+00 -1.206100821495056152e+00 1.195771098136901855e+00 -2.499384731054306030e-01 -2.173694670200347900e-01 -1.967071443796157837e-01
1.212284803390502930e+00 -1.203942179679870605e+00 1.190906286239624023e+00 -2.373643815517425537e-01 -2.088627666234970093e-01 -1.817408204078674316e-01
1.216791868209838867e+00 -1.202865958213806152e+00 1.186859607696533203e+00 -2.346679270267486572e-01 -2.082247883081436157e-01 -1.872532069683074951e-01
1.213140249252319336e+00 -1.207770466804504395e+00 1.190270662307739258e+00 -2.254583239555358887e-01 -2.015147507190704346e-01 -1.892686784267425537e-01
1.216826796531677246e+00 -1.201150059700012207e+00 1.185230612754821777e+00 -2.318201363086700439e-01 -2.096435725688934326e-01 -1.826791614294052124e-01
1.214245080947875977e+00 -1.206761717796325684e+00 1.190133094787597656e+00 -2.206528335809707642e-01 -2.069044113159179688e-01 -1.785983294248580933e-01
1.215217828750610352e+00 -1.203476905822753906e+00 1.189904570579528809e+00 -2.074014544486999512e-01 -2.047749459743499756e-01 -1.866838335990905762e-01
1.221616148948669434e+00 -1.194285154342651367e+00 1.180213809013366699e+00 -2.179726660251617432e-01 -2.057303935289382935e-01 -1.932685375213623047e-01
