1.201114177703857422e+00 -1.228462815284729004e+00 1.212843894958496094e+00 -9.301380813121795654e-02 -2.573672831058502197e-01 -2.073459625244140625e-01
1.200989246368408203e+00 -1.229668378829956055e+00 1.211415767669677734e+00 -9.124381840229034424e-02 -2.566005587577819824e-01 -2.110708355903625488e-01
1.201005935668945312e+00 -1.229541659355163574e+00 1.210947871208190918e+00 -9.092718362808227539e-02 -2.559286057949066162e-01 -2.125409245491027832e-01
1.201802492141723633e+00 -1.229446887969970703e+00 1.211085319519042969e+00 -8.973417431116104126e-02 -2.555676102638244629e-01 -2.149143666028976440e-01
1.201412200927734375e+00 -1.229677796363830566e+00 1.210888743400573730e+00 -8.843490481376647949e-02 -2.549567818641662598e-01 -2.167902737855911255e-01
1.201507568359375000e+00 -1.229415297508239746e+00 1.211239218711853027e+00 -8.760593831539154053e-02 -2.548426091670989990e-01 -2.183636426925659180e-01
1.201704502105712891e+00 -1.229609608650207520e+00 1.211292743682861328e+00 -8.700637519359588623e-02 -2.550875544548034668e-01 -2.189050167798995972e-01
1.201561212539672852e+00 -1.229586958885192871e+00 1.211362600326538086e+00 -8.595637977123260498e-02 -2.550199031829833984e-01 -2.201092094182968140e-01
1.201896071434020996e+00 -1.229600787162780762e+00 1.211167216300964355e+00 -8.520805090665817261e-02 -2.553569972515106201e-01 -2.207677364349365234e-01
1.201666355133056641e+00 -1.229295969009399414e+00 1.211363077163696289e+00 -8.457741141319274902e-02 -2.555268704891204834e-01 -2.210782170295715332e-01
