1.223014235496520996e+00 -1.235439658164978027e+00 1.211784362792968750e+00 -1.364456564188003540e-01 -2.369488179683685303e-01 -2.648577690124511719e-01
1.208255290985107422e+00 -1.220267295837402344e+00 1.211441516876220703e+00 -1.382241249084472656e-01 -2.387340068817138672e-01 -2.594252228736877441e-01
1.206104397773742676e+00 -1.219963908195495605e+00 1.200233817100524902e+00 -1.350613236427307129e-01 -2.349313497543334961e-01 -2.592238783836364746e-01
1.203600764274597168e+00 -1.225628972053527832e+00 1.207966685295104980e+00 -1.512712985277175903e-01 -2.288082838058471680e-01 -2.617345750331878662e-01
1.209882378578186035e+00 -1.216288328170776367e+00 1.208292722702026367e+00 -1.450074613094329834e-01 -2.447759360074996948e-01 -2.622323632240295410e-01
1.202136516571044922e+00 -1.223045468330383301e+00 1.208854198455810547e+00 -1.471903622150421143e-01 -2.431916892528533936e-01 -2.614418268203735352e-01
1.202725768089294434e+00 -1.227957010269165039e+00 1.215191125869750977e+00 -1.453496515750885010e-01 -2.483802735805511475e-01 -2.688640356063842773e-01
1.209936141967773438e+00 -1.214474201202392578e+00 1.204738974571228027e+00 -1.450680494308471680e-01 -2.439733743667602539e-01 -2.621619701385498047e-01
1.208049893379211426e+00 -1.220628023147583008e+00 1.210881590843200684e+00 -1.415651142597198486e-01 -2.493249326944351196e-01 -2.554813325405120850e-01
1.209692478179931641e+00 -1.221613168716430664e+00 1.215004920959472656e+00 -1.460775732994079590e-01 -2.417095899581909180e-01 -2.584191560745239258e-01
1.202788352966308594e+00 -1.222393035888671875e+00 1.211036920547485352e+00 -1.389016956090927124e-01 -2.391967028379440308e-01 -2.569098174571990967e-01
