1.201311349868774414e+00 -1.229743003845214844e+00 1.203686952590942383e+00 -2.061538249254226685e-01 -2.179792970418930054e-01 -2.030250132083892822e-01
1.211231827735900879e+00 -1.226488947868347168e+00 1.215238690376281738e+00 -2.054041028022766113e-01 -2.187646627426147461e-01 -2.022502720355987549e-01
1.214071750640869141e+00 -1.222763538360595703e+00 1.224753737449645996e+00 -2.103829681873321533e-01 -2.211430966854095459e-01 -1.882439851760864258e-01
1.211370944976806641e+00 -1.223497986793518066e+00 1.227150678634643555e+00 -2.239855080842971802e-01 -2.154214680194854736e-01 -1.944912970066070557e-01
1.211726188659667969e+00 -1.222079873085021973e+00 1.212693572044372559e+00 -2.105777114629745483e-01 -2.185593098402023315e-01 -1.883974075317382812e-01
1.204660058021545410e+00 -1.228049635887145996e+00 1.219504475593566895e+00 -2.045768052339553833e-01 -2.218154519796371460e-01 -1.935948729515075684e-01
1.211358904838562012e+00 -1.221043109893798828e+00 1.213241815567016602e+00 -2.098010778427124023e-01 -2.153118997812271118e-01 -1.884088814258575439e-01
1.215178608894348145e+00 -1.223508715629577637e+00 1.222827792167663574e+00 -2.136739492416381836e-01 -2.167494893074035645e-01 -1.920444667339324951e-01
1.213412880897521973e+00 -1.223018884658813477e+00 1.219554305076599121e+00 -2.171273976564407349e-01 -2.136876285076141357e-01 -1.900974065065383911e-01
1.216001033782958984e+00 -1.221206903457641602e+00 1.217961549758911133e+00 -2.123883217573165894e-01 -2.149856388568878174e-01 -1.965234279632568359e-01
1.211000800132751465e+00 -1.225772142410278320e+00 1.216040492057800293e+00 -2.080582380294799805e-01 -2.189279645681381226e-01 -1.970386207103729248e-01
