1.223602294921875000e+00 -1.215511798858642578e+00 1.178322672843933105e+00 -2.013316005468368530e-01 -2.175190448760986328e-01 -2.128496021032333374e-01
1.223484039306640625e+00 -1.215493559837341309e+00 1.178463339805603027e+00 -2.013207972049713135e-01 -2.175296545028686523e-01 -2.128381133079528809e-01
1.223105311393737793e+00 -1.215479850769042969e+00 1.178828477859497070e+00 -2.012885212898254395e-01 -2.175514698028564453e-01 -2.128179371356964111e-01
1.222204089164733887e+00 -1.215423822402954102e+00 1.179623603820800781e+00 -2.011959701776504517e-01 -2.174728065729141235e-01 -2.129419744014739990e-01
1.221194863319396973e+00 -1.213739037513732910e+00 1.180311679840087891e+00 -2.014593929052352905e-01 -2.179670631885528564e-01 -2.115081846714019775e-01
1.218827009201049805e+00 -1.212755203247070312e+00 1.184415459632873535e+00 -2.009809762239456177e-01 -2.181242257356643677e-01 -2.106711566448211670e-01
1.213957428932189941e+00 -1.211752057075500488e+00 1.189723491668701172e+00 -2.004279941320419312e-01 -2.178337872028350830e-01 -2.104831486940383911e-01
1.213382363319396973e+00 -1.213441371917724609e+00 1.188245058059692383e+00 -2.011189460754394531e-01 -2.181264311075210571e-01 -2.081470936536788940e-01
1.212906360626220703e+00 -1.211414217948913574e+00 1.188285470008850098e+00 -2.019211947917938232e-01 -2.189269661903381348e-01 -2.049722820520401001e-01
1.214885473251342773e+00 -1.211023569107055664e+00 1.187513351440429688e+00 -2.020283937454223633e-01 -2.182521522045135498e-01 -2.044920921325683594e-01
1.213845491409301758e+00 -1.210849881172180176e+00 1.188109159469604492e+00 -2.026524245738983154e-01 -2.188702374696731567e-01 -2.021361291408538818e-01
