1.198986530303955078e+00 -1.186982154846191406e+00 1.025527596473693848e+00 -2.215936183929443359e-01 -1.983056664466857910e-01 -1.787947565317153931e-01
1.199141979217529297e+00 -1.187180876731872559e+00 1.027223825454711914e+00 -2.213812619447708130e-01 -1.984132975339889526e-01 -1.790970563888549805e-01
1.199413061141967773e+00 -1.187761783599853516e+00 1.031737804412841797e+00 -2.207941263914108276e-01 -1.986619383096694946e-01 -1.799062639474868774e-01
1.201175928115844727e+00 -1.189092516899108887e+00 1.044442296028137207e+00 -2.195369601249694824e-01 -2.007758319377899170e-01 -1.806453913450241089e-01
1.204180240631103516e+00 -1.191645860671997070e+00 1.076547503471374512e+00 -2.150419950485229492e-01 -2.017834186553955078e-01 -1.874066591262817383e-01
1.208398938179016113e+00 -1.194191575050354004e+00 1.126317381858825684e+00 -2.110230922698974609e-01 -2.119953930377960205e-01 -1.859605908393859863e-01
1.219776988029479980e+00 -1.193795084953308105e+00 1.164443254470825195e+00 -2.051336020231246948e-01 -2.140801548957824707e-01 -1.909519135951995850e-01
1.220175743103027344e+00 -1.197190999984741211e+00 1.171045303344726562e+00 -2.043414562940597534e-01 -2.138786315917968750e-01 -1.920348107814788818e-01
1.219145774841308594e+00 -1.198979020118713379e+00 1.175333499908447266e+00 -2.032940387725830078e-01 -2.127940356731414795e-01 -1.934164464473724365e-01
1.214485049247741699e+00 -1.202524662017822266e+00 1.176013231277465820e+00 -2.033780366182327271e-01 -2.124260216951370239e-01 -1.928864419460296631e-01
1.213902711868286133e+00 -1.207252144813537598e+00 1.182620882987976074e+00 -2.025238275527954102e-01 -2.128316313028335571e-01 -1.925747096538543701e-01
