1.113429307937622070e+00 -1.155129194259643555e+00 1.129484057426452637e+00 -2.078884541988372803e-01 -2.001271247863769531e-01 -1.830233335494995117e-01
1.114846944808959961e+00 -1.155279517173767090e+00 1.129709839820861816e+00 -2.078805267810821533e-01 -2.002187967300415039e-01 -1.830297112464904785e-01
1.118524074554443359e+00 -1.156225919723510742e+00 1.130921363830566406e+00 -2.078659981489181519e-01 -2.007572948932647705e-01 -1.828233152627944946e-01
1.129090189933776855e+00 -1.157570123672485352e+00 1.133367419242858887e+00 -2.076334655284881592e-01 -2.012621015310287476e-01 -1.832916885614395142e-01
1.155892014503479004e+00 -1.161333799362182617e+00 1.138782262802124023e+00 -2.074838727712631226e-01 -2.035419344902038574e-01 -1.827092766761779785e-01
1.205094933509826660e+00 -1.167718291282653809e+00 1.148456692695617676e+00 -2.066547721624374390e-01 -2.057245969772338867e-01 -1.830817759037017822e-01
1.232197761535644531e+00 -1.169712424278259277e+00 1.150978446006774902e+00 -2.055251747369766235e-01 -2.050610333681106567e-01 -1.850177496671676636e-01
1.240329265594482422e+00 -1.170634269714355469e+00 1.153986692428588867e+00 -2.056753039360046387e-01 -2.060149312019348145e-01 -1.842823326587677002e-01
1.243893027305603027e+00 -1.173030614852905273e+00 1.154566526412963867e+00 -2.054834812879562378e-01 -2.057518959045410156e-01 -1.844267100095748901e-01
1.241252064704895020e+00 -1.172435760498046875e+00 1.155122160911560059e+00 -2.060735374689102173e-01 -2.056153118610382080e-01 -1.827081739902496338e-01
1.241102576255798340e+00 -1.172513961791992188e+00 1.156206250190734863e+00 -2.064081132411956787e-01 -2.055557370185852051e-01 -1.826536804437637329e-01
