1.233161807060241699e+00 -1.163468718528747559e+00 1.105399966239929199e+00 -1.852339953184127808e-01 -1.867678165435791016e-01 -2.235755026340484619e-01
1.337784886360168457e+00 -1.145952701568603516e+00 1.123052358627319336e+00 -2.011122554540634155e-01 -2.216044962406158447e-01 -1.680737137794494629e-01
1.320773005485534668e+00 -1.175893664360046387e+00 1.091179728507995605e+00 -2.022444307804107666e-01 -2.172334790229797363e-01 -1.749125272035598755e-01
1.308815956115722656e+00 -1.179210424423217773e+00 1.079169034957885742e+00 -2.050573080778121948e-01 -2.199823409318923950e-01 -1.727314889430999756e-01
1.311000823974609375e+00 -1.181412577629089355e+00 1.076858520507812500e+00 -2.063903361558914185e-01 -2.198447883129119873e-01 -1.763179749250411987e-01
1.309796929359436035e+00 -1.184224009513854980e+00 1.074120998382568359e+00 -2.079306542873382568e-01 -2.202529162168502808e-01 -1.789448261260986328e-01
1.311505675315856934e+00 -1.182305455207824707e+00 1.073908448219299316e+00 -2.100143879652023315e-01 -2.224528789520263672e-01 -1.785006225109100342e-01
1.311687707901000977e+00 -1.183780193328857422e+00 1.070623636245727539e+00 -2.124398797750473022e-01 -2.243513315916061401e-01 -1.783865690231323242e-01
1.310902237892150879e+00 -1.183344721794128418e+00 1.067131042480468750e+00 -2.146613597869873047e-01 -2.260081470012664795e-01 -1.782121956348419189e-01
1.312100172042846680e+00 -1.182411551475524902e+00 1.065482735633850098e+00 -2.170186787843704224e-01 -2.285501956939697266e-01 -1.770739406347274780e-01
