1.167201519012451172e+00 -1.270736575126647949e+00 1.266373515129089355e+00 -3.166846558451652527e-02 -1.753070205450057983e-01 -2.243875265121459961e-01
1.109897017478942871e+00 -1.396869778633117676e+00 1.106234431266784668e+00 -3.281967714428901672e-02 -1.718888282775878906e-01 -2.178562879562377930e-01
9.821144342422485352e-01 -1.487436652183532715e+00 1.110993385314941406e+00 -3.443197160959243774e-02 -1.648422181606292725e-01 -2.311248034238815308e-01
8.320110440254211426e-01 -1.513962507247924805e+00 1.256489515304565430e+00 -4.070184379816055298e-02 -1.785358935594558716e-01 -1.979979425668716431e-01
8.246027827262878418e-01 -1.347825765609741211e+00 1.380213737487792969e+00 -1.567666791379451752e-02 -1.471160054206848145e-01 -2.434101998805999756e-01
9.927200675010681152e-01 -1.247804522514343262e+00 1.421674728393554688e+00 -4.653478413820266724e-02 -1.811251640319824219e-01 -2.000230848789215088e-01
1.111608147621154785e+00 -1.251867532730102539e+00 1.302466273307800293e+00 -5.456670373678207397e-02 -1.878458112478256226e-01 -2.068170905113220215e-01
1.122304797172546387e+00 -1.358445286750793457e+00 1.169505238533020020e+00 -6.630337983369827271e-02 -1.820151805877685547e-01 -1.961147487163543701e-01
1.016445159912109375e+00 -1.462349891662597656e+00 1.116864204406738281e+00 -6.679791957139968872e-02 -1.731982231140136719e-01 -2.123686075210571289e-01
8.814777731895446777e-01 -1.497812867164611816e+00 1.211464405059814453e+00 -6.994582712650299072e-02 -1.718581467866897583e-01 -2.017392218112945557e-01
