1.194124937057495117e+00 -1.252250432968139648e+00 1.239835262298583984e+00 -2.102321684360504150e-01 -2.924335598945617676e-01 -2.448824644088745117e-01
1.206042885780334473e+00 -1.187548160552978516e+00 1.225650906562805176e+00 -2.050442099571228027e-01 -2.785356342792510986e-01 -2.571462392807006836e-01
1.296490669250488281e+00 -1.157694458961486816e+00 1.164664864540100098e+00 -2.143884301185607910e-01 -2.874048054218292236e-01 -2.450218498706817627e-01
1.327630043029785156e+00 -1.185720920562744141e+00 1.046431064605712891e+00 -2.209896445274353027e-01 -2.838082909584045410e-01 -2.362961173057556152e-01
1.293821573257446289e+00 -1.292102813720703125e+00 9.916005134582519531e-01 -2.230945229530334473e-01 -2.739725410938262939e-01 -2.482771277427673340e-01
1.184578180313110352e+00 -1.340538024902343750e+00 1.025690078735351562e+00 -2.210353761911392212e-01 -2.637462019920349121e-01 -2.611334919929504395e-01
1.142655014991760254e+00 -1.318094968795776367e+00 1.133914470672607422e+00 -2.129110097885131836e-01 -2.630031704902648926e-01 -2.683135867118835449e-01
1.167670130729675293e+00 -1.234198451042175293e+00 1.201806306838989258e+00 -2.098908573389053345e-01 -2.734781503677368164e-01 -2.574166953563690186e-01
1.250005960464477539e+00 -1.178631305694580078e+00 1.195827007293701172e+00 -2.169710695743560791e-01 -2.859442234039306641e-01 -2.471087723970413208e-01
1.310037970542907715e+00 -1.169203281402587891e+00 1.105413079261779785e+00 -2.225870192050933838e-01 -2.868330478668212891e-01 -2.399798631668090820e-01
