1.214930057525634766e+00 -1.224645733833312988e+00 1.207969546318054199e+00 -1.365310102701187134e-01 -2.082446515560150146e-01 -1.942247003316879272e-01
1.204712271690368652e+00 -1.230843544006347656e+00 1.209314227104187012e+00 -1.377484798431396484e-01 -2.093560993671417236e-01 -1.946408450603485107e-01
1.196101307868957520e+00 -1.231515645980834961e+00 1.225600957870483398e+00 -1.380303055047988892e-01 -2.130842208862304688e-01 -1.924868673086166382e-01
1.187876820564270020e+00 -1.226118206977844238e+00 1.247208356857299805e+00 -1.377317607402801514e-01 -2.163789272308349609e-01 -1.910414397716522217e-01
1.185568928718566895e+00 -1.215942025184631348e+00 1.265202879905700684e+00 -1.363934427499771118e-01 -2.160782516002655029e-01 -1.937981247901916504e-01
1.187339901924133301e+00 -1.208742737770080566e+00 1.279691576957702637e+00 -1.368615031242370605e-01 -2.191361784934997559e-01 -1.926355510950088501e-01
1.186724781990051270e+00 -1.203921079635620117e+00 1.286260962486267090e+00 -1.367233395576477051e-01 -2.203114330768585205e-01 -1.940267384052276611e-01
1.189955830574035645e+00 -1.198730349540710449e+00 1.291155099868774414e+00 -1.369693726301193237e-01 -2.204978317022323608e-01 -1.964011490345001221e-01
1.191292524337768555e+00 -1.198703289031982422e+00 1.291527390480041504e+00 -1.383493542671203613e-01 -2.218464612960815430e-01 -1.966107487678527832e-01
1.192816257476806641e+00 -1.198027968406677246e+00 1.291043877601623535e+00 -1.398454308509826660e-01 -2.233746647834777832e-01 -1.967237889766693115e-01
