1.216645479202270508e+00 -1.224722027778625488e+00 1.207500696182250977e+00 -1.567389070987701416e-01 -1.470868289470672607e-01 -1.474535167217254639e-01
1.222668766975402832e+00 -1.237239599227905273e+00 1.142716646194458008e+00 -1.588684320449829102e-01 -1.550945043563842773e-01 -1.386812627315521240e-01
1.220677137374877930e+00 -1.273553371429443359e+00 1.106101751327514648e+00 -1.627616584300994873e-01 -1.601813137531280518e-01 -1.341194957494735718e-01
1.190472960472106934e+00 -1.296333909034729004e+00 1.094319105148315430e+00 -1.632728129625320435e-01 -1.591555774211883545e-01 -1.372328996658325195e-01
1.165578722953796387e+00 -1.303339719772338867e+00 1.126652121543884277e+00 -1.624256074428558350e-01 -1.592818796634674072e-01 -1.391533613204956055e-01
1.151279687881469727e+00 -1.287849187850952148e+00 1.172817349433898926e+00 -1.550484299659729004e-01 -1.494939923286437988e-01 -1.556900292634963989e-01
1.157437443733215332e+00 -1.261533975601196289e+00 1.204412817955017090e+00 -1.558592915534973145e-01 -1.558764874935150146e-01 -1.474889963865280151e-01
1.174640178680419922e+00 -1.248915433883666992e+00 1.211113333702087402e+00 -1.569229364395141602e-01 -1.583204567432403564e-01 -1.473119854927062988e-01
1.184244394302368164e+00 -1.249885916709899902e+00 1.202962398529052734e+00 -1.582938730716705322e-01 -1.593998074531555176e-01 -1.482636332511901855e-01
1.189592838287353516e+00 -1.246834754943847656e+00 1.189006805419921875e+00 -1.598905026912689209e-01 -1.619977056980133057e-01 -1.471205949783325195e-01
