1.198624968528747559e+00 -1.240587472915649414e+00 1.232547402381896973e+00 -2.228093445301055908e-01 -1.866256296634674072e-01 -1.899869740009307861e-01
1.271572232246398926e+00 -1.214588165283203125e+00 1.184351444244384766e+00 -2.327751964330673218e-01 -2.014497220516204834e-01 -1.610130965709686279e-01
1.305069446563720703e+00 -1.241226196289062500e+00 1.103619098663330078e+00 -2.362894564867019653e-01 -1.950484812259674072e-01 -1.616673469543457031e-01
1.278909206390380859e+00 -1.318664073944091797e+00 1.055522203445434570e+00 -2.402143627405166626e-01 -1.888569891452789307e-01 -1.675815135240554810e-01
1.204973220825195312e+00 -1.348003625869750977e+00 1.048061966896057129e+00 -2.417791336774826050e-01 -1.865092813968658447e-01 -1.695082038640975952e-01
1.176601290702819824e+00 -1.348011732101440430e+00 1.102216720581054688e+00 -2.417614310979843140e-01 -1.874725669622421265e-01 -1.718229353427886963e-01
1.166103005409240723e+00 -1.326688051223754883e+00 1.172470569610595703e+00 -2.405473440885543823e-01 -1.912594437599182129e-01 -1.739044785499572754e-01
1.176694750785827637e+00 -1.286915302276611328e+00 1.214807391166687012e+00 -2.365202158689498901e-01 -1.926051080226898193e-01 -1.765669733285903931e-01
1.205681204795837402e+00 -1.261453509330749512e+00 1.224878549575805664e+00 -2.381736785173416138e-01 -1.954506486654281616e-01 -1.762050092220306396e-01
1.232055068016052246e+00 -1.253957748413085938e+00 1.204458355903625488e+00 -2.406867742538452148e-01 -1.965174674987792969e-01 -1.764282137155532837e-01
