1.193032026290893555e+00 -1.211258411407470703e+00 1.242240786552429199e+00 -2.618014216423034668e-01 -2.070438861846923828e-01 -2.043390125036239624e-01
1.193156361579895020e+00 -1.211407065391540527e+00 1.241865992546081543e+00 -2.618441283702850342e-01 -2.070581316947937012e-01 -2.042032480239868164e-01
1.193474769592285156e+00 -1.211831212043762207e+00 1.240843415260314941e+00 -2.618950307369232178e-01 -2.070112228393554688e-01 -2.039964199066162109e-01
1.194599151611328125e+00 -1.212607264518737793e+00 1.237498641014099121e+00 -2.622938752174377441e-01 -2.067349106073379517e-01 -2.034420967102050781e-01
1.196783304214477539e+00 -1.215366840362548828e+00 1.230121850967407227e+00 -2.630669474601745605e-01 -2.067201733589172363e-01 -2.010687589645385742e-01
1.199793934822082520e+00 -1.220012187957763672e+00 1.216708779335021973e+00 -2.650327086448669434e-01 -2.060797512531280518e-01 -1.981785893440246582e-01
1.203053236007690430e+00 -1.223401904106140137e+00 1.209550619125366211e+00 -2.651978135108947754e-01 -2.070672065019607544e-01 -1.938168257474899292e-01
1.202990174293518066e+00 -1.224468946456909180e+00 1.205927252769470215e+00 -2.646229863166809082e-01 -2.059542089700698853e-01 -1.929464042186737061e-01
1.203794121742248535e+00 -1.223330616950988770e+00 1.205354690551757812e+00 -2.640586793422698975e-01 -2.058857977390289307e-01 -1.907848119735717773e-01
1.203769683837890625e+00 -1.222725629806518555e+00 1.204629778861999512e+00 -2.643297910690307617e-01 -2.059176564216613770e-01 -1.893356740474700928e-01
1.203972458839416504e+00 -1.222229719161987305e+00 1.204044699668884277e+00 -2.635852992534637451e-01 -2.056544125080108643e-01 -1.882160305976867676e-01
