1.226308226585388184e+00 -1.304140329360961914e+00 1.292588114738464355e+00 -1.444870680570602417e-01 -2.257710099220275879e-01 -2.138158679008483887e-01
1.225507140159606934e+00 -1.304071903228759766e+00 1.292434215545654297e+00 -1.445431262254714966e-01 -2.258388549089431763e-01 -2.136592566967010498e-01
1.223309278488159180e+00 -1.303884029388427734e+00 1.291993975639343262e+00 -1.446523666381835938e-01 -2.258957326412200928e-01 -2.134622335433959961e-01
1.217341780662536621e+00 -1.303365588188171387e+00 1.290852427482604980e+00 -1.452370882034301758e-01 -2.259919941425323486e-01 -2.126838713884353638e-01
1.201701045036315918e+00 -1.302547454833984375e+00 1.287964105606079102e+00 -1.463144272565841675e-01 -2.267768830060958862e-01 -2.104031294584274292e-01
1.174910187721252441e+00 -1.301118731498718262e+00 1.283985018730163574e+00 -1.479942649602890015e-01 -2.284200191497802734e-01 -2.074665874242782593e-01
1.157482743263244629e+00 -1.298897981643676758e+00 1.281932830810546875e+00 -1.496518850326538086e-01 -2.301919311285018921e-01 -2.055747359991073608e-01
1.152766108512878418e+00 -1.301140785217285156e+00 1.279660820960998535e+00 -1.503703594207763672e-01 -2.293835729360580444e-01 -2.056825906038284302e-01
1.151722550392150879e+00 -1.300553679466247559e+00 1.281268358230590820e+00 -1.497033238410949707e-01 -2.296490073204040527e-01 -2.061382830142974854e-01
1.150378823280334473e+00 -1.301419973373413086e+00 1.280795335769653320e+00 -1.494844555854797363e-01 -2.293421030044555664e-01 -2.061223089694976807e-01
1.151190161705017090e+00 -1.301698923110961914e+00 1.281614065170288086e+00 -1.490632742643356323e-01 -2.291720509529113770e-01 -2.063287049531936646e-01
