1.325512528419494629e+00 -1.195780754089355469e+00 1.058864116668701172e+00 -2.056477814912796021e-01 -8.729606866836547852e-02 -1.261816918849945068e-01
1.324868679046630859e+00 -1.195042848587036133e+00 1.059376478195190430e+00 -2.057323753833770752e-01 -8.750906586647033691e-02 -1.259503662586212158e-01
1.323159098625183105e+00 -1.192989349365234375e+00 1.060725688934326172e+00 -2.058409452438354492e-01 -8.772204816341400146e-02 -1.260106116533279419e-01
1.318184137344360352e+00 -1.187554597854614258e+00 1.064712643623352051e+00 -2.062866687774658203e-01 -8.954308927059173584e-02 -1.238630563020706177e-01
1.305852413177490234e+00 -1.173922419548034668e+00 1.074353814125061035e+00 -2.068602144718170166e-01 -9.313147515058517456e-02 -1.199141070246696472e-01
1.284072875976562500e+00 -1.147920012474060059e+00 1.089119791984558105e+00 -2.062590122222900391e-01 -9.485474973917007446e-02 -1.163434535264968872e-01
1.267323255538940430e+00 -1.135429739952087402e+00 1.103306889533996582e+00 -2.082280516624450684e-01 -9.889509528875350952e-02 -1.147644370794296265e-01
1.264082074165344238e+00 -1.130707740783691406e+00 1.108723044395446777e+00 -2.096672654151916504e-01 -1.016130894422531128e-01 -1.146937012672424316e-01
1.263112306594848633e+00 -1.131170868873596191e+00 1.107565641403198242e+00 -2.111022472381591797e-01 -1.015597060322761536e-01 -1.160315349698066711e-01
1.262522935867309570e+00 -1.131196975708007812e+00 1.107489228248596191e+00 -2.131633162498474121e-01 -1.017253696918487549e-01 -1.154880821704864502e-01
1.262899279594421387e+00 -1.131068468093872070e+00 1.107875704765319824e+00 -2.145498842000961304e-01 -1.010793596506118774e-01 -1.168193221092224121e-01
