1.136386632919311523e+00 -1.216335058212280273e+00 1.379389762878417969e+00 -1.435619741678237915e-01 -2.623880505561828613e-01 -3.146454095840454102e-01
1.137060165405273438e+00 -1.216552734375000000e+00 1.377590537071228027e+00 -1.439878493547439575e-01 -2.624464035034179688e-01 -3.140202164649963379e-01
1.138911128044128418e+00 -1.217187285423278809e+00 1.372684240341186523e+00 -1.451162546873092651e-01 -2.626419365406036377e-01 -3.123569190502166748e-01
1.143743634223937988e+00 -1.218950510025024414e+00 1.359452724456787109e+00 -1.483507901430130005e-01 -2.632692754268646240e-01 -3.067516684532165527e-01
1.156883358955383301e+00 -1.222355961799621582e+00 1.324598431587219238e+00 -1.560908704996109009e-01 -2.649712264537811279e-01 -2.941558659076690674e-01
1.178262829780578613e+00 -1.228691339492797852e+00 1.263376235961914062e+00 -1.693264842033386230e-01 -2.742437422275543213e-01 -2.665497660636901855e-01
1.189975619316101074e+00 -1.236506462097167969e+00 1.233146071434020996e+00 -1.811214834451675415e-01 -2.839218378067016602e-01 -2.453227788209915161e-01
1.194315314292907715e+00 -1.235989809036254883e+00 1.220752596855163574e+00 -1.822274625301361084e-01 -2.811598479747772217e-01 -2.447465360164642334e-01
1.194990873336791992e+00 -1.235082268714904785e+00 1.219143271446228027e+00 -1.829119920730590820e-01 -2.810157835483551025e-01 -2.436853647232055664e-01
1.195958137512207031e+00 -1.234212040901184082e+00 1.218344211578369141e+00 -1.837618499994277954e-01 -2.816139459609985352e-01 -2.424771636724472046e-01
1.195697546005249023e+00 -1.234274029731750488e+00 1.217196702957153320e+00 -1.853997111320495605e-01 -2.823076844215393066e-01 -2.415761500597000122e-01
