1.304130554199218750e+00 -1.204607129096984863e+00 1.219913959503173828e+00 -2.283413261175155640e-01 -2.922788262367248535e-01 -2.176619768142700195e-01
1.302857637405395508e+00 -1.205110073089599609e+00 1.220022082328796387e+00 -2.282675355672836304e-01 -2.919970452785491943e-01 -2.182420790195465088e-01
1.299361586570739746e+00 -1.206500411033630371e+00 1.220354914665222168e+00 -2.280807942152023315e-01 -2.912333011627197266e-01 -2.198316305875778198e-01
1.289849996566772461e+00 -1.210380077362060547e+00 1.221313953399658203e+00 -2.268338054418563843e-01 -2.904169857501983643e-01 -2.224628627300262451e-01
1.265089631080627441e+00 -1.219630718231201172e+00 1.223288416862487793e+00 -2.257084399461746216e-01 -2.862697839736938477e-01 -2.302934378385543823e-01
1.222827315330505371e+00 -1.236177086830139160e+00 1.225663423538208008e+00 -2.222316712141036987e-01 -2.782549560070037842e-01 -2.462481707334518433e-01
1.196053743362426758e+00 -1.243083477020263672e+00 1.228335857391357422e+00 -2.196278572082519531e-01 -2.781146168708801270e-01 -2.457570135593414307e-01
1.190237402915954590e+00 -1.244258284568786621e+00 1.226114869117736816e+00 -2.169905006885528564e-01 -2.757419645786285400e-01 -2.480583935976028442e-01
1.188601970672607422e+00 -1.246016502380371094e+00 1.227839589118957520e+00 -2.149379253387451172e-01 -2.749189734458923340e-01 -2.497329115867614746e-01
1.188140153884887695e+00 -1.246012449264526367e+00 1.227635502815246582e+00 -2.139748930931091309e-01 -2.733582258224487305e-01 -2.518419921398162842e-01
1.187691092491149902e+00 -1.245905995368957520e+00 1.226864576339721680e+00 -2.136437445878982544e-01 -2.724780142307281494e-01 -2.525343596935272217e-01
