1.172600030899047852e+00 -1.254081606864929199e+00 1.276048541069030762e+00 -1.769939363002777100e-01 -2.130551040172576904e-01 -1.729048043489456177e-01
1.172969460487365723e+00 -1.253703355789184570e+00 1.275213837623596191e+00 -1.770454049110412598e-01 -2.128959149122238159e-01 -1.729767024517059326e-01
1.174020767211914062e+00 -1.252600431442260742e+00 1.272862076759338379e+00 -1.771836280822753906e-01 -2.125125229358673096e-01 -1.730392873287200928e-01
1.176906228065490723e+00 -1.249709486961364746e+00 1.266463041305541992e+00 -1.777332127094268799e-01 -2.114677727222442627e-01 -1.732704490423202515e-01
1.183698534965515137e+00 -1.242146968841552734e+00 1.250749707221984863e+00 -1.790279448032379150e-01 -2.088583558797836304e-01 -1.740614920854568481e-01
1.196744084358215332e+00 -1.229091405868530273e+00 1.222642183303833008e+00 -1.809168457984924316e-01 -2.044988423585891724e-01 -1.742015182971954346e-01
1.201210141181945801e+00 -1.224759817123413086e+00 1.210116982460021973e+00 -1.819210350513458252e-01 -2.030023336410522461e-01 -1.728425174951553345e-01
1.203426361083984375e+00 -1.222808718681335449e+00 1.205017566680908203e+00 -1.827071905136108398e-01 -2.020394504070281982e-01 -1.727124750614166260e-01
1.206298112869262695e+00 -1.219665169715881348e+00 1.199912905693054199e+00 -1.834980845451354980e-01 -2.008080482482910156e-01 -1.731969118118286133e-01
1.206710338592529297e+00 -1.217256784439086914e+00 1.199155092239379883e+00 -1.834910660982131958e-01 -2.006105780601501465e-01 -1.731655001640319824e-01
1.207496881484985352e+00 -1.216859698295593262e+00 1.198985934257507324e+00 -1.837551593780517578e-01 -2.001902461051940918e-01 -1.734748482704162598e-01
