1.280594587326049805e+00 -1.099490880966186523e+00 1.083141922950744629e+00 -1.869251132011413574e-01 -2.857889533042907715e-01 -2.183219492435455322e-01
1.247152805328369141e+00 -1.066402912139892578e+00 1.092315435409545898e+00 -1.796150207519531250e-01 -2.717328369617462158e-01 -2.287610471248626709e-01
1.285304069519042969e+00 -1.047548413276672363e+00 1.108183622360229492e+00 -1.783675849437713623e-01 -2.751321792602539062e-01 -2.331198304891586304e-01
1.288370966911315918e+00 -1.057634115219116211e+00 1.097952485084533691e+00 -1.787350028753280640e-01 -2.715966403484344482e-01 -2.387261986732482910e-01
1.281620264053344727e+00 -1.062505364418029785e+00 1.091225981712341309e+00 -1.805834025144577026e-01 -2.719417810440063477e-01 -2.386721670627593994e-01
1.280765414237976074e+00 -1.063040256500244141e+00 1.090532898902893066e+00 -1.816639751195907593e-01 -2.732276618480682373e-01 -2.386350482702255249e-01
1.280152320861816406e+00 -1.063378691673278809e+00 1.089417815208435059e+00 -1.822364777326583862e-01 -2.733951508998870850e-01 -2.401854097843170166e-01
1.280081033706665039e+00 -1.064100503921508789e+00 1.089286327362060547e+00 -1.824653446674346924e-01 -2.738147974014282227e-01 -2.416197508573532104e-01
1.280481338500976562e+00 -1.063782453536987305e+00 1.090070486068725586e+00 -1.833517104387283325e-01 -2.755483686923980713e-01 -2.413719296455383301e-01
1.277585983276367188e+00 -1.063556551933288574e+00 1.090327501296997070e+00 -1.834107488393783569e-01 -2.761488556861877441e-01 -2.425526827573776245e-01
