1.227981328964233398e+00 -1.209836125373840332e+00 1.195586085319519043e+00 -2.340599596500396729e-01 -1.937112212181091309e-01 -1.859443485736846924e-01
1.125764727592468262e+00 -1.254009485244750977e+00 1.271555662155151367e+00 -2.372269034385681152e-01 -1.874222010374069214e-01 -1.990050822496414185e-01
1.053000092506408691e+00 -1.226524233818054199e+00 1.411111593246459961e+00 -2.263559699058532715e-01 -1.817071735858917236e-01 -2.176163196563720703e-01
1.063763022422790527e+00 -1.083615422248840332e+00 1.476348161697387695e+00 -2.148197293281555176e-01 -1.807308346033096313e-01 -2.203166782855987549e-01
1.178471565246582031e+00 -1.014463901519775391e+00 1.475571155548095703e+00 -2.249684482812881470e-01 -1.928808987140655518e-01 -2.088400423526763916e-01
1.254903912544250488e+00 -1.023428916931152344e+00 1.370457887649536133e+00 -2.333839386701583862e-01 -2.025955766439437866e-01 -1.830124408006668091e-01
1.287274599075317383e+00 -1.095686316490173340e+00 1.269130349159240723e+00 -2.448929101228713989e-01 -1.992084980010986328e-01 -1.709121316671371460e-01
1.236659407615661621e+00 -1.207778453826904297e+00 1.239213109016418457e+00 -2.443921566009521484e-01 -1.902604699134826660e-01 -1.852582395076751709e-01
1.108814954757690430e+00 -1.248168587684631348e+00 1.292006134986877441e+00 -2.448739409446716309e-01 -1.824749112129211426e-01 -1.970781385898590088e-01
1.050888538360595703e+00 -1.207625269889831543e+00 1.427480936050415039e+00 -2.385399490594863892e-01 -1.829834580421447754e-01 -2.050634473562240601e-01
