1.237364053726196289e+00 -1.182852387428283691e+00 1.163133621215820312e+00 -2.293821871280670166e-01 -1.682029068470001221e-01 -1.733530163764953613e-01
1.240084886550903320e+00 -1.169623970985412598e+00 1.223244071006774902e+00 -2.299942970275878906e-01 -1.781850457191467285e-01 -1.674970537424087524e-01
1.230129361152648926e+00 -1.143091678619384766e+00 1.253734350204467773e+00 -2.249301820993423462e-01 -1.756362020969390869e-01 -1.723228543996810913e-01
1.245014190673828125e+00 -1.122721910476684570e+00 1.270644307136535645e+00 -2.244964689016342163e-01 -1.778507828712463379e-01 -1.748081594705581665e-01
1.254638195037841797e+00 -1.118746757507324219e+00 1.271400928497314453e+00 -2.264201045036315918e-01 -1.809687316417694092e-01 -1.735630333423614502e-01
1.256757140159606934e+00 -1.121194839477539062e+00 1.266345739364624023e+00 -2.273601591587066650e-01 -1.815232783555984497e-01 -1.749311834573745728e-01
1.256969928741455078e+00 -1.122692704200744629e+00 1.259755611419677734e+00 -2.285804748535156250e-01 -1.827166378498077393e-01 -1.752938777208328247e-01
1.259119033813476562e+00 -1.125832080841064453e+00 1.255945086479187012e+00 -2.298070192337036133e-01 -1.837034523487091064e-01 -1.759683042764663696e-01
1.258699178695678711e+00 -1.127963304519653320e+00 1.251949787139892578e+00 -2.307721674442291260e-01 -1.839159280061721802e-01 -1.774936318397521973e-01
1.259720563888549805e+00 -1.129202723503112793e+00 1.249021410942077637e+00 -2.320464551448822021e-01 -1.850152313709259033e-01 -1.778130233287811279e-01
