1.202676177024841309e+00 -1.207855105400085449e+00 1.210415005683898926e+00 -2.094858735799789429e-01 -2.332750558853149414e-01 -2.069922983646392822e-01
1.056991815567016602e+00 -1.189361572265625000e+00 1.120613455772399902e+00 -2.034558802843093872e-01 -1.926103234291076660e-01 -2.205459326505661011e-01
1.083991885185241699e+00 -1.228229880332946777e+00 1.216237425804138184e+00 -1.960866004228591919e-01 -2.059987783432006836e-01 -2.111851423978805542e-01
1.031295061111450195e+00 -1.186449885368347168e+00 1.239553928375244141e+00 -1.802617460489273071e-01 -1.805413365364074707e-01 -2.328949123620986938e-01
1.065766811370849609e+00 -1.154908418655395508e+00 1.283339381217956543e+00 -1.890398263931274414e-01 -2.000189870595932007e-01 -2.112820893526077271e-01
1.080314040184020996e+00 -1.153517365455627441e+00 1.282075643539428711e+00 -1.897478103637695312e-01 -2.013807296752929688e-01 -2.121035456657409668e-01
1.081904053688049316e+00 -1.156120300292968750e+00 1.274877667427062988e+00 -1.913369297981262207e-01 -2.018528282642364502e-01 -2.112867087125778198e-01
1.085095524787902832e+00 -1.159902215003967285e+00 1.265187978744506836e+00 -1.927744597196578979e-01 -2.016078680753707886e-01 -2.116360366344451904e-01
1.085922002792358398e+00 -1.161972641944885254e+00 1.254795074462890625e+00 -1.927158534526824951e-01 -1.985412389039993286e-01 -2.149868458509445190e-01
1.089275956153869629e+00 -1.162989258766174316e+00 1.248759508132934570e+00 -1.946781277656555176e-01 -2.008534371852874756e-01 -2.125923186540603638e-01
