1.208619713783264160e+00 -1.215283870697021484e+00 1.199696302413940430e+00 -2.095305919647216797e-01 -2.166686207056045532e-01 -1.723756641149520874e-01
1.107846379280090332e+00 -1.036431550979614258e+00 1.102242946624755859e+00 -2.217553555965423584e-01 -1.765705943107604980e-01 -2.364694476127624512e-01
1.289401888847351074e+00 -1.147481083869934082e+00 1.198120355606079102e+00 -2.100913077592849731e-01 -2.014305442571640015e-01 -2.435985803604125977e-01
1.165351271629333496e+00 -1.042895555496215820e+00 1.020925164222717285e+00 -2.407834529876708984e-01 -2.155584394931793213e-01 -1.627982854843139648e-01
1.275466799736022949e+00 -1.229705929756164551e+00 1.145434379577636719e+00 -2.200870662927627563e-01 -2.344508618116378784e-01 -1.940489411354064941e-01
1.084988355636596680e+00 -1.091456055641174316e+00 1.048163533210754395e+00 -2.362436205148696899e-01 -1.989167928695678711e-01 -2.185370326042175293e-01
1.232891678810119629e+00 -1.197469234466552734e+00 1.230775952339172363e+00 -2.171047925949096680e-01 -2.548039555549621582e-01 -2.226872742176055908e-01
1.121953368186950684e+00 -1.010307669639587402e+00 1.078154444694519043e+00 -2.427986711263656616e-01 -2.274594157934188843e-01 -2.156385332345962524e-01
1.309047937393188477e+00 -1.180014848709106445e+00 1.190319538116455078e+00 -2.225699275732040405e-01 -2.495196163654327393e-01 -2.467560172080993652e-01
1.126203894615173340e+00 -1.052862882614135742e+00 1.006799340248107910e+00 -2.589031755924224854e-01 -2.464206516742706299e-01 -1.700758337974548340e-01
