1.206779122352600098e+00 -1.222682476043701172e+00 1.200963020324707031e+00 -1.821250021457672119e-01 -1.881199628114700317e-01 -2.118149399757385254e-01
1.175406932830810547e+00 -1.134926319122314453e+00 1.036320328712463379e+00 -2.053312063217163086e-01 -1.703951060771942139e-01 -2.095390707254409790e-01
1.253081560134887695e+00 -1.312588810920715332e+00 1.061873555183410645e+00 -1.845567077398300171e-01 -1.696472913026809692e-01 -2.151521444320678711e-01
1.073568105697631836e+00 -1.260691165924072266e+00 9.975196719169616699e-01 -2.008188962936401367e-01 -1.672243624925613403e-01 -2.080635875463485718e-01
1.113521218299865723e+00 -1.341472625732421875e+00 1.177804708480834961e+00 -1.778947263956069946e-01 -2.056564986705780029e-01 -1.935919970273971558e-01
1.059101939201354980e+00 -1.148064374923706055e+00 1.126749873161315918e+00 -1.987344324588775635e-01 -1.752001792192459106e-01 -2.625783085823059082e-01
1.249647498130798340e+00 -1.225671291351318359e+00 1.179065227508544922e+00 -1.779780685901641846e-01 -1.654836535453796387e-01 -2.701874971389770508e-01
1.154465556144714355e+00 -1.182305932044982910e+00 1.019629359245300293e+00 -1.977604627609252930e-01 -2.143606692552566528e-01 -1.405800729990005493e-01
1.202604770660400391e+00 -1.322810888290405273e+00 1.087094068527221680e+00 -1.799777150154113770e-01 -1.742673665285110474e-01 -2.277625501155853271e-01
1.067940711975097656e+00 -1.238021969795227051e+00 1.047263503074645996e+00 -1.994231641292572021e-01 -1.718628108501434326e-01 -2.220233231782913208e-01
