1.208099246025085449e+00 -1.218162178993225098e+00 1.198790431022644043e+00 -2.184001803398132324e-01 -1.858107447624206543e-01 -1.968186646699905396e-01
1.290041446685791016e+00 -1.201716303825378418e+00 1.120795011520385742e+00 -2.297342717647552490e-01 -1.946543008089065552e-01 -1.346344351768493652e-01
1.298239350318908691e+00 -1.273661494255065918e+00 1.034417390823364258e+00 -2.339649200439453125e-01 -1.763656288385391235e-01 -1.478410661220550537e-01
1.223027706146240234e+00 -1.349284052848815918e+00 1.017603278160095215e+00 -2.282656282186508179e-01 -1.708731353282928467e-01 -1.410732120275497437e-01
1.151152014732360840e+00 -1.358897089958190918e+00 1.086534142494201660e+00 -2.235556691884994507e-01 -1.619986742734909058e-01 -1.696512401103973389e-01
1.141113758087158203e+00 -1.307443022727966309e+00 1.174190521240234375e+00 -2.150293886661529541e-01 -1.637530624866485596e-01 -1.686749458312988281e-01
1.202074527740478516e+00 -1.220195889472961426e+00 1.182878971099853516e+00 -2.215885221958160400e-01 -1.673340797424316406e-01 -1.578788459300994873e-01
1.291408896446228027e+00 -1.210588097572326660e+00 1.120123386383056641e+00 -2.258616387844085693e-01 -1.613095253705978394e-01 -1.376630663871765137e-01
1.290207266807556152e+00 -1.274075984954833984e+00 1.033925175666809082e+00 -2.267501950263977051e-01 -1.474277228116989136e-01 -1.281948089599609375e-01
1.222908020019531250e+00 -1.350197911262512207e+00 1.024465203285217285e+00 -2.200155258178710938e-01 -1.342058181762695312e-01 -1.391122788190841675e-01
