1.196912288665771484e+00 -1.233866810798645020e+00 1.216172814369201660e+00 -2.058446109294891357e-01 -1.910532861948013306e-01 -1.887527406215667725e-01
1.184603810310363770e+00 -1.328513503074645996e+00 1.160268425941467285e+00 -2.121378779411315918e-01 -1.931506246328353882e-01 -1.606324464082717896e-01
1.088134646415710449e+00 -1.373259067535400391e+00 1.159441471099853516e+00 -2.218291461467742920e-01 -1.656148582696914673e-01 -1.900204271078109741e-01
1.034667134284973145e+00 -1.370745658874511719e+00 1.251326203346252441e+00 -2.110397517681121826e-01 -1.834645271301269531e-01 -1.694473326206207275e-01
1.038439512252807617e+00 -1.278368711471557617e+00 1.303368449211120605e+00 -2.118623405694961548e-01 -1.699972748756408691e-01 -1.930268406867980957e-01
1.134842038154602051e+00 -1.229756355285644531e+00 1.306415796279907227e+00 -2.323268800973892212e-01 -1.785223335027694702e-01 -1.585641503334045410e-01
1.190475344657897949e+00 -1.231489300727844238e+00 1.216813325881958008e+00 -2.419971674680709839e-01 -1.726062446832656860e-01 -1.390637457370758057e-01
1.188071250915527344e+00 -1.322973847389221191e+00 1.162841439247131348e+00 -2.440150231122970581e-01 -1.649064868688583374e-01 -1.397302597761154175e-01
1.093183636665344238e+00 -1.370544314384460449e+00 1.156241893768310547e+00 -2.476866990327835083e-01 -1.482019573450088501e-01 -1.511325538158416748e-01
1.037260174751281738e+00 -1.373706221580505371e+00 1.248101115226745605e+00 -2.393934875726699829e-01 -1.549926847219467163e-01 -1.448901742696762085e-01
