1.235159516334533691e+00 -1.178379893302917480e+00 1.162927150726318359e+00 -1.747208386659622192e-01 -1.111995726823806763e-01 -1.084067374467849731e-01
1.247046589851379395e+00 -1.188607692718505859e+00 1.113524556159973145e+00 -1.812164336442947388e-01 -1.084174811840057373e-01 -1.166950166225433350e-01
1.252476572990417480e+00 -1.206739664077758789e+00 1.072534084320068359e+00 -1.843931674957275391e-01 -1.150194853544235229e-01 -9.799744188785552979e-02
1.266627669334411621e+00 -1.177373290061950684e+00 1.000045537948608398e+00 -1.893322169780731201e-01 -1.085004657506942749e-01 -9.910327196121215820e-02
1.288653373718261719e+00 -1.244858384132385254e+00 9.716380834579467773e-01 -1.913086473941802979e-01 -1.192021965980529785e-01 -6.824754178524017334e-02
1.218445062637329102e+00 -1.264482736587524414e+00 9.583759903907775879e-01 -2.023618072271347046e-01 -1.001100540161132812e-01 -1.196941435337066650e-01
1.210883021354675293e+00 -1.271555662155151367e+00 1.018500924110412598e+00 -2.052475512027740479e-01 -1.238273084163665771e-01 -8.692246675491333008e-02
1.203763246536254883e+00 -1.225424647331237793e+00 1.041812181472778320e+00 -2.115788906812667847e-01 -1.197066828608512878e-01 -1.094276905059814453e-01
1.252259492874145508e+00 -1.202770233154296875e+00 1.041458249092102051e+00 -2.165817022323608398e-01 -1.318283081054687500e-01 -7.210013270378112793e-02
1.265254616737365723e+00 -1.207766413688659668e+00 9.955292344093322754e-01 -2.179935574531555176e-01 -1.210016310214996338e-01 -8.048738539218902588e-02
