1.191078066825866699e+00 -1.254253268241882324e+00 1.232602596282958984e+00 -7.788963615894317627e-02 -1.792218089103698730e-01 -1.816349178552627563e-01
1.072770714759826660e+00 -1.242168784141540527e+00 1.074281215667724609e+00 -7.432296872138977051e-02 -1.898787915706634521e-01 -2.371708005666732788e-01
1.078105926513671875e+00 -1.367263555526733398e+00 1.169411540031433105e+00 -5.665003880858421326e-02 -2.193427383899688721e-01 -2.197903245687484741e-01
9.538871645927429199e-01 -1.283002138137817383e+00 1.177489638328552246e+00 -7.559297978878021240e-02 -2.469860315322875977e-01 -3.380532264709472656e-01
1.007675528526306152e+00 -1.302526831626892090e+00 1.328614830970764160e+00 -4.955984279513359070e-02 -3.258109092712402344e-01 -1.928062140941619873e-01
1.027662515640258789e+00 -1.130520343780517578e+00 1.236625194549560547e+00 -9.403408318758010864e-02 -3.149777054786682129e-01 -3.448913991451263428e-01
1.187168240547180176e+00 -1.249843597412109375e+00 1.241174101829528809e+00 -8.076643943786621094e-02 -3.446642458438873291e-01 -3.292973041534423828e-01
1.073287963867187500e+00 -1.241448998451232910e+00 1.083915233612060547e+00 -1.357162147760391235e-01 -3.783094584941864014e-01 -2.692781984806060791e-01
1.074163317680358887e+00 -1.367178559303283691e+00 1.178045392036437988e+00 -1.081342250108718872e-01 -3.834047317504882812e-01 -2.857300341129302979e-01
9.580495953559875488e-01 -1.271828889846801758e+00 1.178776025772094727e+00 -1.708922982215881348e-01 -3.862126767635345459e-01 -3.722317218780517578e-01
