1.197424292564392090e+00 -1.235982775688171387e+00 1.218008995056152344e+00 -1.259369105100631714e-01 -1.969194412231445312e-01 -1.860540658235549927e-01
1.065017580986022949e+00 -1.345510482788085938e+00 1.359233140945434570e+00 -1.174795627593994141e-01 -1.893824785947799683e-01 -1.927271485328674316e-01
9.089662432670593262e-01 -1.216194272041320801e+00 1.487254619598388672e+00 -1.334104984998703003e-01 -1.910012960433959961e-01 -2.367153018712997437e-01
1.005898118019104004e+00 -1.059182524681091309e+00 1.632070899009704590e+00 -1.495965123176574707e-01 -2.251742780208587646e-01 -1.733135432004928589e-01
1.142725586891174316e+00 -9.300584197044372559e-01 1.552400350570678711e+00 -1.755937188863754272e-01 -2.185970842838287354e-01 -1.782987415790557861e-01
1.305444240570068359e+00 -9.989439845085144043e-01 1.435375928878784180e+00 -2.165157198905944824e-01 -2.314659059047698975e-01 -1.256330609321594238e-01
1.278302788734436035e+00 -1.131979703903198242e+00 1.273013472557067871e+00 -2.282304167747497559e-01 -2.169613242149353027e-01 -1.192611381411552429e-01
1.161562085151672363e+00 -1.305416822433471680e+00 1.306383013725280762e+00 -2.260323464870452881e-01 -2.074830532073974609e-01 -1.278544962406158447e-01
9.718530774116516113e-01 -1.279445290565490723e+00 1.400134563446044922e+00 -2.311073988676071167e-01 -1.845854222774505615e-01 -1.969400346279144287e-01
9.657611846923828125e-01 -1.156510710716247559e+00 1.576309084892272949e+00 -2.548667192459106445e-01 -2.068879306316375732e-01 -1.481878012418746948e-01
