1.194330930709838867e+00 -1.235618829727172852e+00 1.218290805816650391e+00 -2.045354694128036499e-01 -2.864282131195068359e-01 -2.181441038846969604e-01
1.176064848899841309e+00 -1.230075716972351074e+00 1.054000735282897949e+00 -2.445908039808273315e-01 -2.566927373409271240e-01 -2.173036038875579834e-01
1.189761757850646973e+00 -1.337044715881347656e+00 1.009803652763366699e+00 -2.370205521583557129e-01 -2.722170948982238770e-01 -2.210828065872192383e-01
1.081631422042846680e+00 -1.351120948791503906e+00 9.861890077590942383e-01 -2.218397557735443115e-01 -2.596262395381927490e-01 -2.305850684642791748e-01
1.067661523818969727e+00 -1.366020321846008301e+00 1.082152366638183594e+00 -1.871492415666580200e-01 -2.804808318614959717e-01 -2.698755562305450439e-01
1.049363613128662109e+00 -1.308279156684875488e+00 1.132087588310241699e+00 -1.866651475429534912e-01 -2.937991023063659668e-01 -2.634117901325225830e-01
1.101355552673339844e+00 -1.288659811019897461e+00 1.171790003776550293e+00 -1.864128410816192627e-01 -3.015643954277038574e-01 -2.554630637168884277e-01
1.124106168746948242e+00 -1.261739373207092285e+00 1.134584546089172363e+00 -2.101991325616836548e-01 -2.993260025978088379e-01 -2.459379136562347412e-01
1.146739006042480469e+00 -1.298838615417480469e+00 1.106414198875427246e+00 -2.144298851490020752e-01 -2.971915900707244873e-01 -2.512787282466888428e-01
1.109456896781921387e+00 -1.314905881881713867e+00 1.076541423797607422e+00 -2.269314080476760864e-01 -2.993387579917907715e-01 -2.359724938869476318e-01
