1.227371692657470703e+00 -1.206044554710388184e+00 1.160791635513305664e+00 -1.166331842541694641e-01 -1.083454787731170654e-01 -2.303043156862258911e-01
1.422664880752563477e+00 -1.040448665618896484e+00 1.208249449729919434e+00 -1.512826830148696899e-01 -1.635424494743347168e-01 -1.472561508417129517e-01
1.518672943115234375e+00 -1.012351512908935547e+00 1.051369547843933105e+00 -1.818315386772155762e-01 -1.446212679147720337e-01 -1.504237353801727295e-01
1.590304851531982422e+00 -1.030752658843994141e+00 7.877414226531982422e-01 -2.116953283548355103e-01 -1.605187654495239258e-01 -6.169565394520759583e-02
1.540702581405639648e+00 -1.272611975669860840e+00 6.582499146461486816e-01 -2.320696264505386353e-01 -1.489865183830261230e-01 -5.668406933546066284e-02
1.309031486511230469e+00 -1.377889752388000488e+00 7.316009402275085449e-01 -2.287365049123764038e-01 -1.254997849464416504e-01 -5.828826129436492920e-02
1.267713069915771484e+00 -1.350924730300903320e+00 9.834362268447875977e-01 -2.070273607969284058e-01 -9.381413459777832031e-02 -9.002304077148437500e-02
1.326048493385314941e+00 -1.123058199882507324e+00 1.069027423858642578e+00 -1.903447955846786499e-01 -7.424096018075942993e-02 -1.037105470895767212e-01
1.523440718650817871e+00 -1.055076837539672852e+00 1.007061839103698730e+00 -2.025458812713623047e-01 -8.995392173528671265e-02 -7.855910807847976685e-02
1.544741749763488770e+00 -1.079978823661804199e+00 7.890458703041076660e-01 -2.120359539985656738e-01 -8.460448682308197021e-02 -5.025024712085723877e-02
