1.227121353149414062e+00 -1.184823989868164062e+00 1.164651393890380859e+00 -2.364445775747299194e-01 -2.410255968570709229e-01 -2.029548138380050659e-01
1.360960721969604492e+00 -1.153051018714904785e+00 1.138993978500366211e+00 -2.534857988357543945e-01 -2.640589177608489990e-01 -1.791400313377380371e-01
1.363608479499816895e+00 -1.199247241020202637e+00 1.033132076263427734e+00 -2.746030092239379883e-01 -2.464235424995422363e-01 -1.859827041625976562e-01
1.327421784400939941e+00 -1.280007600784301758e+00 9.995624423027038574e-01 -2.808443307876586914e-01 -2.643367052078247070e-01 -1.587248146533966064e-01
1.251589179039001465e+00 -1.308431863784790039e+00 1.032654643058776855e+00 -2.715906202793121338e-01 -2.383656054735183716e-01 -1.818176507949829102e-01
1.233086228370666504e+00 -1.278311491012573242e+00 1.108741164207458496e+00 -2.609516382217407227e-01 -2.401186972856521606e-01 -1.802794337272644043e-01
1.255456447601318359e+00 -1.227790117263793945e+00 1.153598070144653320e+00 -2.494299411773681641e-01 -2.335098981857299805e-01 -1.928379088640213013e-01
1.302646994590759277e+00 -1.185848236083984375e+00 1.135738253593444824e+00 -2.560626864433288574e-01 -2.369811832904815674e-01 -1.789237260818481445e-01
1.345210433006286621e+00 -1.193544745445251465e+00 1.078076004981994629e+00 -2.656148076057434082e-01 -2.402455806732177734e-01 -1.757407188415527344e-01
1.334825515747070312e+00 -1.240219950675964355e+00 1.026520967483520508e+00 -2.745483517646789551e-01 -2.385638505220413208e-01 -1.694593876600265503e-01
