1.224703311920166016e+00 -1.191367864608764648e+00 1.174629211425781250e+00 -3.135820031166076660e-01 -2.421440184116363525e-01 -2.205041944980621338e-01
1.241201758384704590e+00 -1.209921121597290039e+00 1.136283040046691895e+00 -3.198512792587280273e-01 -2.442987859249114990e-01 -2.123145312070846558e-01
1.222509503364562988e+00 -1.243506550788879395e+00 1.114031314849853516e+00 -3.207216858863830566e-01 -2.410516887903213501e-01 -2.084542214870452881e-01
1.197353005409240723e+00 -1.249961972236633301e+00 1.119981527328491211e+00 -3.188723623752593994e-01 -2.352280318737030029e-01 -2.106262743473052979e-01
1.193000674247741699e+00 -1.242476940155029297e+00 1.145453095436096191e+00 -3.088243305683135986e-01 -2.317379415035247803e-01 -2.135565876960754395e-01
1.193182706832885742e+00 -1.232447862625122070e+00 1.163214683532714844e+00 -3.011636435985565186e-01 -2.284880131483078003e-01 -2.172475904226303101e-01
1.196833848953247070e+00 -1.225380897521972656e+00 1.173348546028137207e+00 -2.917721271514892578e-01 -2.249492704868316650e-01 -2.212615162134170532e-01
1.200634598731994629e+00 -1.221455454826354980e+00 1.174253582954406738e+00 -2.882386147975921631e-01 -2.224353253841400146e-01 -2.242165356874465942e-01
1.203919410705566406e+00 -1.221501946449279785e+00 1.173752307891845703e+00 -2.865915000438690186e-01 -2.197347432374954224e-01 -2.241367995738983154e-01
1.204327464103698730e+00 -1.222847700119018555e+00 1.169477820396423340e+00 -2.851226627826690674e-01 -2.180060148239135742e-01 -2.246132045984268188e-01
