1.215982317924499512e+00 -1.216681122779846191e+00 1.211978077888488770e+00 -2.361623644828796387e-01 -2.587670683860778809e-01 -2.406345605850219727e-01
1.189189791679382324e+00 -1.220166683197021484e+00 1.273235917091369629e+00 -2.301970124244689941e-01 -2.716059088706970215e-01 -2.363395094871520996e-01
1.168863892555236816e+00 -1.187847495079040527e+00 1.335157155990600586e+00 -2.274899929761886597e-01 -2.781411111354827881e-01 -2.509793043136596680e-01
1.173913955688476562e+00 -1.141190290451049805e+00 1.353247046470642090e+00 -2.242357879877090454e-01 -2.817845046520233154e-01 -2.528428733348846436e-01
1.199183464050292969e+00 -1.137912154197692871e+00 1.353491187095642090e+00 -2.234316468238830566e-01 -2.819479405879974365e-01 -2.521903216838836670e-01
1.197711825370788574e+00 -1.143492102622985840e+00 1.331964969635009766e+00 -2.275552749633789062e-01 -2.786479890346527100e-01 -2.505584955215454102e-01
1.211150765419006348e+00 -1.145689249038696289e+00 1.316105604171752930e+00 -2.310774177312850952e-01 -2.816610038280487061e-01 -2.440116107463836670e-01
1.209281563758850098e+00 -1.161909222602844238e+00 1.301860570907592773e+00 -2.328843325376510620e-01 -2.793617248535156250e-01 -2.436787188053131104e-01
1.201252341270446777e+00 -1.167524099349975586e+00 1.293383359909057617e+00 -2.346285432577133179e-01 -2.777937948703765869e-01 -2.437483817338943481e-01
1.200114369392395020e+00 -1.169099807739257812e+00 1.293433785438537598e+00 -2.356741428375244141e-01 -2.781149744987487793e-01 -2.409531623125076294e-01
