1.209021091461181641e+00 -1.208516955375671387e+00 1.193029284477233887e+00 -2.508564293384552002e-01 -4.120206534862518311e-01 -2.978664338588714600e-01
1.228161215782165527e+00 -1.211229205131530762e+00 1.199875473976135254e+00 -2.576878368854522705e-01 -4.226303696632385254e-01 -2.827376127243041992e-01
1.218524098396301270e+00 -1.214462995529174805e+00 1.192129015922546387e+00 -2.607166171073913574e-01 -4.180619120597839355e-01 -2.823939621448516846e-01
1.219177961349487305e+00 -1.215136408805847168e+00 1.193886041641235352e+00 -2.610062062740325928e-01 -4.155913293361663818e-01 -2.814876139163970947e-01
1.217856526374816895e+00 -1.214604258537292480e+00 1.194129943847656250e+00 -2.629615366458892822e-01 -4.179744422435760498e-01 -2.746891379356384277e-01
1.218448400497436523e+00 -1.214680433273315430e+00 1.195454120635986328e+00 -2.602320015430450439e-01 -4.161394834518432617e-01 -2.769051790237426758e-01
1.218581676483154297e+00 -1.213030099868774414e+00 1.194585919380187988e+00 -2.609075009822845459e-01 -4.144024550914764404e-01 -2.770243287086486816e-01
1.220109224319458008e+00 -1.213241457939147949e+00 1.193591713905334473e+00 -2.613123953342437744e-01 -4.111587405204772949e-01 -2.758072018623352051e-01
1.219470024108886719e+00 -1.214670062065124512e+00 1.193863749504089355e+00 -2.607009112834930420e-01 -4.061000049114227295e-01 -2.762210369110107422e-01
1.218632578849792480e+00 -1.215216994285583496e+00 1.195366024971008301e+00 -2.606899440288543701e-01 -4.062967002391815186e-01 -2.743875682353973389e-01
