1.239574670791625977e+00 -1.236277461051940918e+00 1.208375096321105957e+00 -2.402331829071044922e-01 -2.382904440164566040e-01 -1.935102641582489014e-01
1.239410638809204102e+00 -1.235758900642395020e+00 1.207994937896728516e+00 -2.405084222555160522e-01 -2.381391227245330811e-01 -1.934910565614700317e-01
1.238991260528564453e+00 -1.234276890754699707e+00 1.206901788711547852e+00 -2.412141263484954834e-01 -2.376898229122161865e-01 -1.933901011943817139e-01
1.237724661827087402e+00 -1.230402827262878418e+00 1.204119563102722168e+00 -2.428409606218338013e-01 -2.362896949052810669e-01 -1.930560171604156494e-01
1.234323024749755859e+00 -1.220635771751403809e+00 1.197250247001647949e+00 -2.475677281618118286e-01 -2.335138469934463501e-01 -1.928569823503494263e-01
1.230104446411132812e+00 -1.200931191444396973e+00 1.182615995407104492e+00 -2.567297816276550293e-01 -2.292931079864501953e-01 -1.930526196956634521e-01
1.230343580245971680e+00 -1.183947920799255371e+00 1.168464541435241699e+00 -2.614242136478424072e-01 -2.252529859542846680e-01 -1.897683292627334595e-01
1.231845498085021973e+00 -1.178214788436889648e+00 1.162790417671203613e+00 -2.600207924842834473e-01 -2.242192924022674561e-01 -1.862882673740386963e-01
1.232662796974182129e+00 -1.176767468452453613e+00 1.161537647247314453e+00 -2.591105997562408447e-01 -2.251856029033660889e-01 -1.848232150077819824e-01
1.233274579048156738e+00 -1.175911307334899902e+00 1.160632252693176270e+00 -2.588871717453002930e-01 -2.256904244422912598e-01 -1.853463947772979736e-01
1.233575940132141113e+00 -1.175832629203796387e+00 1.159922361373901367e+00 -2.584264576435089111e-01 -2.248006463050842285e-01 -1.881590932607650757e-01
