1.280837059020996094e+00 -1.262595772743225098e+00 1.199406862258911133e+00 -1.422439366579055786e-01 -2.429157793521881104e-01 -1.954488754272460938e-01
1.280031085014343262e+00 -1.262120604515075684e+00 1.199419856071472168e+00 -1.427088081836700439e-01 -2.425322830677032471e-01 -1.953243911266326904e-01
1.277792692184448242e+00 -1.260840654373168945e+00 1.199497580528259277e+00 -1.439998298883438110e-01 -2.416471391916275024e-01 -1.951086819171905518e-01
1.271537542343139648e+00 -1.257539153099060059e+00 1.199935913085937500e+00 -1.472755819559097290e-01 -2.395937144756317139e-01 -1.943992078304290771e-01
1.256191611289978027e+00 -1.248565554618835449e+00 1.200439929962158203e+00 -1.552973091602325439e-01 -2.313504666090011597e-01 -1.904892027378082275e-01
1.230076432228088379e+00 -1.230974078178405762e+00 1.199958562850952148e+00 -1.735537648200988770e-01 -2.157957851886749268e-01 -1.855054795742034912e-01
1.212002754211425781e+00 -1.220200300216674805e+00 1.201082229614257812e+00 -1.910216212272644043e-01 -2.089525759220123291e-01 -1.867595463991165161e-01
1.207009911537170410e+00 -1.219656705856323242e+00 1.203128099441528320e+00 -1.960945129394531250e-01 -2.109729647636413574e-01 -1.866632997989654541e-01
1.205724954605102539e+00 -1.220521926879882812e+00 1.204548478126525879e+00 -1.967893689870834351e-01 -2.123963236808776855e-01 -1.848915219306945801e-01
1.206056475639343262e+00 -1.219968199729919434e+00 1.204133987426757812e+00 -1.976211071014404297e-01 -2.125712484121322632e-01 -1.830877959728240967e-01
1.207274436950683594e+00 -1.218566536903381348e+00 1.203114748001098633e+00 -1.976255476474761963e-01 -2.139789909124374390e-01 -1.822853684425354004e-01
