1.174289584159851074e+00 -1.241958737373352051e+00 1.427128911018371582e+00 -2.432751804590225220e-01 -4.035443365573883057e-01 -2.603535950183868408e-01
1.174644351005554199e+00 -1.241875410079956055e+00 1.424852728843688965e+00 -2.434571087360382080e-01 -4.029332101345062256e-01 -2.609357535839080811e-01
1.175649762153625488e+00 -1.241566061973571777e+00 1.418503999710083008e+00 -2.439696043729782104e-01 -4.011827409267425537e-01 -2.625093460083007812e-01
1.178304433822631836e+00 -1.240553617477416992e+00 1.400997161865234375e+00 -2.457085251808166504e-01 -3.960990309715270996e-01 -2.665541470050811768e-01
1.185034751892089844e+00 -1.237243771553039551e+00 1.355894207954406738e+00 -2.513102889060974121e-01 -3.826328217983245850e-01 -2.754380702972412109e-01
1.196504116058349609e+00 -1.229563951492309570e+00 1.275224208831787109e+00 -2.617213129997253418e-01 -3.564340174198150635e-01 -2.833695113658905029e-01
1.200473308563232422e+00 -1.227030634880065918e+00 1.225614428520202637e+00 -2.684338390827178955e-01 -3.373991250991821289e-01 -2.787109613418579102e-01
1.200752258300781250e+00 -1.226601719856262207e+00 1.215227365493774414e+00 -2.717310786247253418e-01 -3.335664570331573486e-01 -2.738407850265502930e-01
1.200874209403991699e+00 -1.226462721824645996e+00 1.213329553604125977e+00 -2.738252580165863037e-01 -3.333557248115539551e-01 -2.744427919387817383e-01
1.201635599136352539e+00 -1.225889682769775391e+00 1.212302803993225098e+00 -2.740436494350433350e-01 -3.327902853488922119e-01 -2.747930288314819336e-01
1.201813697814941406e+00 -1.225023269653320312e+00 1.210752367973327637e+00 -2.728616595268249512e-01 -3.309939503669738770e-01 -2.708759307861328125e-01
