1.211143493652343750e+00 -1.417841315269470215e+00 1.010015130043029785e+00 -1.031812950968742371e-01 -7.396956533193588257e-02 -3.072531819343566895e-01
1.210707306861877441e+00 -1.416443943977355957e+00 1.012868285179138184e+00 -1.032635271549224854e-01 -7.453844696283340454e-02 -3.054499924182891846e-01
1.209395647048950195e+00 -1.412765502929687500e+00 1.020850896835327148e+00 -1.035517826676368713e-01 -7.614481449127197266e-02 -3.005729019641876221e-01
1.205638170242309570e+00 -1.402880430221557617e+00 1.042764663696289062e+00 -1.050154343247413635e-01 -8.091619610786437988e-02 -2.874742746353149414e-01
1.197037816047668457e+00 -1.375236749649047852e+00 1.096382260322570801e+00 -1.119789481163024902e-01 -9.315608441829681396e-02 -2.536423802375793457e-01
1.182271480560302734e+00 -1.322484493255615234e+00 1.185969710350036621e+00 -1.344946622848510742e-01 -1.153464168310165405e-01 -1.981170028448104858e-01
1.175198316574096680e+00 -1.281404614448547363e+00 1.238107323646545410e+00 -1.632808595895767212e-01 -1.284589469432830811e-01 -1.625810861587524414e-01
1.174408078193664551e+00 -1.271120429039001465e+00 1.249674320220947266e+00 -1.774461716413497925e-01 -1.332302987575531006e-01 -1.519317924976348877e-01
1.174481153488159180e+00 -1.269085645675659180e+00 1.251412749290466309e+00 -1.895344555377960205e-01 -1.357595771551132202e-01 -1.472215205430984497e-01
1.175575494766235352e+00 -1.266994953155517578e+00 1.249952793121337891e+00 -2.062227725982666016e-01 -1.354763805866241455e-01 -1.468564420938491821e-01
1.176892876625061035e+00 -1.266057133674621582e+00 1.249606966972351074e+00 -2.200146764516830444e-01 -1.376897692680358887e-01 -1.452722847461700439e-01
