1.039237856864929199e+00 -1.150126457214355469e+00 1.232079982757568359e+00 -1.696168333292007446e-01 -1.400564908981323242e-01 -1.851429194211959839e-01
1.041036605834960938e+00 -1.150976896286010742e+00 1.231935262680053711e+00 -1.699126958847045898e-01 -1.405723392963409424e-01 -1.845388412475585938e-01
1.045953273773193359e+00 -1.153359174728393555e+00 1.231565237045288086e+00 -1.706921458244323730e-01 -1.419059336185455322e-01 -1.829421967267990112e-01
1.059410452842712402e+00 -1.159769535064697266e+00 1.230407834053039551e+00 -1.726348102092742920e-01 -1.452081203460693359e-01 -1.790313124656677246e-01
1.093644499778747559e+00 -1.176042079925537109e+00 1.227309226989746094e+00 -1.763283461332321167e-01 -1.536777317523956299e-01 -1.692216098308563232e-01
1.153082489967346191e+00 -1.205814361572265625e+00 1.221937775611877441e+00 -1.806755661964416504e-01 -1.660362482070922852e-01 -1.554711312055587769e-01
1.192271232604980469e+00 -1.224876761436462402e+00 1.216594457626342773e+00 -1.860971301794052124e-01 -1.698363721370697021e-01 -1.582956314086914062e-01
1.201515674591064453e+00 -1.228414773941040039e+00 1.214732766151428223e+00 -1.924554258584976196e-01 -1.718880534172058105e-01 -1.596673280000686646e-01
1.202675104141235352e+00 -1.228445887565612793e+00 1.213688731193542480e+00 -1.943941414356231689e-01 -1.745968759059906006e-01 -1.586854755878448486e-01
1.202884197235107422e+00 -1.228310823440551758e+00 1.213199138641357422e+00 -1.939592063426971436e-01 -1.761380583047866821e-01 -1.607182472944259644e-01
1.204016923904418945e+00 -1.227972030639648438e+00 1.213698506355285645e+00 -1.943946927785873413e-01 -1.762709915637969971e-01 -1.641712784767150879e-01
