1.123959660530090332e+00 -1.248057961463928223e+00 1.190845489501953125e+00 -2.061624675989151001e-01 -2.142078280448913574e-01 -1.962643712759017944e-01
1.125001907348632812e+00 -1.247591614723205566e+00 1.190879106521606445e+00 -2.062939703464508057e-01 -2.143574655055999756e-01 -1.962161660194396973e-01
1.127857923507690430e+00 -1.246289372444152832e+00 1.190936326980590820e+00 -2.066653519868850708e-01 -2.147281169891357422e-01 -1.960768252611160278e-01
1.135614871978759766e+00 -1.242713451385498047e+00 1.191092014312744141e+00 -2.079243957996368408e-01 -2.157367020845413208e-01 -1.957400292158126831e-01
1.154986858367919922e+00 -1.234191417694091797e+00 1.192105531692504883e+00 -2.114403843879699707e-01 -2.187750041484832764e-01 -1.949163824319839478e-01
1.186431765556335449e+00 -1.220823526382446289e+00 1.193723917007446289e+00 -2.165970057249069214e-01 -2.254745662212371826e-01 -1.943943500518798828e-01
1.205118656158447266e+00 -1.213265538215637207e+00 1.195297956466674805e+00 -2.220405191183090210e-01 -2.321585714817047119e-01 -1.948160529136657715e-01
1.209438562393188477e+00 -1.212395310401916504e+00 1.197278380393981934e+00 -2.286811918020248413e-01 -2.353496253490447998e-01 -1.972682178020477295e-01
1.209827542304992676e+00 -1.212850809097290039e+00 1.197878479957580566e+00 -2.381769418716430664e-01 -2.349408268928527832e-01 -2.018820047378540039e-01
1.210635304450988770e+00 -1.212455630302429199e+00 1.198186397552490234e+00 -2.455154359340667725e-01 -2.369047701358795166e-01 -2.033535838127136230e-01
1.210375070571899414e+00 -1.211186408996582031e+00 1.196714520454406738e+00 -2.497246563434600830e-01 -2.401879429817199707e-01 -2.028999477624893188e-01
