1.199171662330627441e+00 -1.234881520271301270e+00 1.221401214599609375e+00 -1.754193156957626343e-01 -2.209186255931854248e-01 -1.928830444812774658e-01
1.273176908493041992e+00 -1.198472023010253906e+00 1.257952570915222168e+00 -1.755093336105346680e-01 -2.281013876199722290e-01 -1.874300688505172729e-01
1.262420535087585449e+00 -1.225208640098571777e+00 1.260747551918029785e+00 -1.741020530462265015e-01 -2.262909263372421265e-01 -1.933040320873260498e-01
1.230547904968261719e+00 -1.228736400604248047e+00 1.275085330009460449e+00 -1.716877222061157227e-01 -2.266804426908493042e-01 -1.933284550905227661e-01
1.221532940864562988e+00 -1.222255945205688477e+00 1.316288352012634277e+00 -1.688207983970642090e-01 -2.312326580286026001e-01 -1.913958936929702759e-01
1.187343955039978027e+00 -1.226737141609191895e+00 1.374221801757812500e+00 -1.584611386060714722e-01 -2.315112054347991943e-01 -2.034839242696762085e-01
1.117792367935180664e+00 -1.236669182777404785e+00 1.480739235877990723e+00 -1.427624821662902832e-01 -2.387731522321701050e-01 -2.101133763790130615e-01
9.732143878936767578e-01 -1.242099523544311523e+00 1.655205130577087402e+00 -1.138928383588790894e-01 -2.484239041805267334e-01 -2.252268493175506592e-01
7.663904428482055664e-01 -1.155334830284118652e+00 1.876856923103332520e+00 -6.200427561998367310e-02 -2.526952624320983887e-01 -2.372275888919830322e-01
3.061081171035766602e-01 -1.110684394836425781e+00 1.909902453422546387e+00 -2.623346447944641113e-02 -2.561959624290466309e-01 -2.233193069696426392e-01
