1.209904432296752930e+00 -1.212580680847167969e+00 1.196297645568847656e+00 -2.013558596372604370e-01 -2.224309742450714111e-01 -1.920958459377288818e-01
1.233010530471801758e+00 -1.177581310272216797e+00 1.232516765594482422e+00 -1.982327103614807129e-01 -2.268752008676528931e-01 -1.943092048168182373e-01
1.263910293579101562e+00 -1.145626902580261230e+00 1.213371276855468750e+00 -2.012498974800109863e-01 -2.262543439865112305e-01 -1.900704503059387207e-01
1.297301530838012695e+00 -1.161012887954711914e+00 1.177332639694213867e+00 -2.083496153354644775e-01 -2.323062419891357422e-01 -1.746738255023956299e-01
1.283147215843200684e+00 -1.194467425346374512e+00 1.140508770942687988e+00 -2.115059047937393188e-01 -2.257597744464874268e-01 -1.814996302127838135e-01
1.251178383827209473e+00 -1.228378891944885254e+00 1.152436256408691406e+00 -2.100520730018615723e-01 -2.269947677850723267e-01 -1.860153675079345703e-01
1.217097640037536621e+00 -1.220348834991455078e+00 1.189747095108032227e+00 -2.057812213897705078e-01 -2.277734428644180298e-01 -1.949866116046905518e-01
1.225225090980529785e+00 -1.185713648796081543e+00 1.225648522377014160e+00 -2.029068022966384888e-01 -2.311212122440338135e-01 -1.976389884948730469e-01
1.257105231285095215e+00 -1.151285648345947266e+00 1.219728708267211914e+00 -2.051158696413040161e-01 -2.326181083917617798e-01 -1.930499672889709473e-01
1.291123628616333008e+00 -1.155445218086242676e+00 1.184085011482238770e+00 -2.111663520336151123e-01 -2.345082461833953857e-01 -1.866793036460876465e-01
