1.191257953643798828e+00 -1.225901365280151367e+00 1.220226883888244629e+00 -2.830568253993988037e-01 -1.686671823263168335e-01 -1.651803255081176758e-01
1.366571784019470215e+00 -1.272863030433654785e+00 1.020374894142150879e+00 -3.020115792751312256e-01 -1.583260297775268555e-01 -1.290514022111892700e-01
1.291702985763549805e+00 -1.436946630477905273e+00 8.116071224212646484e-01 -3.139368295669555664e-01 -1.429858952760696411e-01 -1.064498126506805420e-01
1.085010886192321777e+00 -1.598716378211975098e+00 8.392870426177978516e-01 -3.150894045829772949e-01 -1.168960928916931152e-01 -1.594651639461517334e-01
9.362863898277282715e-01 -1.563628315925598145e+00 1.046567559242248535e+00 -3.035648167133331299e-01 -1.191810518503189087e-01 -1.823056936264038086e-01
9.975618720054626465e-01 -1.379848241806030273e+00 1.215048193931579590e+00 -2.936306297779083252e-01 -1.253763586282730103e-01 -1.808764636516571045e-01
1.203683733940124512e+00 -1.257907032966613770e+00 1.193349361419677734e+00 -3.053820431232452393e-01 -1.409538984298706055e-01 -1.413820236921310425e-01
1.332929968833923340e+00 -1.293614745140075684e+00 9.999455213546752930e-01 -3.196052014827728271e-01 -1.320868432521820068e-01 -1.037282496690750122e-01
1.268097519874572754e+00 -1.459984779357910156e+00 8.422136902809143066e-01 -3.242305219173431396e-01 -1.167703047394752502e-01 -1.003653779625892639e-01
1.071941375732421875e+00 -1.570835947990417480e+00 8.699564337730407715e-01 -3.228202462196350098e-01 -9.798751771450042725e-02 -1.353686004877090454e-01
