1.207827448844909668e+00 -1.224172115325927734e+00 1.201672911643981934e+00 -2.044219076633453369e-01 -1.784575879573822021e-01 -1.714585274457931519e-01
1.170838117599487305e+00 -9.876338243484497070e-01 1.224439859390258789e+00 -1.960748434066772461e-01 -1.624708175659179688e-01 -1.709750294685363770e-01
1.427433967590332031e+00 -9.337140321731567383e-01 1.242137551307678223e+00 -2.160186767578125000e-01 -1.899589151144027710e-01 -1.147202029824256897e-01
1.431371212005615234e+00 -9.430973529815673828e-01 9.917429685592651367e-01 -2.299543470144271851e-01 -1.545445919036865234e-01 -1.233602464199066162e-01
1.416092753410339355e+00 -1.203486800193786621e+00 1.007340073585510254e+00 -2.344835847616195679e-01 -1.807111501693725586e-01 -8.754680305719375610e-02
1.152822136878967285e+00 -1.186870694160461426e+00 1.043785572052001953e+00 -2.137987613677978516e-01 -1.234312653541564941e-01 -1.566140949726104736e-01
1.216473460197448730e+00 -1.166213154792785645e+00 1.307971000671386719e+00 -2.002875506877899170e-01 -1.597815304994583130e-01 -1.604976803064346313e-01
1.210244894027709961e+00 -9.105439782142639160e-01 1.239410042762756348e+00 -1.971988826990127563e-01 -1.386516690254211426e-01 -1.561904251575469971e-01
1.509321093559265137e+00 -8.981656432151794434e-01 1.171740412712097168e+00 -2.116991728544235229e-01 -1.367308497428894043e-01 -1.344017684459686279e-01
1.466919302940368652e+00 -9.909963011741638184e-01 8.923095464706420898e-01 -2.354813069105148315e-01 -1.186977624893188477e-01 -9.982413053512573242e-02
