1.248290181159973145e+00 -1.136949539184570312e+00 1.131638169288635254e+00 -2.102176398038864136e-01 -2.593773007392883301e-01 -2.144103348255157471e-01
1.188810825347900391e+00 -1.212119579315185547e+00 1.052081584930419922e+00 -2.154917716979980469e-01 -2.478812038898468018e-01 -2.234373390674591064e-01
1.169533133506774902e+00 -1.174440741539001465e+00 1.018891453742980957e+00 -2.201943546533584595e-01 -2.503533959388732910e-01 -2.080689668655395508e-01
1.252238035202026367e+00 -1.109662771224975586e+00 9.449417591094970703e-01 -2.291481494903564453e-01 -2.428369969129562378e-01 -2.054254859685897827e-01
1.327577233314514160e+00 -1.099476337432861328e+00 7.710518240928649902e-01 -2.469364106655120850e-01 -2.200562953948974609e-01 -2.117432802915573120e-01
1.324409008026123047e+00 -1.118639469146728516e+00 5.524086952209472656e-01 -2.686099708080291748e-01 -1.947863996028900146e-01 -2.049669474363327026e-01
1.414783716201782227e+00 -9.662609100341796875e-01 4.645095467567443848e-01 -2.815670967102050781e-01 -2.187911570072174072e-01 -1.460603177547454834e-01
1.555060267448425293e+00 -8.359541893005371094e-01 2.650463581085205078e-01 -2.974345684051513672e-01 -2.369740456342697144e-01 -8.881752938032150269e-02
1.691886544227600098e+00 -5.724703073501586914e-01 1.193933188915252686e-01 -2.952887117862701416e-01 -2.720483541488647461e-01 -1.331851631402969360e-02
1.826283812522888184e+00 -3.292088508605957031e-01 -2.018749341368675232e-02 -2.837503254413604736e-01 -3.068116903305053711e-01 4.563607275485992432e-02
