1.010886311531066895e+00 -9.607243537902832031e-01 1.039951324462890625e+00 -2.304349839687347412e-01 -2.015914022922515869e-01 -1.424486041069030762e-01
1.013696908950805664e+00 -9.623288512229919434e-01 1.040407776832580566e+00 -2.302697896957397461e-01 -2.015080153942108154e-01 -1.430323123931884766e-01
1.021388292312622070e+00 -9.668478965759277344e-01 1.041778206825256348e+00 -2.298158705234527588e-01 -2.012743353843688965e-01 -1.446614563465118408e-01
1.041797518730163574e+00 -9.813116192817687988e-01 1.047617554664611816e+00 -2.285589277744293213e-01 -2.015996426343917847e-01 -1.481478512287139893e-01
1.093292355537414551e+00 -1.021679639816284180e+00 1.067407369613647461e+00 -2.260620892047882080e-01 -2.041182965040206909e-01 -1.549480259418487549e-01
1.188688158988952637e+00 -1.081386089324951172e+00 1.089941143989562988e+00 -2.126051187515258789e-01 -1.926740109920501709e-01 -1.945342719554901123e-01
1.242623329162597656e+00 -1.126224517822265625e+00 1.121844649314880371e+00 -2.121258825063705444e-01 -2.105843424797058105e-01 -1.772997379302978516e-01
1.243939042091369629e+00 -1.155393362045288086e+00 1.136372804641723633e+00 -2.091721445322036743e-01 -2.100987583398818970e-01 -1.823014765977859497e-01
1.237219214439392090e+00 -1.170061111450195312e+00 1.154031634330749512e+00 -2.045138180255889893e-01 -2.086188048124313354e-01 -1.881775856018066406e-01
1.237977981567382812e+00 -1.172303318977355957e+00 1.157401919364929199e+00 -2.021836638450622559e-01 -2.065581977367401123e-01 -1.911572664976119995e-01
1.226249933242797852e+00 -1.191469430923461914e+00 1.177142024040222168e+00 -1.998520642518997192e-01 -2.091544419527053833e-01 -1.909804344177246094e-01
