1.117403864860534668e+00 -1.294997811317443848e+00 1.187734246253967285e+00 -1.720073521137237549e-01 -1.986723989248275757e-01 -2.241887897253036499e-01
1.118461012840270996e+00 -1.294044137001037598e+00 1.187850594520568848e+00 -1.721041500568389893e-01 -1.988417804241180420e-01 -2.238748669624328613e-01
1.121391177177429199e+00 -1.291361093521118164e+00 1.188071131706237793e+00 -1.724123954772949219e-01 -1.993079185485839844e-01 -2.229394912719726562e-01
1.129016876220703125e+00 -1.284360647201538086e+00 1.188939690589904785e+00 -1.729329228401184082e-01 -2.005097866058349609e-01 -2.208212912082672119e-01
1.148472428321838379e+00 -1.267257571220397949e+00 1.191882848739624023e+00 -1.747237294912338257e-01 -2.033652663230895996e-01 -2.156677246093750000e-01
1.183962583541870117e+00 -1.235106825828552246e+00 1.193706154823303223e+00 -1.773831993341445923e-01 -2.073408663272857666e-01 -2.076791226863861084e-01
1.211274981498718262e+00 -1.208199262619018555e+00 1.186133861541748047e+00 -1.795065999031066895e-01 -2.095552980899810791e-01 -2.020156085491180420e-01
1.222611546516418457e+00 -1.194124102592468262e+00 1.177218556404113770e+00 -1.818823814392089844e-01 -2.122247517108917236e-01 -1.941478550434112549e-01
1.222388505935668945e+00 -1.194624543190002441e+00 1.178004384040832520e+00 -1.825777888298034668e-01 -2.143602669239044189e-01 -1.902194619178771973e-01
1.220207691192626953e+00 -1.197349548339843750e+00 1.179828166961669922e+00 -1.822042465209960938e-01 -2.152449190616607666e-01 -1.883899718523025513e-01
1.221198558807373047e+00 -1.196196198463439941e+00 1.178884029388427734e+00 -1.825290024280548096e-01 -2.153829336166381836e-01 -1.872531324625015259e-01
