1.226614236831665039e+00 -1.195543527603149414e+00 1.228501200675964355e+00 -2.123569101095199585e-01 -2.554902434349060059e-01 -1.977930516004562378e-01
1.226460099220275879e+00 -1.195681571960449219e+00 1.228069663047790527e+00 -2.124004065990447998e-01 -2.553724050521850586e-01 -1.979099661111831665e-01
1.226047158241271973e+00 -1.196031928062438965e+00 1.226880788803100586e+00 -2.125117778778076172e-01 -2.551000714302062988e-01 -1.981452107429504395e-01
1.224708199501037598e+00 -1.197429180145263672e+00 1.224089264869689941e+00 -2.125912606716156006e-01 -2.541921734809875488e-01 -1.993428170680999756e-01
1.222616910934448242e+00 -1.198887825012207031e+00 1.215179443359375000e+00 -2.137733548879623413e-01 -2.530014514923095703e-01 -1.992165893316268921e-01
1.212217807769775391e+00 -1.210291385650634766e+00 1.207069873809814453e+00 -2.141156196594238281e-01 -2.509718537330627441e-01 -2.026568651199340820e-01
1.212649106979370117e+00 -1.208998084068298340e+00 1.194844484329223633e+00 -2.141157090663909912e-01 -2.462927252054214478e-01 -2.084296643733978271e-01
1.219074130058288574e+00 -1.198128104209899902e+00 1.182071089744567871e+00 -2.167166173458099365e-01 -2.458885461091995239e-01 -2.059672027826309204e-01
1.213144302368164062e+00 -1.207752466201782227e+00 1.190035343170166016e+00 -2.155601829290390015e-01 -2.469876557588577271e-01 -2.091332674026489258e-01
1.212136983871459961e+00 -1.208320021629333496e+00 1.190346240997314453e+00 -2.158200889825820923e-01 -2.477333247661590576e-01 -2.093127667903900146e-01
1.213327527046203613e+00 -1.207986712455749512e+00 1.190368294715881348e+00 -2.161656767129898071e-01 -2.480781674385070801e-01 -2.104762941598892212e-01
