1.304358005523681641e+00 -1.075205206871032715e+00 1.199190735816955566e+00 -2.392543107271194458e-01 -2.799475193023681641e-01 -2.308757901191711426e-01
1.303308606147766113e+00 -1.076829791069030762e+00 1.199251770973205566e+00 -2.391946762800216675e-01 -2.799249589443206787e-01 -2.310735881328582764e-01
1.300401926040649414e+00 -1.081328749656677246e+00 1.199383854866027832e+00 -2.390295267105102539e-01 -2.798563539981842041e-01 -2.316213846206665039e-01
1.292583346366882324e+00 -1.093430280685424805e+00 1.199959158897399902e+00 -2.385493069887161255e-01 -2.797237634658813477e-01 -2.330809533596038818e-01
1.271946191787719727e+00 -1.125663161277770996e+00 1.202673792839050293e+00 -2.370259761810302734e-01 -2.795978486537933350e-01 -2.370284646749496460e-01
1.237930417060852051e+00 -1.174099802970886230e+00 1.201830387115478516e+00 -2.353159487247467041e-01 -2.785727679729461670e-01 -2.425414025783538818e-01
1.211644649505615234e+00 -1.208249568939208984e+00 1.198933839797973633e+00 -2.341220080852508545e-01 -2.778550982475280762e-01 -2.459838986396789551e-01
1.212494730949401855e+00 -1.214154839515686035e+00 1.201016187667846680e+00 -2.331944108009338379e-01 -2.777930200099945068e-01 -2.473212182521820068e-01
1.206925153732299805e+00 -1.219144463539123535e+00 1.203130602836608887e+00 -2.323718667030334473e-01 -2.781004309654235840e-01 -2.476545572280883789e-01
1.206306934356689453e+00 -1.220641970634460449e+00 1.203410267829895020e+00 -2.318776547908782959e-01 -2.781996130943298340e-01 -2.476473748683929443e-01
1.205783367156982422e+00 -1.221610665321350098e+00 1.203548431396484375e+00 -2.314281463623046875e-01 -2.782848179340362549e-01 -2.475974857807159424e-01
