1.296497464179992676e+00 -1.137025833129882812e+00 1.178538918495178223e+00 -1.606661975383758545e-01 -6.492815166711807251e-02 -1.536725908517837524e-01
1.295516610145568848e+00 -1.137956380844116211e+00 1.178724884986877441e+00 -1.606044173240661621e-01 -6.496340781450271606e-02 -1.537485420703887939e-01
1.292826294898986816e+00 -1.140497922897338867e+00 1.179248094558715820e+00 -1.604349315166473389e-01 -6.506039202213287354e-02 -1.539552360773086548e-01
1.285578489303588867e+00 -1.147140026092529297e+00 1.180703163146972656e+00 -1.599923670291900635e-01 -6.533580273389816284e-02 -1.544921249151229858e-01
1.266962885856628418e+00 -1.164789557456970215e+00 1.185578703880310059e+00 -1.587557047605514526e-01 -6.619123369455337524e-02 -1.558967232704162598e-01
1.234882354736328125e+00 -1.196309328079223633e+00 1.186876893043518066e+00 -1.567066013813018799e-01 -6.683281809091567993e-02 -1.583090424537658691e-01
1.215720653533935547e+00 -1.216408371925354004e+00 1.192687749862670898e+00 -1.550252437591552734e-01 -6.845811009407043457e-02 -1.590514928102493286e-01
1.207419872283935547e+00 -1.221849679946899414e+00 1.194725394248962402e+00 -1.542828381061553955e-01 -6.970100849866867065e-02 -1.583884954452514648e-01
1.205876588821411133e+00 -1.223141670227050781e+00 1.193753719329833984e+00 -1.539205610752105713e-01 -7.069823890924453735e-02 -1.572145223617553711e-01
1.205551743507385254e+00 -1.223948478698730469e+00 1.193697690963745117e+00 -1.536109596490859985e-01 -7.152227312326431274e-02 -1.562724411487579346e-01
1.205276370048522949e+00 -1.224442243576049805e+00 1.193968892097473145e+00 -1.533058881759643555e-01 -7.229851186275482178e-02 -1.553984284400939941e-01
