1.189735293388366699e+00 -1.182277083396911621e+00 1.179666757583618164e+00 -1.969594359397888184e-01 -2.161138951778411865e-01 -2.242422848939895630e-01
1.189901471138000488e+00 -1.182671308517456055e+00 1.179878830909729004e+00 -1.969161331653594971e-01 -2.161425650119781494e-01 -2.243043035268783569e-01
1.190365672111511230e+00 -1.183766841888427734e+00 1.180465936660766602e+00 -1.967959403991699219e-01 -2.162225097417831421e-01 -2.244755476713180542e-01
1.191693305969238281e+00 -1.186758875846862793e+00 1.182016372680664062e+00 -1.964744776487350464e-01 -2.164450138807296753e-01 -2.249272018671035767e-01
1.194986701011657715e+00 -1.193159341812133789e+00 1.185253262519836426e+00 -1.957914829254150391e-01 -2.170933037996292114e-01 -2.257108986377716064e-01
1.199810147285461426e+00 -1.208436369895935059e+00 1.191074967384338379e+00 -1.943420171737670898e-01 -2.180486321449279785e-01 -2.277184724807739258e-01
1.203438997268676758e+00 -1.217556834220886230e+00 1.194045901298522949e+00 -1.933848708868026733e-01 -2.186900079250335693e-01 -2.288936823606491089e-01
1.206166982650756836e+00 -1.217162609100341797e+00 1.195037722587585449e+00 -1.931090652942657471e-01 -2.195587754249572754e-01 -2.281773239374160767e-01
1.207912564277648926e+00 -1.217618703842163086e+00 1.196387290954589844e+00 -1.927716135978698730e-01 -2.205182611942291260e-01 -2.274418026208877563e-01
1.208142638206481934e+00 -1.218335270881652832e+00 1.196703672409057617e+00 -1.924877911806106567e-01 -2.212159037590026855e-01 -2.267924845218658447e-01
1.207886576652526855e+00 -1.218702793121337891e+00 1.196752905845642090e+00 -1.922139674425125122e-01 -2.219168543815612793e-01 -2.260282039642333984e-01
