1.094280004501342773e+00 -1.312045335769653320e+00 1.345344185829162598e+00 -1.692057549953460693e-01 -2.335790544748306274e-01 -2.156968116760253906e-01
1.095609664916992188e+00 -1.310986995697021484e+00 1.343698382377624512e+00 -1.694273948669433594e-01 -2.333759814500808716e-01 -2.155810296535491943e-01
1.099261045455932617e+00 -1.308076620101928711e+00 1.339181065559387207e+00 -1.700336337089538574e-01 -2.328193485736846924e-01 -2.152599245309829712e-01
1.109236478805541992e+00 -1.299973368644714355e+00 1.326976537704467773e+00 -1.716802716255187988e-01 -2.313211262226104736e-01 -2.143495231866836548e-01
1.134558558464050293e+00 -1.279328107833862305e+00 1.296808958053588867e+00 -1.757642924785614014e-01 -2.277310341596603394e-01 -2.118485867977142334e-01
1.172219991683959961e+00 -1.247527003288269043e+00 1.239544868469238281e+00 -1.828404217958450317e-01 -2.210164666175842285e-01 -2.074926495552062988e-01
1.202705025672912598e+00 -1.218863129615783691e+00 1.207300186157226562e+00 -1.871192902326583862e-01 -2.183270454406738281e-01 -2.027480453252792358e-01
1.204006075859069824e+00 -1.220897674560546875e+00 1.204920053482055664e+00 -1.872740238904953003e-01 -2.189364135265350342e-01 -2.017723619937896729e-01
1.206132292747497559e+00 -1.218718171119689941e+00 1.202507734298706055e+00 -1.876201033592224121e-01 -2.195284962654113770e-01 -2.003210932016372681e-01
1.206196188926696777e+00 -1.217613220214843750e+00 1.200807571411132812e+00 -1.879070848226547241e-01 -2.199713587760925293e-01 -1.992767006158828735e-01
1.206495165824890137e+00 -1.217521071434020996e+00 1.200091004371643066e+00 -1.880101114511489868e-01 -2.204863727092742920e-01 -1.984532475471496582e-01
