1.163337588310241699e+00 -1.189557552337646484e+00 1.235054731369018555e+00 -2.079011201858520508e-01 -2.433970570564270020e-01 -2.104614078998565674e-01
1.163796782493591309e+00 -1.189896821975708008e+00 1.234679937362670898e+00 -2.079215496778488159e-01 -2.433418333530426025e-01 -2.105250358581542969e-01
1.165067315101623535e+00 -1.190846800804138184e+00 1.233647465705871582e+00 -2.079767286777496338e-01 -2.431897968053817749e-01 -2.107029110193252563e-01
1.168650984764099121e+00 -1.193317413330078125e+00 1.230830430984497070e+00 -2.081282138824462891e-01 -2.427883446216583252e-01 -2.111622095108032227e-01
1.176989555358886719e+00 -1.200444936752319336e+00 1.222764015197753906e+00 -2.085824906826019287e-01 -2.416576743125915527e-01 -2.123973071575164795e-01
1.195757031440734863e+00 -1.206843495368957520e+00 1.209659576416015625e+00 -2.094798237085342407e-01 -2.400254309177398682e-01 -2.138102948665618896e-01
1.200529575347900391e+00 -1.219668984413146973e+00 1.199551105499267578e+00 -2.095605134963989258e-01 -2.390998303890228271e-01 -2.149033397436141968e-01
1.203433036804199219e+00 -1.218659162521362305e+00 1.200656771659851074e+00 -2.088879197835922241e-01 -2.400960326194763184e-01 -2.139363139867782593e-01
1.204131603240966797e+00 -1.218987822532653809e+00 1.199579477310180664e+00 -2.084465622901916504e-01 -2.406643480062484741e-01 -2.130903154611587524e-01
1.204366564750671387e+00 -1.219499826431274414e+00 1.198675990104675293e+00 -2.080693989992141724e-01 -2.411758005619049072e-01 -2.123774886131286621e-01
1.204530954360961914e+00 -1.219644904136657715e+00 1.198447465896606445e+00 -2.076679021120071411e-01 -2.417494058609008789e-01 -2.116729319095611572e-01
