1.212948083877563477e+00 -1.177078604698181152e+00 1.182834863662719727e+00 -2.080319374799728394e-01 -2.124088108539581299e-01 -1.866980195045471191e-01
1.212900996208190918e+00 -1.177498579025268555e+00 1.183046698570251465e+00 -2.079994231462478638e-01 -2.124433368444442749e-01 -1.867470294237136841e-01
1.212766885757446289e+00 -1.178668856620788574e+00 1.183634400367736816e+00 -2.079086452722549438e-01 -2.125400602817535400e-01 -1.868828535079956055e-01
1.212504982948303223e+00 -1.181717753410339355e+00 1.185023784637451172e+00 -2.076846808195114136e-01 -2.127670943737030029e-01 -1.872432976961135864e-01
1.212261557579040527e+00 -1.189319849014282227e+00 1.188302278518676758e+00 -2.071568965911865234e-01 -2.133121490478515625e-01 -1.881187856197357178e-01
1.212261795997619629e+00 -1.200573921203613281e+00 1.195592164993286133e+00 -2.061992734670639038e-01 -2.146125882863998413e-01 -1.893229782581329346e-01
1.213050484657287598e+00 -1.207380056381225586e+00 1.198432207107543945e+00 -2.057896852493286133e-01 -2.157590687274932861e-01 -1.893719881772994995e-01
1.210085034370422363e+00 -1.210922837257385254e+00 1.198885917663574219e+00 -2.058277130126953125e-01 -2.169335186481475830e-01 -1.884035170078277588e-01
1.210723638534545898e+00 -1.212538599967956543e+00 1.199982047080993652e+00 -2.058151215314865112e-01 -2.181445956230163574e-01 -1.874893307685852051e-01
1.208947896957397461e+00 -1.212623357772827148e+00 1.201160311698913574e+00 -2.058946639299392700e-01 -2.194983065128326416e-01 -1.860664933919906616e-01
1.209918618202209473e+00 -1.212714552879333496e+00 1.201335906982421875e+00 -2.060577571392059326e-01 -2.205266356468200684e-01 -1.849876791238784790e-01
