1.238791465759277344e+00 -1.172045826911926270e+00 1.140308618545532227e+00 -1.957633942365646362e-01 -2.136397659778594971e-01 -1.963834166526794434e-01
1.207840919494628906e+00 -1.193457841873168945e+00 9.941676855087280273e-01 -2.218330949544906616e-01 -2.223424315452575684e-01 -1.817471385002136230e-01
1.231057405471801758e+00 -1.209104776382446289e+00 9.142042994499206543e-01 -2.347720265388488770e-01 -2.245069593191146851e-01 -1.670379340648651123e-01
1.219205141067504883e+00 -1.234580636024475098e+00 8.451264500617980957e-01 -2.436368614435195923e-01 -2.145148217678070068e-01 -1.788389384746551514e-01
1.198812842369079590e+00 -1.251607894897460938e+00 8.210632205009460449e-01 -2.454613447189331055e-01 -2.118873596191406250e-01 -1.747783422470092773e-01
1.190365910530090332e+00 -1.246600866317749023e+00 8.172307610511779785e-01 -2.467983216047286987e-01 -2.083583772182464600e-01 -1.705899685621261597e-01
1.199927568435668945e+00 -1.247055053710937500e+00 8.167249560356140137e-01 -2.457399815320968628e-01 -2.073927074670791626e-01 -1.669040769338607788e-01
1.195935606956481934e+00 -1.247914910316467285e+00 8.140401244163513184e-01 -2.446219325065612793e-01 -2.051361352205276489e-01 -1.640980541706085205e-01
1.195805668830871582e+00 -1.246849298477172852e+00 8.119375109672546387e-01 -2.433822304010391235e-01 -2.012166082859039307e-01 -1.624911129474639893e-01
1.197659134864807129e+00 -1.245003461837768555e+00 8.083422183990478516e-01 -2.420021295547485352e-01 -1.966211348772048950e-01 -1.599497199058532715e-01
