1.099661111831665039e+00 -1.174598693847656250e+00 1.034064650535583496e+00 -2.165219485759735107e-01 -1.318047940731048584e-01 -1.590597182512283325e-01
1.100817441940307617e+00 -1.175171136856079102e+00 1.035793304443359375e+00 -2.164633423089981079e-01 -1.321736276149749756e-01 -1.591027230024337769e-01
1.103945136070251465e+00 -1.176829814910888672e+00 1.040626168251037598e+00 -2.162787914276123047e-01 -1.331924945116043091e-01 -1.592679172754287720e-01
1.112338781356811523e+00 -1.181609392166137695e+00 1.054129362106323242e+00 -2.157309800386428833e-01 -1.362681835889816284e-01 -1.593753844499588013e-01
1.133408784866333008e+00 -1.193537831306457520e+00 1.089341759681701660e+00 -2.142460197210311890e-01 -1.438558250665664673e-01 -1.593555510044097900e-01
1.170008540153503418e+00 -1.212575078010559082e+00 1.151915788650512695e+00 -2.128727287054061890e-01 -1.570853888988494873e-01 -1.581003516912460327e-01
1.194438219070434570e+00 -1.221466660499572754e+00 1.192258238792419434e+00 -2.135728150606155396e-01 -1.672228872776031494e-01 -1.587584465742111206e-01
1.200087904930114746e+00 -1.224264860153198242e+00 1.203078389167785645e+00 -2.147072553634643555e-01 -1.711200624704360962e-01 -1.617030501365661621e-01
1.201749682426452637e+00 -1.222939014434814453e+00 1.203410267829895020e+00 -2.149150371551513672e-01 -1.731384098529815674e-01 -1.609049439430236816e-01
1.201442718505859375e+00 -1.223305225372314453e+00 1.204160809516906738e+00 -2.127726972103118896e-01 -1.724719107151031494e-01 -1.607374250888824463e-01
1.199491024017333984e+00 -1.224850654602050781e+00 1.204837203025817871e+00 -2.101455330848693848e-01 -1.714078933000564575e-01 -1.582366228103637695e-01
