1.204631209373474121e+00 -1.324418306350708008e+00 1.335178732872009277e+00 -1.456947326660156250e-01 -1.536487787961959839e-01 -7.511568069458007812e-02
1.203811287879943848e+00 -1.324552536010742188e+00 1.334997177124023438e+00 -1.457332819700241089e-01 -1.533077657222747803e-01 -7.604795694351196289e-02
1.201574802398681641e+00 -1.324880599975585938e+00 1.334441423416137695e+00 -1.458827555179595947e-01 -1.523740589618682861e-01 -7.846832275390625000e-02
1.195360898971557617e+00 -1.325938463211059570e+00 1.333150386810302734e+00 -1.463585644960403442e-01 -1.498779356479644775e-01 -8.458343148231506348e-02
1.178166985511779785e+00 -1.330683112144470215e+00 1.331920742988586426e+00 -1.467666625976562500e-01 -1.437380462884902954e-01 -1.000558286905288696e-01
1.139770030975341797e+00 -1.348923802375793457e+00 1.337555289268493652e+00 -1.470489054918289185e-01 -1.337125003337860107e-01 -1.296159625053405762e-01
1.095897793769836426e+00 -1.383359670639038086e+00 1.360715389251708984e+00 -1.453351974487304688e-01 -1.280369162559509277e-01 -1.455839574337005615e-01
1.061113357543945312e+00 -1.422309875488281250e+00 1.395583271980285645e+00 -1.434388756752014160e-01 -1.260260045528411865e-01 -1.517678946256637573e-01
1.026795625686645508e+00 -1.462482333183288574e+00 1.434898853302001953e+00 -1.419991850852966309e-01 -1.244548484683036804e-01 -1.607924848794937134e-01
9.932720065116882324e-01 -1.500914216041564941e+00 1.472909212112426758e+00 -1.397725194692611694e-01 -1.240192949771881104e-01 -1.674655228853225708e-01
9.599384665489196777e-01 -1.538982272148132324e+00 1.509035587310791016e+00 -1.344556808471679688e-01 -1.229525431990623474e-01 -1.721768975257873535e-01
