1.206360936164855957e+00 -1.455711245536804199e+00 8.725908994674682617e-01 -2.292937040328979492e-01 -1.623108536005020142e-01 -2.242152690887451172e-01
1.206757307052612305e+00 -1.453132987022399902e+00 8.763568997383117676e-01 -2.290884107351303101e-01 -1.629894524812698364e-01 -2.240974307060241699e-01
1.208096623420715332e+00 -1.445617675781250000e+00 8.866620063781738281e-01 -2.285482436418533325e-01 -1.648873984813690186e-01 -2.237803637981414795e-01
1.212575078010559082e+00 -1.423071622848510742e+00 9.139249324798583984e-01 -2.267159074544906616e-01 -1.701933890581130981e-01 -2.216684669256210327e-01
1.222811818122863770e+00 -1.361549139022827148e+00 9.774501919746398926e-01 -2.220619767904281616e-01 -1.834450066089630127e-01 -2.117638885974884033e-01
1.240386605262756348e+00 -1.245372176170349121e+00 1.066941857337951660e+00 -2.172691822052001953e-01 -2.032350003719329834e-01 -1.943949311971664429e-01
1.257089376449584961e+00 -1.154106974601745605e+00 1.102303385734558105e+00 -2.231759130954742432e-01 -2.174139171838760376e-01 -1.897550225257873535e-01
1.272188425064086914e+00 -1.113067388534545898e+00 1.089204430580139160e+00 -2.326781004667282104e-01 -2.241621613502502441e-01 -1.915529072284698486e-01
1.284127235412597656e+00 -1.089625239372253418e+00 1.069915771484375000e+00 -2.391316145658493042e-01 -2.285675406455993652e-01 -1.882377564907073975e-01
1.292519450187683105e+00 -1.073861598968505859e+00 1.054811120033264160e+00 -2.435263097286224365e-01 -2.319644391536712646e-01 -1.841431558132171631e-01
1.297332763671875000e+00 -1.064750313758850098e+00 1.046107053756713867e+00 -2.464105784893035889e-01 -2.339307516813278198e-01 -1.859652847051620483e-01
