1.180880546569824219e+00 -1.211905360221862793e+00 1.174040794372558594e+00 -2.433536648750305176e-01 -1.745547652244567871e-01 -1.181895360350608826e-01
1.181170821189880371e+00 -1.211999297142028809e+00 1.174364686012268066e+00 -2.432215213775634766e-01 -1.744360029697418213e-01 -1.185946464538574219e-01
1.182007431983947754e+00 -1.212221622467041016e+00 1.175220727920532227e+00 -2.428361922502517700e-01 -1.740330457687377930e-01 -1.198748871684074402e-01
1.184350609779357910e+00 -1.212685585021972656e+00 1.177483081817626953e+00 -2.419621050357818604e-01 -1.728899627923965454e-01 -1.236199438571929932e-01
1.190178275108337402e+00 -1.213903069496154785e+00 1.183513522148132324e+00 -2.404814362525939941e-01 -1.708133071660995483e-01 -1.315760016441345215e-01
1.201257467269897461e+00 -1.214739441871643066e+00 1.191874980926513672e+00 -2.376795262098312378e-01 -1.668078452348709106e-01 -1.458557695150375366e-01
1.208736300468444824e+00 -1.214648127555847168e+00 1.196107029914855957e+00 -2.360009849071502686e-01 -1.638005971908569336e-01 -1.555888056755065918e-01
1.210369229316711426e+00 -1.215154170989990234e+00 1.197791695594787598e+00 -2.367021441459655762e-01 -1.636009067296981812e-01 -1.588317453861236572e-01
1.209157943725585938e+00 -1.217249155044555664e+00 1.200111746788024902e+00 -2.379761785268783569e-01 -1.638689190149307251e-01 -1.621929705142974854e-01
1.209075927734375000e+00 -1.216943979263305664e+00 1.199938416481018066e+00 -2.393390685319900513e-01 -1.644934564828872681e-01 -1.633630990982055664e-01
1.208428382873535156e+00 -1.219720482826232910e+00 1.200231671333312988e+00 -2.396073937416076660e-01 -1.656060963869094849e-01 -1.612399369478225708e-01
