1.140550613403320312e+00 -1.159011244773864746e+00 1.162590384483337402e+00 -1.320444792509078979e-01 -2.966433167457580566e-01 -2.285297811031341553e-01
1.141274452209472656e+00 -1.159680008888244629e+00 1.163053870201110840e+00 -1.319571733474731445e-01 -2.967246770858764648e-01 -2.286608815193176270e-01
1.143284559249877930e+00 -1.161506533622741699e+00 1.164277315139770508e+00 -1.316693872213363647e-01 -2.968285679817199707e-01 -2.291938215494155884e-01
1.148711919784545898e+00 -1.166506528854370117e+00 1.167575955390930176e+00 -1.308723688125610352e-01 -2.967902123928070068e-01 -2.310871630907058716e-01
1.162748932838439941e+00 -1.178696751594543457e+00 1.175650596618652344e+00 -1.287866830825805664e-01 -2.966445088386535645e-01 -2.359178364276885986e-01
1.188478469848632812e+00 -1.198517680168151855e+00 1.187932848930358887e+00 -1.253159642219543457e-01 -2.967249751091003418e-01 -2.429458647966384888e-01
1.205195188522338867e+00 -1.212238192558288574e+00 1.195939779281616211e+00 -1.236746460199356079e-01 -2.970513403415679932e-01 -2.435390055179595947e-01
1.207225680351257324e+00 -1.216976761817932129e+00 1.200199365615844727e+00 -1.239651963114738464e-01 -2.976030111312866211e-01 -2.416862249374389648e-01
1.207193493843078613e+00 -1.216852664947509766e+00 1.200280666351318359e+00 -1.253458112478256226e-01 -2.975799739360809326e-01 -2.406207323074340820e-01
1.206230640411376953e+00 -1.218149900436401367e+00 1.201672434806823730e+00 -1.262119859457015991e-01 -2.971456348896026611e-01 -2.412217557430267334e-01
1.206008672714233398e+00 -1.219703793525695801e+00 1.203732132911682129e+00 -1.256805807352066040e-01 -2.958547770977020264e-01 -2.417361438274383545e-01
