1.233576178550720215e+00 -1.296465516090393066e+00 1.135957360267639160e+00 -2.404399812221527100e-01 -2.039477080106735229e-01 -2.184893190860748291e-01
1.233363628387451172e+00 -1.295475125312805176e+00 1.136566162109375000e+00 -2.404013574123382568e-01 -2.041211277246475220e-01 -2.181877940893173218e-01
1.232786774635314941e+00 -1.292756199836730957e+00 1.138229131698608398e+00 -2.402597516775131226e-01 -2.046050876379013062e-01 -2.172702848911285400e-01
1.231181263923645020e+00 -1.285362839698791504e+00 1.142827987670898438e+00 -2.397682070732116699e-01 -2.057777345180511475e-01 -2.149395495653152466e-01
1.226720690727233887e+00 -1.266504168510437012e+00 1.154435515403747559e+00 -2.389008104801177979e-01 -2.084432393312454224e-01 -2.100595831871032715e-01
1.218655943870544434e+00 -1.233764886856079102e+00 1.175397038459777832e+00 -2.378637939691543579e-01 -2.129493206739425659e-01 -2.008760273456573486e-01
1.213810563087463379e+00 -1.211631417274475098e+00 1.188158750534057617e+00 -2.350318580865859985e-01 -2.146517634391784668e-01 -1.939691901206970215e-01
1.212522625923156738e+00 -1.207911252975463867e+00 1.192264556884765625e+00 -2.320716381072998047e-01 -2.141732126474380493e-01 -1.943871378898620605e-01
1.211578369140625000e+00 -1.209279894828796387e+00 1.194226861000061035e+00 -2.297869771718978882e-01 -2.145148217678070068e-01 -1.948331147432327271e-01
1.212198972702026367e+00 -1.208627343177795410e+00 1.193695545196533203e+00 -2.281193882226943970e-01 -2.150674015283584595e-01 -1.931244432926177979e-01
1.215503931045532227e+00 -1.202348589897155762e+00 1.188372969627380371e+00 -2.279660105705261230e-01 -2.162865996360778809e-01 -1.903847306966781616e-01
