1.196335911750793457e+00 -9.180360436439514160e-01 1.441875576972961426e+00 -2.077178955078125000e-01 -3.599736094474792480e-01 -1.913393586874008179e-01
1.196540951728820801e+00 -9.210149049758911133e-01 1.439578056335449219e+00 -2.079768478870391846e-01 -3.597950041294097900e-01 -1.913242936134338379e-01
1.197312593460083008e+00 -9.295374155044555664e-01 1.432911872863769531e+00 -2.086514383554458618e-01 -3.593234717845916748e-01 -1.916856765747070312e-01
1.199605226516723633e+00 -9.527267813682556152e-01 1.414998292922973633e+00 -2.108289897441864014e-01 -3.575290441513061523e-01 -1.919871866703033447e-01
1.204776287078857422e+00 -1.018345952033996582e+00 1.358597397804260254e+00 -2.161691039800643921e-01 -3.494056463241577148e-01 -1.958497464656829834e-01
1.214418292045593262e+00 -1.121941447257995605e+00 1.279434442520141602e+00 -2.087614536285400391e-01 -3.051855564117431641e-01 -2.483356297016143799e-01
1.206494331359863281e+00 -1.201875329017639160e+00 1.216238975524902344e+00 -2.137739360332489014e-01 -3.050440251827239990e-01 -2.404418736696243286e-01
1.211089253425598145e+00 -1.211360335350036621e+00 1.210719227790832520e+00 -2.085637301206588745e-01 -3.001115918159484863e-01 -2.567114830017089844e-01
1.203389406204223633e+00 -1.223142981529235840e+00 1.207343339920043945e+00 -2.086713761091232300e-01 -3.023187220096588135e-01 -2.599970698356628418e-01
1.204269289970397949e+00 -1.222092747688293457e+00 1.208658337593078613e+00 -2.092467993497848511e-01 -3.045278191566467285e-01 -2.625754773616790771e-01
1.207049369812011719e+00 -1.220975995063781738e+00 1.208543419837951660e+00 -2.075988054275512695e-01 -3.037066161632537842e-01 -2.675356566905975342e-01
