1.148923039436340332e+00 -1.288587808609008789e+00 1.088981151580810547e+00 -2.258299887180328369e-01 -1.902345269918441772e-01 -2.222938239574432373e-01
1.149365544319152832e+00 -1.288093209266662598e+00 1.090481996536254883e+00 -2.257254719734191895e-01 -1.905667483806610107e-01 -2.220417112112045288e-01
1.150675773620605469e+00 -1.286432862281799316e+00 1.094205737113952637e+00 -2.255016714334487915e-01 -1.913799792528152466e-01 -2.213549017906188965e-01
1.154331684112548828e+00 -1.282788634300231934e+00 1.105411052703857422e+00 -2.246165871620178223e-01 -1.933385729789733887e-01 -2.203088849782943726e-01
1.165493965148925781e+00 -1.268476605415344238e+00 1.128801941871643066e+00 -2.229457050561904907e-01 -1.986610889434814453e-01 -2.153180986642837524e-01
1.189764380455017090e+00 -1.242806792259216309e+00 1.174368858337402344e+00 -2.179612815380096436e-01 -2.089210152626037598e-01 -2.084568142890930176e-01
1.200203537940979004e+00 -1.228240847587585449e+00 1.200834631919860840e+00 -2.160386741161346436e-01 -2.107254266738891602e-01 -2.075275629758834839e-01
1.204861164093017578e+00 -1.227363348007202148e+00 1.206798195838928223e+00 -2.147238552570343018e-01 -2.112816125154495239e-01 -2.108788192272186279e-01
1.202527284622192383e+00 -1.229660987854003906e+00 1.211952328681945801e+00 -2.131728678941726685e-01 -2.139148712158203125e-01 -2.118517905473709106e-01
1.204635977745056152e+00 -1.226007699966430664e+00 1.204988837242126465e+00 -2.131211757659912109e-01 -2.115238308906555176e-01 -2.145378887653350830e-01
1.208975791931152344e+00 -1.222716331481933594e+00 1.204440712928771973e+00 -2.131700217723846436e-01 -2.122983038425445557e-01 -2.133580744266510010e-01
