1.218227863311767578e+00 -1.195473551750183105e+00 1.240211963653564453e+00 -1.970806866884231567e-01 -2.220976352691650391e-01 -1.775907874107360840e-01
1.218162655830383301e+00 -1.195713281631469727e+00 1.239844441413879395e+00 -1.970968842506408691e-01 -2.220051288604736328e-01 -1.776987314224243164e-01
1.217934966087341309e+00 -1.196424007415771484e+00 1.238876819610595703e+00 -1.971378922462463379e-01 -2.217943519353866577e-01 -1.779643297195434570e-01
1.216243505477905273e+00 -1.200398325920104980e+00 1.237653732299804688e+00 -1.966502666473388672e-01 -2.209296524524688721e-01 -1.794897019863128662e-01
1.214999556541442871e+00 -1.203805088996887207e+00 1.229153275489807129e+00 -1.965351402759552002e-01 -2.184296101331710815e-01 -1.819346249103546143e-01
1.204715132713317871e+00 -1.222410678863525391e+00 1.224722623825073242e+00 -1.929978132247924805e-01 -2.175672352313995361e-01 -1.908699423074722290e-01
1.203691482543945312e+00 -1.224671363830566406e+00 1.211767196655273438e+00 -1.938486099243164062e-01 -2.170258760452270508e-01 -1.948831379413604736e-01
1.205313682556152344e+00 -1.221920132637023926e+00 1.205676794052124023e+00 -1.938372552394866943e-01 -2.186616361141204834e-01 -1.973089128732681274e-01
1.205785751342773438e+00 -1.216139674186706543e+00 1.203305125236511230e+00 -1.944532990455627441e-01 -2.194380760192871094e-01 -1.980086416006088257e-01
1.206808328628540039e+00 -1.222121119499206543e+00 1.206814050674438477e+00 -1.929213702678680420e-01 -2.228508293628692627e-01 -2.035020440816879272e-01
1.205547928810119629e+00 -1.218364238739013672e+00 1.201893806457519531e+00 -1.951656639575958252e-01 -2.254057526588439941e-01 -2.029461413621902466e-01
