1.205867409706115723e+00 -1.218460559844970703e+00 1.172222137451171875e+00 -2.024738341569900513e-01 -2.150490581989288330e-01 -2.029021084308624268e-01
1.205925226211547852e+00 -1.218424797058105469e+00 1.172527194023132324e+00 -2.024445831775665283e-01 -2.150865793228149414e-01 -2.028904408216476440e-01
1.206057548522949219e+00 -1.218314886093139648e+00 1.173337340354919434e+00 -2.023562341928482056e-01 -2.151560783386230469e-01 -2.029028236865997314e-01
1.206465363502502441e+00 -1.218070983886718750e+00 1.175433397293090820e+00 -2.022050917148590088e-01 -2.156295329332351685e-01 -2.027929127216339111e-01
1.207196831703186035e+00 -1.217447996139526367e+00 1.180811882019042969e+00 -2.013809531927108765e-01 -2.155095338821411133e-01 -2.028212249279022217e-01
1.209074020385742188e+00 -1.214148759841918945e+00 1.189620256423950195e+00 -2.005870491266250610e-01 -2.165935188531875610e-01 -2.028794586658477783e-01
1.210436224937438965e+00 -1.216382145881652832e+00 1.197548031806945801e+00 -2.004180252552032471e-01 -2.173431366682052612e-01 -2.036445140838623047e-01
1.206618428230285645e+00 -1.220344424247741699e+00 1.203418135643005371e+00 -2.001777738332748413e-01 -2.190467417240142822e-01 -2.041090577840805054e-01
1.206994533538818359e+00 -1.221932768821716309e+00 1.203661203384399414e+00 -1.989588290452957153e-01 -2.173554450273513794e-01 -2.057905197143554688e-01
1.206967592239379883e+00 -1.220141172409057617e+00 1.204214096069335938e+00 -2.000494003295898438e-01 -2.182593047618865967e-01 -2.049633264541625977e-01
1.204737424850463867e+00 -1.222429871559143066e+00 1.203141689300537109e+00 -1.999244242906570435e-01 -2.175023257732391357e-01 -2.045067250728607178e-01
