1.209794163703918457e+00 -1.213359951972961426e+00 1.202834606170654297e+00 -2.092570662498474121e-01 -2.208825796842575073e-01 -2.312466949224472046e-01
1.208811044692993164e+00 -1.217323422431945801e+00 1.200946807861328125e+00 -2.115829885005950928e-01 -2.297534942626953125e-01 -2.175812423229217529e-01
1.208390235900878906e+00 -1.217964291572570801e+00 1.201607346534729004e+00 -2.134746909141540527e-01 -2.333646714687347412e-01 -2.112706005573272705e-01
1.207249760627746582e+00 -1.218968391418457031e+00 1.201489686965942383e+00 -2.139823585748672485e-01 -2.342554330825805664e-01 -2.102845311164855957e-01
1.206854343414306641e+00 -1.219909191131591797e+00 1.201552033424377441e+00 -2.138032615184783936e-01 -2.347252219915390015e-01 -2.101822346448898315e-01
1.206977248191833496e+00 -1.219764232635498047e+00 1.202497720718383789e+00 -2.140494287014007568e-01 -2.350190430879592896e-01 -2.104301750659942627e-01
1.206491351127624512e+00 -1.220205664634704590e+00 1.202436089515686035e+00 -2.138958275318145752e-01 -2.360501140356063843e-01 -2.099499553442001343e-01
1.206284523010253906e+00 -1.220390200614929199e+00 1.202681422233581543e+00 -2.141675651073455811e-01 -2.359848916530609131e-01 -2.101542204618453979e-01
1.206125020980834961e+00 -1.220500826835632324e+00 1.202999949455261230e+00 -2.145185321569442749e-01 -2.361533939838409424e-01 -2.100233286619186401e-01
1.206065177917480469e+00 -1.220952391624450684e+00 1.203015208244323730e+00 -2.143107950687408447e-01 -2.363054454326629639e-01 -2.097009718418121338e-01
