1.208292961120605469e+00 -1.223663330078125000e+00 1.204948663711547852e+00 -2.481080293655395508e-01 -1.413234472274780273e-01 -1.719388514757156372e-01
1.206201314926147461e+00 -1.223520159721374512e+00 1.203197717666625977e+00 -2.482119053602218628e-01 -1.406947374343872070e-01 -1.711186021566390991e-01
1.206623196601867676e+00 -1.223445296287536621e+00 1.202894449234008789e+00 -2.497565597295761108e-01 -1.405289173126220703e-01 -1.680142134428024292e-01
1.206031560897827148e+00 -1.223019838333129883e+00 1.202369689941406250e+00 -2.500856220722198486e-01 -1.398913115262985229e-01 -1.665681600570678711e-01
1.206352591514587402e+00 -1.223234176635742188e+00 1.202087044715881348e+00 -2.506043016910552979e-01 -1.396700739860534668e-01 -1.650626808404922485e-01
1.206470847129821777e+00 -1.223057627677917480e+00 1.201558470726013184e+00 -2.504034042358398438e-01 -1.376547068357467651e-01 -1.648799926042556763e-01
1.206921339035034180e+00 -1.222663044929504395e+00 1.201614975929260254e+00 -2.500837743282318115e-01 -1.363938152790069580e-01 -1.651078164577484131e-01
1.207262039184570312e+00 -1.222071051597595215e+00 1.201851248741149902e+00 -2.500649392604827881e-01 -1.361125409603118896e-01 -1.642218977212905884e-01
1.207239747047424316e+00 -1.222431302070617676e+00 1.200962305068969727e+00 -2.495705485343933105e-01 -1.355912238359451294e-01 -1.637935489416122437e-01
1.207266569137573242e+00 -1.221970796585083008e+00 1.201009869575500488e+00 -2.499003261327743530e-01 -1.350398957729339600e-01 -1.626547276973724365e-01
