1.213471293449401855e+00 -1.210895895957946777e+00 1.190677404403686523e+00 -3.236140012741088867e-01 -1.806609928607940674e-01 -1.676422357559204102e-01
1.214110612869262695e+00 -1.209438443183898926e+00 1.193031668663024902e+00 -3.230562806129455566e-01 -1.801321357488632202e-01 -1.688654571771621704e-01
1.213564157485961914e+00 -1.210223197937011719e+00 1.192729592323303223e+00 -3.233388960361480713e-01 -1.799499392509460449e-01 -1.694527715444564819e-01
1.213716268539428711e+00 -1.210241556167602539e+00 1.193270444869995117e+00 -3.239096999168395996e-01 -1.796814501285552979e-01 -1.694671213626861572e-01
1.213541388511657715e+00 -1.210144639015197754e+00 1.193657517433166504e+00 -3.241629600524902344e-01 -1.795086711645126343e-01 -1.697952300310134888e-01
1.213865160942077637e+00 -1.210236549377441406e+00 1.194234132766723633e+00 -3.242867290973663330e-01 -1.793595701456069946e-01 -1.704634577035903931e-01
1.213199138641357422e+00 -1.210744023323059082e+00 1.193755030632019043e+00 -3.250018358230590820e-01 -1.795499026775360107e-01 -1.702347248792648315e-01
1.213487625122070312e+00 -1.210548281669616699e+00 1.194486975669860840e+00 -3.253264427185058594e-01 -1.797212362289428711e-01 -1.705997884273529053e-01
1.212893605232238770e+00 -1.211096405982971191e+00 1.194026231765747070e+00 -3.257222175598144531e-01 -1.803700625896453857e-01 -1.708167046308517456e-01
1.212897539138793945e+00 -1.211104631423950195e+00 1.194325923919677734e+00 -3.254943192005157471e-01 -1.801708489656448364e-01 -1.719819903373718262e-01
