1.210997700691223145e+00 -1.215083360671997070e+00 1.197267293930053711e+00 -1.849603950977325439e-01 -1.931219995021820068e-01 -1.926424950361251831e-01
1.211211085319519043e+00 -1.214237570762634277e+00 1.197070240974426270e+00 -1.844801306724548340e-01 -1.925783604383468628e-01 -1.940071284770965576e-01
1.211578726768493652e+00 -1.214168429374694824e+00 1.197046160697937012e+00 -1.854922771453857422e-01 -1.930255293846130371e-01 -1.926751136779785156e-01
1.211716294288635254e+00 -1.214089274406433105e+00 1.196670293807983398e+00 -1.855437457561492920e-01 -1.928026676177978516e-01 -1.933332532644271851e-01
1.211848497390747070e+00 -1.213839054107666016e+00 1.196531414985656738e+00 -1.857569962739944458e-01 -1.921736449003219604e-01 -1.936283558607101440e-01
1.212315082550048828e+00 -1.213498115539550781e+00 1.196642637252807617e+00 -1.856789141893386841e-01 -1.925737857818603516e-01 -1.939072459936141968e-01
1.212508201599121094e+00 -1.213115572929382324e+00 1.196420311927795410e+00 -1.854629814624786377e-01 -1.929824352264404297e-01 -1.944694966077804565e-01
1.212159872055053711e+00 -1.213145852088928223e+00 1.195860743522644043e+00 -1.850340217351913452e-01 -1.938986331224441528e-01 -1.950270086526870728e-01
1.212881207466125488e+00 -1.213094949722290039e+00 1.195884227752685547e+00 -1.853325814008712769e-01 -1.938573867082595825e-01 -1.947964876890182495e-01
1.212346076965332031e+00 -1.212662816047668457e+00 1.195335626602172852e+00 -1.854214072227478027e-01 -1.934665441513061523e-01 -1.947114169597625732e-01
