1.206387758255004883e+00 -1.217098951339721680e+00 1.198042750358581543e+00 -1.838862150907516479e-01 -2.116203606128692627e-01 -1.813588291406631470e-01
1.207676410675048828e+00 -1.217956900596618652e+00 1.197995901107788086e+00 -1.822054982185363770e-01 -2.095763385295867920e-01 -1.847939491271972656e-01
1.207639455795288086e+00 -1.218675494194030762e+00 1.197427392005920410e+00 -1.812106519937515259e-01 -2.063560783863067627e-01 -1.875860840082168579e-01
1.207540631294250488e+00 -1.218933105468750000e+00 1.197199344635009766e+00 -1.802890300750732422e-01 -2.042535692453384399e-01 -1.895486116409301758e-01
1.207552433013916016e+00 -1.219082713127136230e+00 1.196950554847717285e+00 -1.798234730958938599e-01 -2.027001678943634033e-01 -1.909530609846115112e-01
1.207399249076843262e+00 -1.219221591949462891e+00 1.196615457534790039e+00 -1.795999556779861450e-01 -2.015996426343917847e-01 -1.915842145681381226e-01
1.207513213157653809e+00 -1.219182014465332031e+00 1.196672201156616211e+00 -1.800757199525833130e-01 -2.007756382226943970e-01 -1.912063062191009521e-01
1.207497477531433105e+00 -1.219128131866455078e+00 1.196581006050109863e+00 -1.800548732280731201e-01 -1.992806792259216309e-01 -1.918763667345046997e-01
1.207689523696899414e+00 -1.219164967536926270e+00 1.196515560150146484e+00 -1.801774501800537109e-01 -1.972314864397048950e-01 -1.927325725555419922e-01
1.207444429397583008e+00 -1.219079494476318359e+00 1.196501374244689941e+00 -1.808417737483978271e-01 -1.965157240629196167e-01 -1.922403872013092041e-01
