1.202174544334411621e+00 -1.223879933357238770e+00 1.211993813514709473e+00 -2.077440023422241211e-01 -3.161706328392028809e-01 -2.457296848297119141e-01
1.200672984123229980e+00 -1.225142121315002441e+00 1.210415601730346680e+00 -2.074617594480514526e-01 -3.135845959186553955e-01 -2.480957359075546265e-01
1.200590729713439941e+00 -1.225537657737731934e+00 1.210348129272460938e+00 -2.074237763881683350e-01 -3.126633167266845703e-01 -2.493627667427062988e-01
1.200674653053283691e+00 -1.226158738136291504e+00 1.210296630859375000e+00 -2.077837884426116943e-01 -3.120822906494140625e-01 -2.502194344997406006e-01
1.200179815292358398e+00 -1.226335644721984863e+00 1.210272192955017090e+00 -2.092655152082443237e-01 -3.115119040012359619e-01 -2.490818649530410767e-01
1.200719356536865234e+00 -1.226589322090148926e+00 1.210619926452636719e+00 -2.097671777009963989e-01 -3.110056519508361816e-01 -2.491385340690612793e-01
1.200613260269165039e+00 -1.226594924926757812e+00 1.210428714752197266e+00 -2.103134393692016602e-01 -3.090683519840240479e-01 -2.495583742856979370e-01
1.199907898902893066e+00 -1.226412773132324219e+00 1.210176348686218262e+00 -2.116677314043045044e-01 -3.077292144298553467e-01 -2.484539449214935303e-01
1.200088500976562500e+00 -1.226565361022949219e+00 1.209896683692932129e+00 -2.123629748821258545e-01 -3.065369725227355957e-01 -2.483867406845092773e-01
1.200174808502197266e+00 -1.226463675498962402e+00 1.209845781326293945e+00 -2.130069434642791748e-01 -3.058099150657653809e-01 -2.482968270778656006e-01
