1.208429217338562012e+00 -1.218454837799072266e+00 1.200220465660095215e+00 -2.020140290260314941e-01 -2.197214961051940918e-01 -2.163327485322952271e-01
1.207856178283691406e+00 -1.218924164772033691e+00 1.200346589088439941e+00 -2.036069035530090332e-01 -2.209748774766921997e-01 -2.146083116531372070e-01
1.207844138145446777e+00 -1.219018340110778809e+00 1.201056480407714844e+00 -2.045903205871582031e-01 -2.231559455394744873e-01 -2.128436565399169922e-01
1.207575917243957520e+00 -1.219652652740478516e+00 1.201051592826843262e+00 -2.055498361587524414e-01 -2.239934802055358887e-01 -2.124681323766708374e-01
1.207425832748413086e+00 -1.219974875450134277e+00 1.201467990875244141e+00 -2.067202627658843994e-01 -2.252420783042907715e-01 -2.122631072998046875e-01
1.207132577896118164e+00 -1.220331788063049316e+00 1.201824188232421875e+00 -2.073685377836227417e-01 -2.260777652263641357e-01 -2.127172052860260010e-01
1.206838607788085938e+00 -1.220788478851318359e+00 1.202195644378662109e+00 -2.079263329505920410e-01 -2.261908352375030518e-01 -2.128038704395294189e-01
1.206351995468139648e+00 -1.221144318580627441e+00 1.202465653419494629e+00 -2.088828831911087036e-01 -2.263922691345214844e-01 -2.130603194236755371e-01
1.205923438072204590e+00 -1.221659064292907715e+00 1.202472090721130371e+00 -2.093376368284225464e-01 -2.269384711980819702e-01 -2.134792506694793701e-01
1.206422328948974609e+00 -1.222111344337463379e+00 1.203176259994506836e+00 -2.097357362508773804e-01 -2.278152257204055786e-01 -2.142570465803146362e-01
