1.217782855033874512e+00 -1.200528383255004883e+00 1.190142273902893066e+00 -2.506414651870727539e-01 -2.548040747642517090e-01 -2.107622623443603516e-01
1.216614842414855957e+00 -1.202504396438598633e+00 1.188393354415893555e+00 -2.521108984947204590e-01 -2.534283697605133057e-01 -2.093412578105926514e-01
1.216248750686645508e+00 -1.203697800636291504e+00 1.187626838684082031e+00 -2.527768313884735107e-01 -2.514167129993438721e-01 -2.091567516326904297e-01
1.216138720512390137e+00 -1.204356670379638672e+00 1.187625288963317871e+00 -2.533318698406219482e-01 -2.501699924468994141e-01 -2.074436545372009277e-01
1.216152191162109375e+00 -1.204571127891540527e+00 1.188006520271301270e+00 -2.541645765304565430e-01 -2.482293397188186646e-01 -2.067758440971374512e-01
1.215635538101196289e+00 -1.204850912094116211e+00 1.187834501266479492e+00 -2.550945580005645752e-01 -2.456731498241424561e-01 -2.071550488471984863e-01
1.215953588485717773e+00 -1.204960346221923828e+00 1.188344359397888184e+00 -2.547885775566101074e-01 -2.439037412405014038e-01 -2.065660953521728516e-01
1.215448975563049316e+00 -1.205080270767211914e+00 1.188243389129638672e+00 -2.557048499584197998e-01 -2.417137771844863892e-01 -2.061456739902496338e-01
1.215127825736999512e+00 -1.205731153488159180e+00 1.187916040420532227e+00 -2.571673989295959473e-01 -2.406033873558044434e-01 -2.047934085130691528e-01
1.214860677719116211e+00 -1.205383658409118652e+00 1.188297629356384277e+00 -2.584964931011199951e-01 -2.385427355766296387e-01 -2.026693522930145264e-01
