1.130691766738891602e+00 -1.152328014373779297e+00 1.279357075691223145e+00 -1.739146709442138672e-01 -2.199245542287826538e-01 -1.899979114532470703e-01
1.207821369171142578e+00 -1.221880912780761719e+00 1.195194602012634277e+00 -1.825786828994750977e-01 -2.152369916439056396e-01 -1.945999413728713989e-01
1.212081909179687500e+00 -1.211628317832946777e+00 1.193886756896972656e+00 -1.740096807479858398e-01 -2.097850441932678223e-01 -2.014040648937225342e-01
1.213822364807128906e+00 -1.197810173034667969e+00 1.178606867790222168e+00 -1.937408298254013062e-01 -2.320195436477661133e-01 -1.645177602767944336e-01
1.177534818649291992e+00 -1.260234594345092773e+00 1.250713944435119629e+00 -1.686504185199737549e-01 -2.374932467937469482e-01 -1.957370042800903320e-01
1.200716018676757812e+00 -1.229241847991943359e+00 1.215073943138122559e+00 -1.741018444299697876e-01 -2.253892421722412109e-01 -2.047895789146423340e-01
1.225421547889709473e+00 -1.192070364952087402e+00 1.168892621994018555e+00 -1.843433380126953125e-01 -2.195547670125961304e-01 -1.959109902381896973e-01
1.218951106071472168e+00 -1.202309012413024902e+00 1.175527691841125488e+00 -1.808184683322906494e-01 -2.222417294979095459e-01 -1.972565501928329468e-01
1.218973994255065918e+00 -1.201325654983520508e+00 1.180504918098449707e+00 -1.857688874006271362e-01 -2.215034961700439453e-01 -1.932274103164672852e-01
1.208598017692565918e+00 -1.219562172889709473e+00 1.197663903236389160e+00 -1.799827218055725098e-01 -2.193072587251663208e-01 -2.054662406444549561e-01
1.186894297599792480e+00 -1.250559329986572266e+00 1.231966137886047363e+00 -1.781340241432189941e-01 -2.167967855930328369e-01 -2.055782377719879150e-01
