1.278816461563110352e+00 -1.233636498451232910e+00 1.174379944801330566e+00 -2.476190328598022461e-01 -2.341749668121337891e-01 -2.234376519918441772e-01
1.278192996978759766e+00 -1.233222126960754395e+00 1.174533605575561523e+00 -2.476190775632858276e-01 -2.342211902141571045e-01 -2.233162373304367065e-01
1.276560902595520020e+00 -1.231946349143981934e+00 1.174759268760681152e+00 -2.475539147853851318e-01 -2.343218922615051270e-01 -2.230583727359771729e-01
1.271659374237060547e+00 -1.229060173034667969e+00 1.175966620445251465e+00 -2.475730180740356445e-01 -2.347523570060729980e-01 -2.219015359878540039e-01
1.261115193367004395e+00 -1.219390511512756348e+00 1.177195787429809570e+00 -2.476340383291244507e-01 -2.342024892568588257e-01 -2.219195663928985596e-01
1.244034886360168457e+00 -1.199991703033447266e+00 1.176396489143371582e+00 -2.489338666200637817e-01 -2.357393801212310791e-01 -2.160186916589736938e-01
1.227959990501403809e+00 -1.193453192710876465e+00 1.183104395866394043e+00 -2.475493550300598145e-01 -2.380415797233581543e-01 -2.122997045516967773e-01
1.230445623397827148e+00 -1.183078646659851074e+00 1.177771925926208496e+00 -2.469099014997482300e-01 -2.352199107408523560e-01 -2.144648432731628418e-01
1.231193423271179199e+00 -1.182623982429504395e+00 1.176490068435668945e+00 -2.461475133895874023e-01 -2.352623045444488525e-01 -2.142523676156997681e-01
1.227759480476379395e+00 -1.186375498771667480e+00 1.179550051689147949e+00 -2.445641905069351196e-01 -2.360099554061889648e-01 -2.162545323371887207e-01
1.227226138114929199e+00 -1.186738848686218262e+00 1.181139588356018066e+00 -2.440253943204879761e-01 -2.377221435308456421e-01 -2.144504189491271973e-01
