1.198668003082275391e+00 -1.238411307334899902e+00 1.220153093338012695e+00 -1.755065023899078369e-01 -2.778331637382507324e-01 -2.496846169233322144e-01
1.197778701782226562e+00 -1.238216042518615723e+00 1.220610022544860840e+00 -1.768822073936462402e-01 -2.786664962768554688e-01 -2.488891035318374634e-01
1.196527957916259766e+00 -1.238992929458618164e+00 1.219924449920654297e+00 -1.774218678474426270e-01 -2.772511839866638184e-01 -2.508953511714935303e-01
1.196142673492431641e+00 -1.239113330841064453e+00 1.220479249954223633e+00 -1.790185719728469849e-01 -2.763914167881011963e-01 -2.504447102546691895e-01
1.195945262908935547e+00 -1.239081263542175293e+00 1.221014380455017090e+00 -1.805005669593811035e-01 -2.763558924198150635e-01 -2.499045133590698242e-01
1.195612788200378418e+00 -1.239199161529541016e+00 1.220858454704284668e+00 -1.827395409345626831e-01 -2.762327194213867188e-01 -2.482402920722961426e-01
1.194998145103454590e+00 -1.239191055297851562e+00 1.220652103424072266e+00 -1.839197129011154175e-01 -2.765803933143615723e-01 -2.479940205812454224e-01
1.197024106979370117e+00 -1.238804817199707031e+00 1.222261428833007812e+00 -1.846025884151458740e-01 -2.762317359447479248e-01 -2.482203245162963867e-01
1.197339773178100586e+00 -1.238681197166442871e+00 1.222799420356750488e+00 -1.849309653043746948e-01 -2.757836878299713135e-01 -2.496224939823150635e-01
1.196917057037353516e+00 -1.238814353942871094e+00 1.222578763961791992e+00 -1.859433352947235107e-01 -2.753572463989257812e-01 -2.499034106731414795e-01
