1.210921764373779297e+00 -1.212279438972473145e+00 1.194268107414245605e+00 -1.817132532596588135e-01 -2.338075190782546997e-01 -1.958137303590774536e-01
1.211268305778503418e+00 -1.212965607643127441e+00 1.194595932960510254e+00 -1.790595203638076782e-01 -2.329966276884078979e-01 -2.012878060340881348e-01
1.211503505706787109e+00 -1.213282942771911621e+00 1.195052862167358398e+00 -1.766804158687591553e-01 -2.317277640104293823e-01 -2.037504017353057861e-01
1.210772037506103516e+00 -1.213300704956054688e+00 1.195299863815307617e+00 -1.739273518323898315e-01 -2.309004068374633789e-01 -2.067803144454956055e-01
1.211263775825500488e+00 -1.214029312133789062e+00 1.195394277572631836e+00 -1.733113825321197510e-01 -2.299160957336425781e-01 -2.076189965009689331e-01
1.210918545722961426e+00 -1.213959932327270508e+00 1.195525527000427246e+00 -1.721658557653427124e-01 -2.290602475404739380e-01 -2.081162929534912109e-01
1.210902571678161621e+00 -1.214177012443542480e+00 1.195627450942993164e+00 -1.704788208007812500e-01 -2.280786186456680298e-01 -2.091348022222518921e-01
1.211018204689025879e+00 -1.214351773262023926e+00 1.195595979690551758e+00 -1.685268580913543701e-01 -2.280418574810028076e-01 -2.106397300958633423e-01
1.210796475410461426e+00 -1.214491963386535645e+00 1.195480108261108398e+00 -1.672228276729583740e-01 -2.280803471803665161e-01 -2.110034972429275513e-01
1.210584282875061035e+00 -1.214532256126403809e+00 1.195431709289550781e+00 -1.659569293260574341e-01 -2.278057932853698730e-01 -2.111200243234634399e-01
