1.206682801246643066e+00 -1.209018945693969727e+00 1.191390395164489746e+00 -1.222628951072692871e-01 -2.689244151115417480e-01 -2.094418108463287354e-01
1.206233739852905273e+00 -1.212118506431579590e+00 1.190541386604309082e+00 -1.220188736915588379e-01 -2.691754996776580811e-01 -2.130065262317657471e-01
1.205812931060791016e+00 -1.213236331939697266e+00 1.190901041030883789e+00 -1.315347850322723389e-01 -2.700703740119934082e-01 -2.190983593463897705e-01
1.205118536949157715e+00 -1.214357972145080566e+00 1.191342473030090332e+00 -1.356011331081390381e-01 -2.694392204284667969e-01 -2.190949171781539917e-01
1.204137206077575684e+00 -1.215488910675048828e+00 1.191492319107055664e+00 -1.393781602382659912e-01 -2.690747678279876709e-01 -2.208836674690246582e-01
1.203817963600158691e+00 -1.216334462165832520e+00 1.191749811172485352e+00 -1.414861977100372314e-01 -2.677551805973052979e-01 -2.201617360115051270e-01
1.203742265701293945e+00 -1.217013597488403320e+00 1.192489743232727051e+00 -1.424231976270675659e-01 -2.680372297763824463e-01 -2.209031730890274048e-01
1.204427480697631836e+00 -1.216790795326232910e+00 1.193934321403503418e+00 -1.435891389846801758e-01 -2.681180536746978760e-01 -2.203956842422485352e-01
1.204497814178466797e+00 -1.217013120651245117e+00 1.194548249244689941e+00 -1.480470746755599976e-01 -2.697258591651916504e-01 -2.233304530382156372e-01
1.203243970870971680e+00 -1.217440962791442871e+00 1.194425582885742188e+00 -1.500512361526489258e-01 -2.692621350288391113e-01 -2.222479134798049927e-01
