1.089977025985717773e+00 -1.421909928321838379e+00 1.178147196769714355e+00 -1.200525462627410889e-01 -1.415846347808837891e-01 -2.819891571998596191e-01
1.091238021850585938e+00 -1.419957160949707031e+00 1.178501844406127930e+00 -1.202355623245239258e-01 -1.415955722332000732e-01 -2.818484306335449219e-01
1.094705343246459961e+00 -1.414569854736328125e+00 1.179472327232360840e+00 -1.207379028201103210e-01 -1.416237205266952515e-01 -2.814666032791137695e-01
1.104135632514953613e+00 -1.399872899055480957e+00 1.182063460350036621e+00 -1.221005320549011230e-01 -1.416973918676376343e-01 -2.804349958896636963e-01
1.127822399139404297e+00 -1.362031579017639160e+00 1.188202381134033203e+00 -1.256122440099716187e-01 -1.419762074947357178e-01 -2.775668203830718994e-01
1.169769763946533203e+00 -1.292327880859375000e+00 1.196421980857849121e+00 -1.320990920066833496e-01 -1.426198482513427734e-01 -2.716948986053466797e-01
1.197692513465881348e+00 -1.247349500656127930e+00 1.198585152626037598e+00 -1.363022923469543457e-01 -1.428682804107666016e-01 -2.678468823432922363e-01
1.200619339942932129e+00 -1.240468740463256836e+00 1.202015519142150879e+00 -1.368406713008880615e-01 -1.436671912670135498e-01 -2.669022381305694580e-01
1.199532508850097656e+00 -1.240452885627746582e+00 1.204290866851806641e+00 -1.370912790298461914e-01 -1.444414407014846802e-01 -2.662459611892700195e-01
1.200243353843688965e+00 -1.239162564277648926e+00 1.204291462898254395e+00 -1.377042531967163086e-01 -1.449626982212066650e-01 -2.653571367263793945e-01
1.202458858489990234e+00 -1.236685276031494141e+00 1.203093647956848145e+00 -1.384412497282028198e-01 -1.453553140163421631e-01 -2.643218636512756348e-01
