1.313848257064819336e+00 -1.086068034172058105e+00 1.209315896034240723e+00 -1.290978342294692993e-01 -1.921770721673965454e-01 -1.568094044923782349e-01
1.312644481658935547e+00 -1.087583184242248535e+00 1.209239125251770020e+00 -1.290879845619201660e-01 -1.921498328447341919e-01 -1.568745970726013184e-01
1.309322118759155273e+00 -1.091763138771057129e+00 1.209017515182495117e+00 -1.290609836578369141e-01 -1.920729279518127441e-01 -1.570581346750259399e-01
1.300294160842895508e+00 -1.103149414062500000e+00 1.208386063575744629e+00 -1.289855837821960449e-01 -1.918534636497497559e-01 -1.575807631015777588e-01
1.277064800262451172e+00 -1.132318735122680664e+00 1.207141280174255371e+00 -1.287484318017959595e-01 -1.913170367479324341e-01 -1.588838100433349609e-01
1.237359523773193359e+00 -1.181334495544433594e+00 1.204966187477111816e+00 -1.283955872058868408e-01 -1.903952807188034058e-01 -1.608443707227706909e-01
1.217397809028625488e+00 -1.206000089645385742e+00 1.200462698936462402e+00 -1.287773102521896362e-01 -1.893702149391174316e-01 -1.617113053798675537e-01
1.211583971977233887e+00 -1.211914539337158203e+00 1.199573516845703125e+00 -1.291908621788024902e-01 -1.887765079736709595e-01 -1.617434769868850708e-01
1.207652926445007324e+00 -1.215459465980529785e+00 1.200502634048461914e+00 -1.294779479503631592e-01 -1.883957087993621826e-01 -1.613268256187438965e-01
1.205394148826599121e+00 -1.217849731445312500e+00 1.201328873634338379e+00 -1.297668367624282837e-01 -1.880607753992080688e-01 -1.607474088668823242e-01
1.205361008644104004e+00 -1.218169569969177246e+00 1.201563715934753418e+00 -1.301156282424926758e-01 -1.877288967370986938e-01 -1.601446121931076050e-01
