1.116486549377441406e+00 -1.173941969871520996e+00 1.200165271759033203e+00 -1.140787526965141296e-01 -2.492363005876541138e-01 -7.476677745580673218e-02
1.117464184761047363e+00 -1.174434781074523926e+00 1.200338363647460938e+00 -1.140442788600921631e-01 -2.492543607950210571e-01 -7.488927245140075684e-02
1.120156884193420410e+00 -1.175769925117492676e+00 1.200831890106201172e+00 -1.139475852251052856e-01 -2.493042796850204468e-01 -7.522866129875183105e-02
1.127452611923217773e+00 -1.179449677467346191e+00 1.202213883399963379e+00 -1.136760264635086060e-01 -2.494250535964965820e-01 -7.619298994541168213e-02
1.146094679832458496e+00 -1.189359188079833984e+00 1.205191850662231445e+00 -1.130011975765228271e-01 -2.495723962783813477e-01 -7.893472909927368164e-02
1.179267883300781250e+00 -1.206583738327026367e+00 1.208465695381164551e+00 -1.120581105351448059e-01 -2.495032548904418945e-01 -8.420898020267486572e-02
1.199489712715148926e+00 -1.217915177345275879e+00 1.209238409996032715e+00 -1.121155917644500732e-01 -2.495525330305099487e-01 -8.731883764266967773e-02
1.202952623367309570e+00 -1.223380923271179199e+00 1.208014726638793945e+00 -1.127379834651947021e-01 -2.493989765644073486e-01 -8.830925822257995605e-02
1.203749775886535645e+00 -1.225060939788818359e+00 1.208560466766357422e+00 -1.129449158906936646e-01 -2.491298615932464600e-01 -8.904086053371429443e-02
1.204710602760314941e+00 -1.225104689598083496e+00 1.209463000297546387e+00 -1.129693239927291870e-01 -2.488047927618026733e-01 -8.979438990354537964e-02
1.205536246299743652e+00 -1.224581837654113770e+00 1.209873318672180176e+00 -1.130568981170654297e-01 -2.485009729862213135e-01 -9.039327502250671387e-02
