1.251336097717285156e+00 -1.287184476852416992e+00 1.284620761871337891e+00 -3.254876434803009033e-01 -2.880878448486328125e-01 -1.732122898101806641e-01
1.250827908515930176e+00 -1.286521673202514648e+00 1.283796787261962891e+00 -3.255943953990936279e-01 -2.879202067852020264e-01 -1.730189323425292969e-01
1.249433755874633789e+00 -1.284686565399169922e+00 1.281532645225524902e+00 -3.258863985538482666e-01 -2.874585986137390137e-01 -1.724873334169387817e-01
1.245620846748352051e+00 -1.279666543006896973e+00 1.275285840034484863e+00 -3.266816139221191406e-01 -2.861789464950561523e-01 -1.710501313209533691e-01
1.235361218452453613e+00 -1.267004728317260742e+00 1.259090900421142578e+00 -3.287177085876464844e-01 -2.828267812728881836e-01 -1.674185395240783691e-01
1.216504573822021484e+00 -1.245764493942260742e+00 1.232613801956176758e+00 -3.320470452308654785e-01 -2.772395610809326172e-01 -1.612386405467987061e-01
1.205153465270996094e+00 -1.235013723373413086e+00 1.217908978462219238e+00 -3.339997529983520508e-01 -2.738723158836364746e-01 -1.586205363273620605e-01
1.202332019805908203e+00 -1.233445048332214355e+00 1.213839411735534668e+00 -3.346322178840637207e-01 -2.725060582160949707e-01 -1.593162715435028076e-01
1.201495170593261719e+00 -1.232589602470397949e+00 1.211367011070251465e+00 -3.349988758563995361e-01 -2.712949514389038086e-01 -1.606703996658325195e-01
1.201175570487976074e+00 -1.231750369071960449e+00 1.209792613983154297e+00 -3.352677226066589355e-01 -2.702375352382659912e-01 -1.619237661361694336e-01
1.201273202896118164e+00 -1.231516838073730469e+00 1.209719538688659668e+00 -3.354145288467407227e-01 -2.695619463920593262e-01 -1.629445403814315796e-01
