1.087705731391906738e+00 -1.210414767265319824e+00 1.349138259887695312e+00 -1.709971725940704346e-01 -2.372787296772003174e-01 -1.087470948696136475e-01
1.089040875434875488e+00 -1.210564970970153809e+00 1.347598791122436523e+00 -1.710831820964813232e-01 -2.371014356613159180e-01 -1.088616997003555298e-01
1.092726945877075195e+00 -1.210961103439331055e+00 1.343368411064147949e+00 -1.713273972272872925e-01 -2.366177141666412354e-01 -1.091692224144935608e-01
1.102926611900329590e+00 -1.211873054504394531e+00 1.331963062286376953e+00 -1.720459461212158203e-01 -2.353455126285552979e-01 -1.099350377917289734e-01
1.128879189491271973e+00 -1.213880538940429688e+00 1.302609801292419434e+00 -1.741667687892913818e-01 -2.321401834487915039e-01 -1.115796193480491638e-01
1.172925114631652832e+00 -1.218642830848693848e+00 1.248748660087585449e+00 -1.783513873815536499e-01 -2.258502095937728882e-01 -1.149402633309364319e-01
1.201225519180297852e+00 -1.223123669624328613e+00 1.217846632003784180e+00 -1.810238361358642578e-01 -2.215576320886611938e-01 -1.190987452864646912e-01
1.205223083496093750e+00 -1.226623415946960449e+00 1.210943818092346191e+00 -1.819813698530197144e-01 -2.198188453912734985e-01 -1.217075884342193604e-01
1.205463767051696777e+00 -1.227337718009948730e+00 1.208543181419372559e+00 -1.826011836528778076e-01 -2.187305092811584473e-01 -1.231494545936584473e-01
1.206553697586059570e+00 -1.226732254028320312e+00 1.206825852394104004e+00 -1.831748187541961670e-01 -2.177748084068298340e-01 -1.244065985083580017e-01
1.207815170288085938e+00 -1.226036787033081055e+00 1.206400275230407715e+00 -1.836416870355606079e-01 -2.169123589992523193e-01 -1.260054260492324829e-01
