1.207424044609069824e+00 -1.214957714080810547e+00 1.210038304328918457e+00 -1.973329335451126099e-01 -1.991232037544250488e-01 -2.408653795719146729e-01
1.029489755630493164e+00 -1.191986799240112305e+00 1.141153454780578613e+00 -1.941373050212860107e-01 -1.838644146919250488e-01 -2.341597825288772583e-01
1.049815893173217773e+00 -1.206973075866699219e+00 1.301743984222412109e+00 -1.881490349769592285e-01 -2.033340632915496826e-01 -2.117938101291656494e-01
1.005394816398620605e+00 -1.121375679969787598e+00 1.309472560882568359e+00 -1.709819138050079346e-01 -1.813373714685440063e-01 -2.269618511199951172e-01
1.105880022048950195e+00 -1.068882822990417480e+00 1.331794977188110352e+00 -1.761338114738464355e-01 -1.941165030002593994e-01 -2.174334824085235596e-01
1.141303658485412598e+00 -1.095020651817321777e+00 1.258965969085693359e+00 -1.820566207170486450e-01 -1.937496960163116455e-01 -2.114635407924652100e-01
1.134485363960266113e+00 -1.140564918518066406e+00 1.200950145721435547e+00 -1.851456463336944580e-01 -1.873530149459838867e-01 -2.148834019899368286e-01
1.115433454513549805e+00 -1.159778594970703125e+00 1.181754350662231445e+00 -1.868319064378738403e-01 -1.857440471649169922e-01 -2.168674170970916748e-01
1.102679967880249023e+00 -1.160031318664550781e+00 1.193736076354980469e+00 -1.871646195650100708e-01 -1.888829171657562256e-01 -2.145158946514129639e-01
1.096157312393188477e+00 -1.157382130622863770e+00 1.213366031646728516e+00 -1.868603378534317017e-01 -1.923062801361083984e-01 -2.127066552639007568e-01
