1.206937074661254883e+00 -1.225027918815612793e+00 1.206883311271667480e+00 -2.063554823398590088e-01 -2.332041710615158081e-01 -2.105918228626251221e-01
1.203734636306762695e+00 -1.280206203460693359e+00 1.156822443008422852e+00 -2.086006104946136475e-01 -2.234094440937042236e-01 -2.183733880519866943e-01
1.162116289138793945e+00 -1.307491064071655273e+00 1.138293266296386719e+00 -2.100296467542648315e-01 -2.188033014535903931e-01 -2.208762615919113159e-01
1.138382911682128906e+00 -1.309468507766723633e+00 1.171484112739562988e+00 -2.113688290119171143e-01 -2.280590087175369263e-01 -2.090169787406921387e-01
1.122878432273864746e+00 -1.295665979385375977e+00 1.215821146965026855e+00 -2.053717523813247681e-01 -2.254334986209869385e-01 -2.145240455865859985e-01
1.128383398056030273e+00 -1.275784134864807129e+00 1.250280380249023438e+00 -1.996306329965591431e-01 -2.232287675142288208e-01 -2.210019081830978394e-01
1.136895060539245605e+00 -1.258018493652343750e+00 1.255289316177368164e+00 -1.984065026044845581e-01 -2.230435013771057129e-01 -2.208377271890640259e-01
1.156509160995483398e+00 -1.254721403121948242e+00 1.252025604248046875e+00 -1.985362619161605835e-01 -2.228282392024993896e-01 -2.235094904899597168e-01
1.158984065055847168e+00 -1.262246847152709961e+00 1.231924653053283691e+00 -2.005040645599365234e-01 -2.226905822753906250e-01 -2.217150628566741943e-01
1.159008622169494629e+00 -1.268818259239196777e+00 1.216644644737243652e+00 -2.013038843870162964e-01 -2.192201912403106689e-01 -2.240771055221557617e-01
