1.191537737846374512e+00 -1.266919374465942383e+00 1.257020235061645508e+00 -1.393602341413497925e-01 -2.499418854713439941e-01 -2.103774845600128174e-01
1.123635649681091309e+00 -1.342009544372558594e+00 1.194733142852783203e+00 -1.406842917203903198e-01 -2.249592542648315430e-01 -2.373659014701843262e-01
1.066900491714477539e+00 -1.349968671798706055e+00 1.223224282264709473e+00 -1.422719359397888184e-01 -2.276314496994018555e-01 -2.296042144298553467e-01
1.044896602630615234e+00 -1.337768316268920898e+00 1.293078899383544922e+00 -1.392264664173126221e-01 -2.297401875257492065e-01 -2.273618131875991821e-01
1.046100020408630371e+00 -1.296131968498229980e+00 1.339966535568237305e+00 -1.357615143060684204e-01 -2.321023046970367432e-01 -2.244035750627517700e-01
1.075183987617492676e+00 -1.267263293266296387e+00 1.359348416328430176e+00 -1.343859881162643433e-01 -2.323009967803955078e-01 -2.280731797218322754e-01
1.109766364097595215e+00 -1.254590630531311035e+00 1.337281823158264160e+00 -1.396254748106002808e-01 -2.353850752115249634e-01 -2.237705290317535400e-01
1.135935902595520020e+00 -1.267335891723632812e+00 1.293695688247680664e+00 -1.430370658636093140e-01 -2.282277941703796387e-01 -2.294858396053314209e-01
1.135239005088806152e+00 -1.294405221939086914e+00 1.248641729354858398e+00 -1.509163081645965576e-01 -2.330434620380401611e-01 -2.176007628440856934e-01
1.118418335914611816e+00 -1.317422270774841309e+00 1.231090903282165527e+00 -1.525673419237136841e-01 -2.257915884256362915e-01 -2.235818803310394287e-01
