1.250399947166442871e+00 -1.236641407012939453e+00 1.271567225456237793e+00 -2.244181334972381592e-01 -9.765639901161193848e-02 -2.817368507385253906e-01
1.200377941131591797e+00 -1.232125639915466309e+00 1.214020252227783203e+00 -2.391870766878128052e-01 -1.233157142996788025e-01 -1.977713108062744141e-01
1.193238735198974609e+00 -1.245110154151916504e+00 1.226160645484924316e+00 -2.247534245252609253e-01 -1.172357350587844849e-01 -2.108222395181655884e-01
1.199182510375976562e+00 -1.233236432075500488e+00 1.214470028877258301e+00 -2.408639639616012573e-01 -1.101619005203247070e-01 -1.778316944837570190e-01
1.196821093559265137e+00 -1.238215088844299316e+00 1.223311424255371094e+00 -2.290867567062377930e-01 -1.193468645215034485e-01 -1.903096139430999756e-01
1.203439950942993164e+00 -1.227537631988525391e+00 1.208210945129394531e+00 -2.266246378421783447e-01 -1.042409539222717285e-01 -1.674940586090087891e-01
1.188710570335388184e+00 -1.252697587013244629e+00 1.235075354576110840e+00 -2.275715321302413940e-01 -1.298113018274307251e-01 -1.963655203580856323e-01
1.196480274200439453e+00 -1.237233996391296387e+00 1.221851348876953125e+00 -2.236462980508804321e-01 -1.335315853357315063e-01 -1.739225387573242188e-01
1.203579664230346680e+00 -1.226467370986938477e+00 1.210938215255737305e+00 -2.371502816677093506e-01 -1.309379935264587402e-01 -1.833071410655975342e-01
1.196330428123474121e+00 -1.235328316688537598e+00 1.218544840812683105e+00 -2.364957034587860107e-01 -1.275065839290618896e-01 -1.733917891979217529e-01
1.179908752441406250e+00 -1.263360857963562012e+00 1.245998024940490723e+00 -2.293084114789962769e-01 -1.291929036378860474e-01 -1.979832947254180908e-01
