1.162772417068481445e+00 -1.226033926010131836e+00 1.218266725540161133e+00 -1.853552758693695068e-01 -2.412975132465362549e-01 -1.732269227504730225e-01
1.189999341964721680e+00 -1.243923664093017578e+00 1.226582169532775879e+00 -1.708931177854537964e-01 -2.355319559574127197e-01 -2.064483612775802612e-01
1.180848836898803711e+00 -1.260935902595520020e+00 1.249094009399414062e+00 -2.005681693553924561e-01 -2.626145184040069580e-01 -2.244899421930313110e-01
1.169438362121582031e+00 -1.276203036308288574e+00 1.257305383682250977e+00 -1.670824587345123291e-01 -2.411105930805206299e-01 -2.199875265359878540e-01
1.197058677673339844e+00 -1.234231710433959961e+00 1.217194557189941406e+00 -1.945605725049972534e-01 -2.344045937061309814e-01 -2.105029821395874023e-01
1.208834171295166016e+00 -1.214788913726806641e+00 1.198961853981018066e+00 -1.861359328031539917e-01 -2.459802180528640747e-01 -2.033937275409698486e-01
1.174393773078918457e+00 -1.268294095993041992e+00 1.249638915061950684e+00 -1.802882850170135498e-01 -2.335673272609710693e-01 -2.246831655502319336e-01
1.197359919548034668e+00 -1.233406066894531250e+00 1.216108441352844238e+00 -1.737107336521148682e-01 -2.381372600793838501e-01 -2.178168892860412598e-01
1.196361660957336426e+00 -1.235603213310241699e+00 1.218131661415100098e+00 -1.673329621553421021e-01 -2.287432253360748291e-01 -2.099554240703582764e-01
1.194343209266662598e+00 -1.237049341201782227e+00 1.220865964889526367e+00 -1.680488139390945435e-01 -2.266511321067810059e-01 -2.072324603796005249e-01
1.199932336807250977e+00 -1.228116869926452637e+00 1.210318446159362793e+00 -1.713530868291854858e-01 -2.321204245090484619e-01 -2.037989497184753418e-01
