1.260555744171142578e+00 -1.150012850761413574e+00 1.227785825729370117e+00 -2.503114640712738037e-01 -1.927003711462020874e-01 -1.242904961109161377e-01
1.232667088508605957e+00 -1.175146698951721191e+00 1.155653715133666992e+00 -2.709168493747711182e-01 -1.494265049695968628e-01 -1.599173396825790405e-01
1.288159012794494629e+00 -1.078588128089904785e+00 1.058830142021179199e+00 -2.553704977035522461e-01 -1.385448724031448364e-01 -1.324650496244430542e-01
1.263835668563842773e+00 -1.127807736396789551e+00 1.113350868225097656e+00 -2.508506476879119873e-01 -1.328083276748657227e-01 -1.599966287612915039e-01
1.266066193580627441e+00 -1.119988322257995605e+00 1.097392320632934570e+00 -2.544334530830383301e-01 -1.338110864162445068e-01 -1.642916053533554077e-01
1.303724050521850586e+00 -1.053166031837463379e+00 1.033398747444152832e+00 -2.742832601070404053e-01 -1.406241208314895630e-01 -1.447370350360870361e-01
1.278084516525268555e+00 -1.100971937179565430e+00 1.084807276725769043e+00 -2.609407901763916016e-01 -1.527240425348281860e-01 -1.650371253490447998e-01
1.285334944725036621e+00 -1.084695577621459961e+00 1.065635919570922852e+00 -2.580000758171081543e-01 -1.517082750797271729e-01 -1.493101716041564941e-01
1.258957743644714355e+00 -1.134560346603393555e+00 1.117788553237915039e+00 -2.591805458068847656e-01 -1.622064858675003052e-01 -1.776416599750518799e-01
1.250371813774108887e+00 -1.146427989006042480e+00 1.131951212882995605e+00 -2.595325112342834473e-01 -1.589436829090118408e-01 -1.785102933645248413e-01
1.234156727790832520e+00 -1.176897764205932617e+00 1.161466836929321289e+00 -2.590751945972442627e-01 -1.540074497461318970e-01 -1.790994405746459961e-01
