9.796146154403686523e-01 -1.186588644981384277e+00 1.159731149673461914e+00 -1.861719936132431030e-01 -2.097915410995483398e-01 -1.861902326345443726e-01
9.820598959922790527e-01 -1.186949372291564941e+00 1.160211920738220215e+00 -1.863073408603668213e-01 -2.099566012620925903e-01 -1.862647533416748047e-01
9.887642860412597656e-01 -1.187935471534729004e+00 1.161562800407409668e+00 -1.866897344589233398e-01 -2.104812562465667725e-01 -1.863764226436614990e-01
1.007136702537536621e+00 -1.190478801727294922e+00 1.165218591690063477e+00 -1.881394088268280029e-01 -2.124746143817901611e-01 -1.865028291940689087e-01
1.054770827293395996e+00 -1.196453332901000977e+00 1.173940777778625488e+00 -1.932423114776611328e-01 -2.166903167963027954e-01 -1.895346939563751221e-01
1.139348268508911133e+00 -1.205933451652526855e+00 1.187945008277893066e+00 -2.058609426021575928e-01 -2.231348454952239990e-01 -2.016537040472030640e-01
1.194912433624267578e+00 -1.213175773620605469e+00 1.197838068008422852e+00 -2.254356741905212402e-01 -2.357227206230163574e-01 -2.095374614000320435e-01
1.206554412841796875e+00 -1.216157078742980957e+00 1.200306057929992676e+00 -2.302185148000717163e-01 -2.401315867900848389e-01 -2.092050909996032715e-01
1.208041787147521973e+00 -1.216817855834960938e+00 1.200505971908569336e+00 -2.274273335933685303e-01 -2.386275529861450195e-01 -2.081265598535537720e-01
1.208562612533569336e+00 -1.216866493225097656e+00 1.200039386749267578e+00 -2.258291989564895630e-01 -2.365051507949829102e-01 -2.081495225429534912e-01
1.208689451217651367e+00 -1.216857194900512695e+00 1.199700355529785156e+00 -2.290669977664947510e-01 -2.355622947216033936e-01 -2.078060507774353027e-01
