1.217379689216613770e+00 -1.220348238945007324e+00 1.198056459426879883e+00 -2.005803287029266357e-01 -2.144689112901687622e-01 -2.032119631767272949e-01
1.217285394668579102e+00 -1.220311403274536133e+00 1.198065519332885742e+00 -2.006116211414337158e-01 -2.144908607006072998e-01 -2.031826376914978027e-01
1.217034578323364258e+00 -1.220204472541809082e+00 1.198090672492980957e+00 -2.006730735301971436e-01 -2.145356982946395874e-01 -2.031101137399673462e-01
1.216386198997497559e+00 -1.219890236854553223e+00 1.198155999183654785e+00 -2.006960511207580566e-01 -2.146078497171401978e-01 -2.030020952224731445e-01
1.214708685874938965e+00 -1.219070792198181152e+00 1.198354840278625488e+00 -2.006842792034149170e-01 -2.148129642009735107e-01 -2.029645889997482300e-01
1.211810588836669922e+00 -1.217644691467285156e+00 1.198822021484375000e+00 -2.008085101842880249e-01 -2.151943743228912354e-01 -2.026679664850234985e-01
1.210281252861022949e+00 -1.216765999794006348e+00 1.199226737022399902e+00 -2.012015730142593384e-01 -2.154604047536849976e-01 -2.022703140974044800e-01
1.209697127342224121e+00 -1.216634869575500488e+00 1.199440360069274902e+00 -2.017270922660827637e-01 -2.157982885837554932e-01 -2.017782330513000488e-01
1.209248423576354980e+00 -1.217046856880187988e+00 1.199469685554504395e+00 -2.018928080797195435e-01 -2.161716222763061523e-01 -2.018001973628997803e-01
1.209164977073669434e+00 -1.217186450958251953e+00 1.199825525283813477e+00 -2.021990269422531128e-01 -2.166088819503784180e-01 -2.014807760715484619e-01
1.208432912826538086e+00 -1.217660188674926758e+00 1.199349045753479004e+00 -2.026177197694778442e-01 -2.172834873199462891e-01 -2.008019387722015381e-01
