1.501533746719360352e+00 -9.286741614341735840e-01 1.160680055618286133e+00 -2.055225670337677002e-01 -2.141417264938354492e-01 -1.625385433435440063e-01
1.498453259468078613e+00 -9.319560527801513672e-01 1.161056399345397949e+00 -2.058709561824798584e-01 -2.136446982622146606e-01 -1.631146520376205444e-01
1.489932894706726074e+00 -9.410019516944885254e-01 1.162084579467773438e+00 -2.068107128143310547e-01 -2.123911678791046143e-01 -1.646657884120941162e-01
1.466461539268493652e+00 -9.656738042831420898e-01 1.165047526359558105e+00 -2.094310820102691650e-01 -2.119654119014739990e-01 -1.691501587629318237e-01
1.405932188034057617e+00 -1.027726411819458008e+00 1.173232913017272949e+00 -2.155596762895584106e-01 -2.159221023321151733e-01 -1.808719336986541748e-01
1.298797249794006348e+00 -1.131973028182983398e+00 1.187771916389465332e+00 -2.192705869674682617e-01 -2.228014022111892700e-01 -2.025413364171981812e-01
1.231589078903198242e+00 -1.192810654640197754e+00 1.190917611122131348e+00 -2.154616713523864746e-01 -2.216123640537261963e-01 -2.087418287992477417e-01
1.220465540885925293e+00 -1.200570702552795410e+00 1.185764670372009277e+00 -2.151713967323303223e-01 -2.174560725688934326e-01 -2.036479115486145020e-01
1.219527602195739746e+00 -1.200873851776123047e+00 1.184532403945922852e+00 -2.187085151672363281e-01 -2.168999761343002319e-01 -2.011056244373321533e-01
1.217978835105895996e+00 -1.203301310539245605e+00 1.186785459518432617e+00 -2.215985655784606934e-01 -2.180277258157730103e-01 -2.013895958662033081e-01
1.215756535530090332e+00 -1.206972718238830566e+00 1.189394950866699219e+00 -2.223452627658843994e-01 -2.186083495616912842e-01 -2.017548978328704834e-01
