1.105949163436889648e+00 -1.124775886535644531e+00 1.175193428993225098e+00 -1.996765434741973877e-01 -3.086423873901367188e-01 -2.524124383926391602e-01
1.106943726539611816e+00 -1.125939726829528809e+00 1.175705790519714355e+00 -1.995836794376373291e-01 -3.088883757591247559e-01 -2.526262700557708740e-01
1.109669685363769531e+00 -1.129141449928283691e+00 1.177131772041320801e+00 -1.993956565856933594e-01 -3.095898330211639404e-01 -2.532773911952972412e-01
1.117055416107177734e+00 -1.137783527374267578e+00 1.180835366249084473e+00 -1.992608308792114258e-01 -3.114889860153198242e-01 -2.551964819431304932e-01
1.136223196983337402e+00 -1.159081816673278809e+00 1.189461708068847656e+00 -1.989624202251434326e-01 -3.165580332279205322e-01 -2.600227892398834229e-01
1.170462012290954590e+00 -1.196735739707946777e+00 1.204112768173217773e+00 -1.937442421913146973e-01 -3.232181072235107422e-01 -2.682662606239318848e-01
1.193379640579223633e+00 -1.221683144569396973e+00 1.211161494255065918e+00 -1.863393783569335938e-01 -3.201161623001098633e-01 -2.765339910984039307e-01
1.199757933616638184e+00 -1.226144075393676758e+00 1.212406992912292480e+00 -1.873953789472579956e-01 -3.195134103298187256e-01 -2.743678390979766846e-01
1.200388908386230469e+00 -1.226987361907958984e+00 1.212792396545410156e+00 -1.917463839054107666e-01 -3.219583928585052490e-01 -2.702805101871490479e-01
1.200042963027954102e+00 -1.227980017662048340e+00 1.213130950927734375e+00 -1.942637711763381958e-01 -3.234491348266601562e-01 -2.685918211936950684e-01
1.199247360229492188e+00 -1.228882789611816406e+00 1.213051915168762207e+00 -1.935239285230636597e-01 -3.219211101531982422e-01 -2.702409923076629639e-01
