1.160729050636291504e+00 -1.175859689712524414e+00 1.173634409904479980e+00 -2.436280846595764160e-01 -1.322475671768188477e-01 -1.953947991132736206e-01
1.161348700523376465e+00 -1.176195740699768066e+00 1.173853039741516113e+00 -2.437646538019180298e-01 -1.324599981307983398e-01 -1.953873783349990845e-01
1.163032054901123047e+00 -1.177173495292663574e+00 1.174506425857543945e+00 -2.440167665481567383e-01 -1.331625878810882568e-01 -1.952403634786605835e-01
1.167725086212158203e+00 -1.179907202720642090e+00 1.176362395286560059e+00 -2.441386282444000244e-01 -1.355336457490921021e-01 -1.945980787277221680e-01
1.180078268051147461e+00 -1.186089873313903809e+00 1.180289983749389648e+00 -2.454236745834350586e-01 -1.413139104843139648e-01 -1.943721175193786621e-01
1.200178742408752441e+00 -1.197440862655639648e+00 1.186821341514587402e+00 -2.492962777614593506e-01 -1.545080244541168213e-01 -1.922425627708435059e-01
1.212704181671142578e+00 -1.204531788825988770e+00 1.190289378166198730e+00 -2.525006532669067383e-01 -1.676768362522125244e-01 -1.872297823429107666e-01
1.215064406394958496e+00 -1.206726431846618652e+00 1.190270066261291504e+00 -2.515308856964111328e-01 -1.699215918779373169e-01 -1.850367635488510132e-01
1.215873122215270996e+00 -1.207741618156433105e+00 1.190703749656677246e+00 -2.495605200529098511e-01 -1.690809726715087891e-01 -1.839429736137390137e-01
1.215972423553466797e+00 -1.208087325096130371e+00 1.191471457481384277e+00 -2.486575990915298462e-01 -1.700213253498077393e-01 -1.820250600576400757e-01
1.214854598045349121e+00 -1.208337545394897461e+00 1.191523432731628418e+00 -2.490019351243972778e-01 -1.724629700183868408e-01 -1.804499030113220215e-01
