1.177217841148376465e+00 -1.207574248313903809e+00 1.207660794258117676e+00 -8.238214254379272461e-02 -2.118250429630279541e-01 -2.461199015378952026e-01
1.177520275115966797e+00 -1.207751274108886719e+00 1.207657575607299805e+00 -8.255638927221298218e-02 -2.120595574378967285e-01 -2.456908822059631348e-01
1.178344011306762695e+00 -1.208252310752868652e+00 1.207648873329162598e+00 -8.306891471147537231e-02 -2.127396464347839355e-01 -2.444763779640197754e-01
1.180609822273254395e+00 -1.209619879722595215e+00 1.207558751106262207e+00 -8.486237376928329468e-02 -2.144153416156768799e-01 -2.411949932575225830e-01
1.186474084854125977e+00 -1.212989330291748047e+00 1.207312107086181641e+00 -9.088868647813796997e-02 -2.185074985027313232e-01 -2.347636073827743530e-01
1.197128295898437500e+00 -1.218980073928833008e+00 1.206599950790405273e+00 -9.769161790609359741e-02 -2.265619337558746338e-01 -2.180349975824356079e-01
1.204642295837402344e+00 -1.222751379013061523e+00 1.206195116043090820e+00 -9.909459948539733887e-02 -2.298374623060226440e-01 -2.085620760917663574e-01
1.206247687339782715e+00 -1.223672986030578613e+00 1.206499457359313965e+00 -1.010595560073852539e-01 -2.289470136165618896e-01 -2.076271772384643555e-01
1.206360459327697754e+00 -1.224236249923706055e+00 1.206640005111694336e+00 -1.050463914871215820e-01 -2.287166714668273926e-01 -2.067234516143798828e-01
1.206428885459899902e+00 -1.224287390708923340e+00 1.206941366195678711e+00 -1.084838658571243286e-01 -2.291721999645233154e-01 -2.046986818313598633e-01
1.206816196441650391e+00 -1.224241733551025391e+00 1.207209825515747070e+00 -1.104391366243362427e-01 -2.291608452796936035e-01 -2.022127062082290649e-01
