1.155680298805236816e+00 -1.207172393798828125e+00 1.290556430816650391e+00 -1.925256401300430298e-01 -2.285508215427398682e-01 -1.999146044254302979e-01
1.156291365623474121e+00 -1.207280993461608887e+00 1.289572477340698242e+00 -1.925672739744186401e-01 -2.283188253641128540e-01 -1.999144852161407471e-01
1.157977819442749023e+00 -1.207569599151611328e+00 1.286828160285949707e+00 -1.928794234991073608e-01 -2.278167605400085449e-01 -1.999878734350204468e-01
1.162552952766418457e+00 -1.208301067352294922e+00 1.279177904129028320e+00 -1.942681372165679932e-01 -2.271798700094223022e-01 -2.005658447742462158e-01
1.174229860305786133e+00 -1.209866881370544434e+00 1.259672164916992188e+00 -1.969824582338333130e-01 -2.250290215015411377e-01 -2.009244859218597412e-01
1.194559574127197266e+00 -1.213155865669250488e+00 1.225483775138854980e+00 -1.993504166603088379e-01 -2.188170254230499268e-01 -2.030106335878372192e-01
1.205045819282531738e+00 -1.219187736511230469e+00 1.207903027534484863e+00 -2.002861499786376953e-01 -2.155829668045043945e-01 -2.037960588932037354e-01
1.205835938453674316e+00 -1.222761750221252441e+00 1.206074118614196777e+00 -2.015227973461151123e-01 -2.153163105249404907e-01 -2.043704688549041748e-01
1.206646800041198730e+00 -1.222885012626647949e+00 1.204787969589233398e+00 -2.034853696823120117e-01 -2.148562967777252197e-01 -2.047385275363922119e-01
1.207840442657470703e+00 -1.221513986587524414e+00 1.203029751777648926e+00 -2.047321647405624390e-01 -2.136030495166778564e-01 -2.051377743482589722e-01
1.208416819572448730e+00 -1.220081210136413574e+00 1.202358484268188477e+00 -2.042146325111389160e-01 -2.115016281604766846e-01 -2.065225839614868164e-01
