1.221437931060791016e+00 -1.257274150848388672e+00 1.179639458656311035e+00 -1.974256634712219238e-01 -2.025510072708129883e-01 -2.036628425121307373e-01
1.221327662467956543e+00 -1.256807804107666016e+00 1.179806113243103027e+00 -1.974201649427413940e-01 -2.025247514247894287e-01 -2.037107348442077637e-01
1.221015095710754395e+00 -1.255540370941162109e+00 1.180282235145568848e+00 -1.973208039999008179e-01 -2.025017142295837402e-01 -2.037715315818786621e-01
1.220230221748352051e+00 -1.252061486244201660e+00 1.181604146957397461e+00 -1.969455182552337646e-01 -2.027211636304855347e-01 -2.034239917993545532e-01
1.218721747398376465e+00 -1.242740154266357422e+00 1.184245109558105469e+00 -1.968955397605895996e-01 -2.018632143735885620e-01 -2.029458731412887573e-01
1.215366363525390625e+00 -1.227480649948120117e+00 1.188448548316955566e+00 -1.979317218065261841e-01 -1.985858529806137085e-01 -2.047258317470550537e-01
1.211787104606628418e+00 -1.219867110252380371e+00 1.192384481430053711e+00 -1.983525753021240234e-01 -1.970199793577194214e-01 -2.050639241933822632e-01
1.210543513298034668e+00 -1.218287467956542969e+00 1.194716691970825195e+00 -1.980650573968887329e-01 -1.979071497917175293e-01 -2.024087309837341309e-01
1.210585474967956543e+00 -1.217179298400878906e+00 1.195043683052062988e+00 -1.982673406600952148e-01 -1.978241056203842163e-01 -1.998635083436965942e-01
1.211214661598205566e+00 -1.216264605522155762e+00 1.194486975669860840e+00 -1.994755864143371582e-01 -1.959888637065887451e-01 -1.980069279670715332e-01
1.212484955787658691e+00 -1.215886354446411133e+00 1.194151043891906738e+00 -2.011287361383438110e-01 -1.929447799921035767e-01 -1.967683434486389160e-01
