1.093652486801147461e+00 -1.249728918075561523e+00 1.450392127037048340e+00 -1.964678764343261719e-01 -3.849090635776519775e-01 -3.046423792839050293e-01
1.095051765441894531e+00 -1.249324798583984375e+00 1.447628855705261230e+00 -1.969724893569946289e-01 -3.845816254615783691e-01 -3.043258786201477051e-01
1.098847985267639160e+00 -1.248259902000427246e+00 1.440086007118225098e+00 -1.984233409166336060e-01 -3.837581574916839600e-01 -3.035196661949157715e-01
1.108927845954895020e+00 -1.245481610298156738e+00 1.419670939445495605e+00 -2.022482156753540039e-01 -3.817766904830932617e-01 -3.011366724967956543e-01
1.133901476860046387e+00 -1.238250255584716797e+00 1.367269873619079590e+00 -2.088601440191268921e-01 -3.733358085155487061e-01 -2.952181696891784668e-01
1.175692439079284668e+00 -1.225584864616394043e+00 1.274190306663513184e+00 -2.189759761095046997e-01 -3.496180474758148193e-01 -2.835812568664550781e-01
1.198898673057556152e+00 -1.221882700920104980e+00 1.218306541442871094e+00 -2.343790829181671143e-01 -3.356774747371673584e-01 -2.804988324642181396e-01
1.201350450515747070e+00 -1.226771473884582520e+00 1.211983561515808105e+00 -2.422351241111755371e-01 -3.376199603080749512e-01 -2.823651134967803955e-01
1.200988650321960449e+00 -1.228288769721984863e+00 1.211983680725097656e+00 -2.432056665420532227e-01 -3.396473228931427002e-01 -2.817057967185974121e-01
1.201858639717102051e+00 -1.226966738700866699e+00 1.209956049919128418e+00 -2.420586496591567993e-01 -3.382526040077209473e-01 -2.792196869850158691e-01
1.203557014465332031e+00 -1.225301623344421387e+00 1.208210349082946777e+00 -2.409445941448211670e-01 -3.352723121643066406e-01 -2.776099741458892822e-01
