1.245159745216369629e+00 -1.180037856101989746e+00 1.225430607795715332e+00 -1.298436224460601807e-01 -1.119188666343688965e-01 -2.255256325006484985e-01
1.244710087776184082e+00 -1.180572390556335449e+00 1.225196242332458496e+00 -1.302910149097442627e-01 -1.127842515707015991e-01 -2.250461578369140625e-01
1.243488907814025879e+00 -1.182023406028747559e+00 1.224560737609863281e+00 -1.315878480672836304e-01 -1.150911599397659302e-01 -2.238286584615707397e-01
1.240162253379821777e+00 -1.185969352722167969e+00 1.222880721092224121e+00 -1.356693059206008911e-01 -1.212596297264099121e-01 -2.208136618137359619e-01
1.231707572937011719e+00 -1.195828557014465332e+00 1.218396306037902832e+00 -1.465341597795486450e-01 -1.372958719730377197e-01 -2.123951315879821777e-01
1.217937469482421875e+00 -1.211541056632995605e+00 1.209634423255920410e+00 -1.599513441324234009e-01 -1.601450890302658081e-01 -1.988784819841384888e-01
1.210766196250915527e+00 -1.219132781028747559e+00 1.203001618385314941e+00 -1.655892133712768555e-01 -1.703414916992187500e-01 -1.905606836080551147e-01
1.208942174911499023e+00 -1.220527887344360352e+00 1.201491951942443848e+00 -1.695129722356796265e-01 -1.753532737493515015e-01 -1.840605884790420532e-01
1.207912087440490723e+00 -1.222072958946228027e+00 1.202227950096130371e+00 -1.733136177062988281e-01 -1.785791218280792236e-01 -1.806912571191787720e-01
1.206862688064575195e+00 -1.223589420318603516e+00 1.202745079994201660e+00 -1.747051030397415161e-01 -1.793445646762847900e-01 -1.808213144540786743e-01
1.206008553504943848e+00 -1.223897814750671387e+00 1.202744245529174805e+00 -1.733792722225189209e-01 -1.778985410928726196e-01 -1.835995912551879883e-01
