1.369997859001159668e+00 -1.136740326881408691e+00 1.018102765083312988e+00 -2.030783444643020630e-01 -1.823602914810180664e-01 -1.461837291717529297e-01
1.368117451667785645e+00 -1.138004660606384277e+00 1.020417213439941406e+00 -2.030894160270690918e-01 -1.831993460655212402e-01 -1.471169143915176392e-01
1.362967371940612793e+00 -1.141422629356384277e+00 1.026737451553344727e+00 -2.034118324518203735e-01 -1.854851841926574707e-01 -1.496767699718475342e-01
1.349018216133117676e+00 -1.150300979614257812e+00 1.043590068817138672e+00 -2.036980539560317993e-01 -1.921415030956268311e-01 -1.567159295082092285e-01
1.313906669616699219e+00 -1.170849204063415527e+00 1.084739327430725098e+00 -2.036500871181488037e-01 -2.079070806503295898e-01 -1.719539761543273926e-01
1.254043459892272949e+00 -1.200244784355163574e+00 1.150635719299316406e+00 -2.001955062150955200e-01 -2.329383194446563721e-01 -1.981009095907211304e-01
1.215591907501220703e+00 -1.215380430221557617e+00 1.190433740615844727e+00 -1.937877237796783447e-01 -2.587825059890747070e-01 -2.111879438161849976e-01
1.209611296653747559e+00 -1.216033339500427246e+00 1.196498632431030273e+00 -1.918364763259887695e-01 -2.648975551128387451e-01 -2.120190411806106567e-01
1.208551168441772461e+00 -1.216331362724304199e+00 1.198189854621887207e+00 -1.928299218416213989e-01 -2.627333402633666992e-01 -2.123787403106689453e-01
1.207141637802124023e+00 -1.217869520187377930e+00 1.200246930122375488e+00 -1.939960867166519165e-01 -2.599565982818603516e-01 -2.132534235715866089e-01
1.205676913261413574e+00 -1.219101071357727051e+00 1.201858997344970703e+00 -1.938461661338806152e-01 -2.593926787376403809e-01 -2.140263319015502930e-01
