1.155709505081176758e+00 -1.238611698150634766e+00 9.425139427185058594e-01 -1.657788008451461792e-01 -2.246301174163818359e-01 -2.419313341379165649e-01
1.156202435493469238e+00 -1.238665699958801270e+00 9.454537630081176758e-01 -1.656310558319091797e-01 -2.250899225473403931e-01 -2.417798489332199097e-01
1.157534241676330566e+00 -1.238795399665832520e+00 9.535611271858215332e-01 -1.654618233442306519e-01 -2.265133112668991089e-01 -2.412651330232620239e-01
1.160981297492980957e+00 -1.239059925079345703e+00 9.756869673728942871e-01 -1.670938730239868164e-01 -2.332356125116348267e-01 -2.410182058811187744e-01
1.169940233230590820e+00 -1.238866448402404785e+00 1.031793713569641113e+00 -1.686308085918426514e-01 -2.481325864791870117e-01 -2.422378212213516235e-01
1.186520218849182129e+00 -1.234702467918395996e+00 1.128886103630065918e+00 -1.684389561414718628e-01 -2.652603685855865479e-01 -2.395008504390716553e-01
1.198815345764160156e+00 -1.229183554649353027e+00 1.191484928131103516e+00 -1.632266938686370850e-01 -2.644604742527008057e-01 -2.354559898376464844e-01
1.201937198638916016e+00 -1.225909590721130371e+00 1.205877542495727539e+00 -1.619873791933059692e-01 -2.638974487781524658e-01 -2.321793586015701294e-01
1.201790690422058105e+00 -1.226171374320983887e+00 1.208021521568298340e+00 -1.638573557138442993e-01 -2.678470313549041748e-01 -2.310530990362167358e-01
1.201601743698120117e+00 -1.227048397064208984e+00 1.209285855293273926e+00 -1.647728830575942993e-01 -2.696733474731445312e-01 -2.318847775459289551e-01
1.201489210128784180e+00 -1.227131605148315430e+00 1.210587978363037109e+00 -1.632703393697738647e-01 -2.672146856784820557e-01 -2.331406325101852417e-01
