1.145153403282165527e+00 -1.338782191276550293e+00 1.147871375083923340e+00 -2.675304412841796875e-01 -2.041157186031341553e-01 -1.589317619800567627e-01
1.145833611488342285e+00 -1.337512731552124023e+00 1.148486614227294922e+00 -2.676060795783996582e-01 -2.039645016193389893e-01 -1.592921316623687744e-01
1.147710323333740234e+00 -1.334027647972106934e+00 1.150216698646545410e+00 -2.675000727176666260e-01 -2.033801376819610596e-01 -1.602003574371337891e-01
1.152817606925964355e+00 -1.324565172195434570e+00 1.155101180076599121e+00 -2.656284272670745850e-01 -2.015238106250762939e-01 -1.624293625354766846e-01
1.165775299072265625e+00 -1.300212383270263672e+00 1.167499899864196777e+00 -2.628318369388580322e-01 -1.983087360858917236e-01 -1.672168374061584473e-01
1.187799096107482910e+00 -1.257228612899780273e+00 1.188444375991821289e+00 -2.674761414527893066e-01 -1.960293054580688477e-01 -1.777552664279937744e-01
1.201019525527954102e+00 -1.229961872100830078e+00 1.200297355651855469e+00 -2.736067175865173340e-01 -1.942072510719299316e-01 -1.849800348281860352e-01
1.203853845596313477e+00 -1.225596666336059570e+00 1.203837752342224121e+00 -2.704512476921081543e-01 -1.909361481666564941e-01 -1.867720633745193481e-01
1.204314589500427246e+00 -1.224880933761596680e+00 1.205792188644409180e+00 -2.651072740554809570e-01 -1.882461458444595337e-01 -1.873618662357330322e-01
1.204444408416748047e+00 -1.224522948265075684e+00 1.206140518188476562e+00 -2.628114819526672363e-01 -1.869950294494628906e-01 -1.875374317169189453e-01
1.204476356506347656e+00 -1.224549293518066406e+00 1.204921126365661621e+00 -2.627444863319396973e-01 -1.851061284542083740e-01 -1.888203769922256470e-01
