1.237095713615417480e+00 -1.210922598838806152e+00 1.248879671096801758e+00 -3.621399402618408203e-01 -2.353439182043075562e-01 -2.001423835754394531e-01
1.236783385276794434e+00 -1.210993051528930664e+00 1.248337149620056152e+00 -3.619774580001831055e-01 -2.350808978080749512e-01 -2.002087235450744629e-01
1.235920429229736328e+00 -1.211163878440856934e+00 1.246804475784301758e+00 -3.615300059318542480e-01 -2.343499660491943359e-01 -2.003923803567886353e-01
1.233553528785705566e+00 -1.211618423461914062e+00 1.242541193962097168e+00 -3.603498935699462891e-01 -2.323387265205383301e-01 -2.010164707899093628e-01
1.227551579475402832e+00 -1.213036537170410156e+00 1.232298374176025391e+00 -3.581030964851379395e-01 -2.281968742609024048e-01 -2.025733739137649536e-01
1.216232061386108398e+00 -1.215712308883666992e+00 1.214835762977600098e+00 -3.551363348960876465e-01 -2.225496917963027954e-01 -2.040421664714813232e-01
1.209076762199401855e+00 -1.218357920646667480e+00 1.204141139984130859e+00 -3.495608568191528320e-01 -2.161231338977813721e-01 -2.048236727714538574e-01
1.207722187042236328e+00 -1.219072818756103516e+00 1.202455639839172363e+00 -3.457379341125488281e-01 -2.126515507698059082e-01 -2.038203179836273193e-01
1.207255125045776367e+00 -1.218919157981872559e+00 1.202095866203308105e+00 -3.448750972747802734e-01 -2.108432948589324951e-01 -2.024407535791397095e-01
1.206892013549804688e+00 -1.218569278717041016e+00 1.201478123664855957e+00 -3.456489145755767822e-01 -2.100615352392196655e-01 -2.008035182952880859e-01
1.206973791122436523e+00 -1.218849062919616699e+00 1.200615048408508301e+00 -3.460067212581634521e-01 -2.085779309272766113e-01 -1.993602216243743896e-01
