1.200650930404663086e+00 -1.201843738555908203e+00 1.199892878532409668e+00 -2.062897086143493652e-01 -2.216582000255584717e-01 -2.149700224399566650e-01
1.200762033462524414e+00 -1.201967716217041016e+00 1.199834704399108887e+00 -2.063962370157241821e-01 -2.217160016298294067e-01 -2.149018943309783936e-01
1.201073646545410156e+00 -1.202297449111938477e+00 1.199677705764770508e+00 -2.066463977098464966e-01 -2.218827754259109497e-01 -2.146729230880737305e-01
1.201909780502319336e+00 -1.203152537345886230e+00 1.199273586273193359e+00 -2.074337303638458252e-01 -2.225121855735778809e-01 -2.140265405178070068e-01
1.203973293304443359e+00 -1.205385208129882812e+00 1.198421835899353027e+00 -2.102976441383361816e-01 -2.249737530946731567e-01 -2.124616652727127075e-01
1.207857847213745117e+00 -1.209308624267578125e+00 1.197204828262329102e+00 -2.123807370662689209e-01 -2.267092168331146240e-01 -2.094203382730484009e-01
1.209857106208801270e+00 -1.212311506271362305e+00 1.196016311645507812e+00 -2.124324142932891846e-01 -2.259996980428695679e-01 -2.076337039470672607e-01
1.210188508033752441e+00 -1.213179111480712891e+00 1.195783138275146484e+00 -2.144020050764083862e-01 -2.265646904706954956e-01 -2.056475579738616943e-01
1.210102081298828125e+00 -1.213450670242309570e+00 1.195911884307861328e+00 -2.177874743938446045e-01 -2.272180169820785522e-01 -2.041768133640289307e-01
1.209917902946472168e+00 -1.213794946670532227e+00 1.195952773094177246e+00 -2.204100489616394043e-01 -2.273220419883728027e-01 -2.036969661712646484e-01
1.208720564842224121e+00 -1.214857816696166992e+00 1.194681167602539062e+00 -2.215315401554107666e-01 -2.265403270721435547e-01 -2.037650942802429199e-01
