1.133405327796936035e+00 -1.249614834785461426e+00 1.185649991035461426e+00 -1.786491125822067261e-01 -3.155748546123504639e-01 -2.109221220016479492e-01
1.134151339530944824e+00 -1.249331593513488770e+00 1.185877084732055664e+00 -1.781345009803771973e-01 -3.152949810028076172e-01 -2.112793624401092529e-01
1.136179685592651367e+00 -1.248589754104614258e+00 1.186496615409851074e+00 -1.766486763954162598e-01 -3.145302534103393555e-01 -2.122285813093185425e-01
1.141703248023986816e+00 -1.246577024459838867e+00 1.188170671463012695e+00 -1.724435985088348389e-01 -3.123838603496551514e-01 -2.148336470127105713e-01
1.155830979347229004e+00 -1.241400122642517090e+00 1.192667126655578613e+00 -1.631230115890502930e-01 -3.075519204139709473e-01 -2.211796045303344727e-01
1.180777192115783691e+00 -1.233013510704040527e+00 1.201297521591186523e+00 -1.537907868623733521e-01 -3.036417365074157715e-01 -2.339302599430084229e-01
1.197310566902160645e+00 -1.227228999137878418e+00 1.207226634025573730e+00 -1.528041064739227295e-01 -3.033429384231567383e-01 -2.395044714212417603e-01
1.200331091880798340e+00 -1.226386547088623047e+00 1.208413004875183105e+00 -1.518145799636840820e-01 -3.019694983959197998e-01 -2.402163743972778320e-01
1.201371192932128906e+00 -1.226455807685852051e+00 1.208893060684204102e+00 -1.492978036403656006e-01 -2.999000549316406250e-01 -2.413276284933090210e-01
1.201961636543273926e+00 -1.226575732231140137e+00 1.208986520767211914e+00 -1.481371372938156128e-01 -2.986465096473693848e-01 -2.425122559070587158e-01
1.201595902442932129e+00 -1.226526856422424316e+00 1.208621978759765625e+00 -1.488553881645202637e-01 -2.991513311862945557e-01 -2.435680329799652100e-01
