1.273322343826293945e+00 -1.123471975326538086e+00 1.110366463661193848e+00 -1.514389067888259888e-01 -1.754322499036788940e-01 -1.489884108304977417e-01
1.346702575683593750e+00 -1.325071454048156738e+00 7.815183401107788086e-01 -1.570756435394287109e-01 -1.210261881351470947e-01 -1.835282444953918457e-01
1.108137726783752441e+00 -1.466851234436035156e+00 6.160053014755249023e-01 -1.778236478567123413e-01 -1.292006671428680420e-01 -1.269467622041702271e-01
9.297466278076171875e-01 -1.569826841354370117e+00 7.928522825241088867e-01 -1.844569444656372070e-01 -1.265685558319091797e-01 -1.313187479972839355e-01
8.221334815025329590e-01 -1.543009042739868164e+00 1.112325429916381836e+00 -1.815479844808578491e-01 -8.792582154273986816e-02 -1.211549416184425354e-01
9.320068955421447754e-01 -1.240044474601745605e+00 1.241008877754211426e+00 -1.769496351480484009e-01 -6.477769464254379272e-02 -1.134843453764915466e-01
1.260707259178161621e+00 -1.209122300148010254e+00 1.176500797271728516e+00 -1.862782239913940430e-01 -7.644978165626525879e-02 -1.016889363527297974e-01
1.266937136650085449e+00 -1.280713558197021484e+00 8.600466251373291016e-01 -1.996342986822128296e-01 -8.462938666343688965e-02 -4.102254286408424377e-02
1.147161364555358887e+00 -1.534452080726623535e+00 7.938100099563598633e-01 -2.062795907258987427e-01 -3.493587300181388855e-02 -6.106236204504966736e-02
8.739439249038696289e-01 -1.563510894775390625e+00 9.183271527290344238e-01 -1.894584894180297852e-01 -1.136260014027357101e-02 -7.138536870479583740e-02
