1.219545722007751465e+00 -1.204696655273437500e+00 1.189851880073547363e+00 -2.355444729328155518e-01 -3.372579067945480347e-02 -3.595048561692237854e-02
1.052277207374572754e+00 -1.061475276947021484e+00 1.155346155166625977e+00 -2.804786264896392822e-01 1.787323877215385437e-02 -1.276017278432846069e-01
1.238827705383300781e+00 -1.043931722640991211e+00 1.284268975257873535e+00 -2.842068970203399658e-01 -6.047521531581878662e-02 -3.467617183923721313e-02
1.174499154090881348e+00 -1.017889738082885742e+00 1.162576675415039062e+00 -3.063979148864746094e-01 -4.839999228715896606e-02 -1.023369431495666504e-01
1.263209939002990723e+00 -1.056439042091369629e+00 1.161206007003784180e+00 -3.181846737861633301e-01 -7.975081354379653931e-02 -3.242479264736175537e-02
1.186361193656921387e+00 -1.101326227188110352e+00 1.112593412399291992e+00 -3.275764584541320801e-01 -6.786586344242095947e-02 -5.722244828939437866e-02
1.182121276855468750e+00 -1.094869375228881836e+00 1.153509378433227539e+00 -3.403525948524475098e-01 -8.052650094032287598e-02 -4.068745672702789307e-02
1.178361892700195312e+00 -1.070906639099121094e+00 1.170493125915527344e+00 -3.508109748363494873e-01 -8.190032839775085449e-02 -4.997216910123825073e-02
1.199232339859008789e+00 -1.060882091522216797e+00 1.177672266960144043e+00 -3.563130199909210205e-01 -9.391429275274276733e-02 -3.737569600343704224e-02
1.199443697929382324e+00 -1.066335558891296387e+00 1.165583848953247070e+00 -3.565444648265838623e-01 -9.578838944435119629e-02 -3.792843222618103027e-02
