1.181020140647888184e+00 -1.248455405235290527e+00 1.222386121749877930e+00 -1.530586928129196167e-01 -2.015625983476638794e-01 -2.008628547191619873e-01
1.018548607826232910e+00 -1.276214957237243652e+00 1.119118094444274902e+00 -1.602994203567504883e-01 -1.799432784318923950e-01 -2.028007060289382935e-01
9.955458045005798340e-01 -1.315330386161804199e+00 1.245157241821289062e+00 -1.556225121021270752e-01 -2.159593552350997925e-01 -1.773864924907684326e-01
9.589773416519165039e-01 -1.200990319252014160e+00 1.256064414978027344e+00 -1.309866309165954590e-01 -1.783414781093597412e-01 -2.119594067335128784e-01
1.051165223121643066e+00 -1.207974314689636230e+00 1.315176129341125488e+00 -1.373390853404998779e-01 -2.137625515460968018e-01 -1.805011481046676636e-01
1.047985196113586426e+00 -1.191415071487426758e+00 1.240246295928955078e+00 -1.357658356428146362e-01 -1.894392669200897217e-01 -2.012993097305297852e-01
1.073675870895385742e+00 -1.235250830650329590e+00 1.235833883285522461e+00 -1.425604373216629028e-01 -2.049383223056793213e-01 -1.895333379507064819e-01
1.034194469451904297e+00 -1.246650099754333496e+00 1.207952141761779785e+00 -1.415566504001617432e-01 -1.900541633367538452e-01 -2.014646083116531372e-01
1.029017567634582520e+00 -1.248672723770141602e+00 1.231064796447753906e+00 -1.420976221561431885e-01 -1.949660480022430420e-01 -1.986060440540313721e-01
1.023427248001098633e+00 -1.242172718048095703e+00 1.249436974525451660e+00 -1.424285620450973511e-01 -1.974546462297439575e-01 -1.972944438457489014e-01
