1.171671748161315918e+00 -1.270096182823181152e+00 1.226970672607421875e+00 -2.099222689867019653e-01 -2.383335530757904053e-01 -2.223535776138305664e-01
1.175835490226745605e+00 -1.287275314331054688e+00 1.195389270782470703e+00 -2.159037888050079346e-01 -2.380691766738891602e-01 -2.208147794008255005e-01
1.167507767677307129e+00 -1.303407073020935059e+00 1.179754853248596191e+00 -2.191668003797531128e-01 -2.372034788131713867e-01 -2.213076353073120117e-01
1.160214781761169434e+00 -1.308794379234313965e+00 1.174813628196716309e+00 -2.201347202062606812e-01 -2.331622391939163208e-01 -2.248578071594238281e-01
1.152975797653198242e+00 -1.312517642974853516e+00 1.174141883850097656e+00 -2.210357040166854858e-01 -2.308191359043121338e-01 -2.273347675800323486e-01
1.151835799217224121e+00 -1.312221169471740723e+00 1.178546190261840820e+00 -2.222810238599777222e-01 -2.330245822668075562e-01 -2.269825041294097900e-01
1.147400856018066406e+00 -1.310525298118591309e+00 1.180904507637023926e+00 -2.242543995380401611e-01 -2.356082648038864136e-01 -2.243553102016448975e-01
1.147513389587402344e+00 -1.309376835823059082e+00 1.185775756835937500e+00 -2.248591482639312744e-01 -2.345322817564010620e-01 -2.262938022613525391e-01
1.148624777793884277e+00 -1.307417511940002441e+00 1.190599083900451660e+00 -2.258400917053222656e-01 -2.355364114046096802e-01 -2.269706726074218750e-01
1.147576570510864258e+00 -1.306891083717346191e+00 1.193042516708374023e+00 -2.269996404647827148e-01 -2.365401387214660645e-01 -2.269638627767562866e-01
