1.192779302597045898e+00 -1.249305248260498047e+00 1.234265685081481934e+00 -2.190656960010528564e-01 -2.227561920881271362e-01 -2.043540626764297485e-01
1.178172945976257324e+00 -1.234360218048095703e+00 1.257915377616882324e+00 -2.175315916538238525e-01 -2.253773808479309082e-01 -2.035059034824371338e-01
1.186292171478271484e+00 -1.218649983406066895e+00 1.279818177223205566e+00 -2.154961526393890381e-01 -2.247466892004013062e-01 -2.058533430099487305e-01
1.193555951118469238e+00 -1.210466265678405762e+00 1.287349581718444824e+00 -2.159822285175323486e-01 -2.252406775951385498e-01 -2.061525136232376099e-01
1.197219491004943848e+00 -1.207009315490722656e+00 1.286690235137939453e+00 -2.170473039150238037e-01 -2.242960631847381592e-01 -2.074465751647949219e-01
1.198488950729370117e+00 -1.206426620483398438e+00 1.282374024391174316e+00 -2.189668267965316772e-01 -2.247321605682373047e-01 -2.069452852010726929e-01
1.202981710433959961e+00 -1.206007242202758789e+00 1.278093814849853516e+00 -2.208835929632186890e-01 -2.247522324323654175e-01 -2.068637907505035400e-01
1.205869913101196289e+00 -1.208428859710693359e+00 1.272124171257019043e+00 -2.231973707675933838e-01 -2.255132496356964111e-01 -2.062602937221527100e-01
1.205509066581726074e+00 -1.210714340209960938e+00 1.263299345970153809e+00 -2.257412523031234741e-01 -2.262391149997711182e-01 -2.051162421703338623e-01
1.207787990570068359e+00 -1.212642669677734375e+00 1.258285522460937500e+00 -2.281495630741119385e-01 -2.277189493179321289e-01 -2.039027512073516846e-01
