1.200727105140686035e+00 -1.229256272315979004e+00 1.199051141738891602e+00 -2.250365167856216431e-01 -2.789921164512634277e-01 -2.888266146183013916e-01
1.153521180152893066e+00 -1.223883032798767090e+00 1.305941462516784668e+00 -2.218322604894638062e-01 -3.155658841133117676e-01 -2.594364881515502930e-01
1.144833207130432129e+00 -1.142467260360717773e+00 1.380061984062194824e+00 -1.963475197553634644e-01 -3.040931522846221924e-01 -2.834303379058837891e-01
1.195534110069274902e+00 -1.079584240913391113e+00 1.405816316604614258e+00 -2.047267407178878784e-01 -3.208473026752471924e-01 -2.572503685951232910e-01
1.239398479461669922e+00 -1.074348211288452148e+00 1.368351340293884277e+00 -2.166706025600433350e-01 -3.237513005733489990e-01 -2.480209618806838989e-01
1.278714299201965332e+00 -1.081454038619995117e+00 1.300212740898132324e+00 -2.302294522523880005e-01 -3.184306919574737549e-01 -2.455454766750335693e-01
1.287562608718872070e+00 -1.137227535247802734e+00 1.243363976478576660e+00 -2.417000234127044678e-01 -3.148294389247894287e-01 -2.450530529022216797e-01
1.246603369712829590e+00 -1.189940094947814941e+00 1.228450655937194824e+00 -2.467763125896453857e-01 -3.134998679161071777e-01 -2.458652853965759277e-01
1.203906893730163574e+00 -1.196579337120056152e+00 1.253571987152099609e+00 -2.407965958118438721e-01 -3.069430887699127197e-01 -2.552228569984436035e-01
1.187974214553833008e+00 -1.179450631141662598e+00 1.307574272155761719e+00 -2.310447990894317627e-01 -3.081064224243164062e-01 -2.640405893325805664e-01
