1.204155325889587402e+00 -1.217097997665405273e+00 1.202314496040344238e+00 -2.469765692949295044e-01 -2.128031849861145020e-01 -1.941827833652496338e-01
9.876426458358764648e-01 -1.229027152061462402e+00 1.252544283866882324e+00 -2.141625732183456421e-01 -1.576830446720123291e-01 -2.493824362754821777e-01
9.947082996368408203e-01 -1.156424283981323242e+00 1.456309795379638672e+00 -1.982356756925582886e-01 -1.746324002742767334e-01 -2.562449574470520020e-01
1.043841123580932617e+00 -9.998189210891723633e-01 1.470314621925354004e+00 -2.148922830820083618e-01 -1.909310072660446167e-01 -2.247296571731567383e-01
1.213458180427551270e+00 -9.738603234291076660e-01 1.428134441375732422e+00 -2.315370142459869385e-01 -1.931351572275161743e-01 -2.047398537397384644e-01
1.251122593879699707e+00 -1.023002505302429199e+00 1.244889616966247559e+00 -2.471284270286560059e-01 -1.769438534975051880e-01 -1.853592395782470703e-01
1.227117538452148438e+00 -1.163879990577697754e+00 1.182019948959350586e+00 -2.527399063110351562e-01 -1.795490682125091553e-01 -1.885020881891250610e-01
1.083704233169555664e+00 -1.230830550193786621e+00 1.203435182571411133e+00 -2.357767373323440552e-01 -1.419704854488372803e-01 -2.315325289964675903e-01
1.016791343688964844e+00 -1.194154739379882812e+00 1.346282839775085449e+00 -2.324659377336502075e-01 -1.686287671327590942e-01 -2.161869853734970093e-01
1.021373152732849121e+00 -1.086533665657043457e+00 1.425987720489501953e+00 -2.105671018362045288e-01 -1.567949056625366211e-01 -2.393912523984909058e-01
