1.239703893661499023e+00 -1.167057275772094727e+00 1.155313014984130859e+00 -2.060639262199401855e-01 -2.782963812351226807e-01 -2.376316338777542114e-01
1.108017563819885254e+00 -1.188229799270629883e+00 1.214190721511840820e+00 -1.744960695505142212e-01 -2.403983920812606812e-01 -2.938826680183410645e-01
1.063577294349670410e+00 -1.143355369567871094e+00 1.363040685653686523e+00 -1.766080558300018311e-01 -2.955757975578308105e-01 -2.410004734992980957e-01
1.106912732124328613e+00 -1.001362204551696777e+00 1.395463585853576660e+00 -1.555637121200561523e-01 -2.745197117328643799e-01 -2.701142132282257080e-01
1.235756278038024902e+00 -9.669407606124877930e-01 1.337294936180114746e+00 -1.762847006320953369e-01 -2.861128747463226318e-01 -2.341549843549728394e-01
1.288142800331115723e+00 -1.020137190818786621e+00 1.201765179634094238e+00 -1.985102742910385132e-01 -2.825381159782409668e-01 -2.250113785266876221e-01
1.237455725669860840e+00 -1.158332824707031250e+00 1.159276962280273438e+00 -1.963310688734054565e-01 -2.691439688205718994e-01 -2.591639757156372070e-01
1.127388000488281250e+00 -1.175855517387390137e+00 1.206666111946105957e+00 -1.854263693094253540e-01 -2.666028439998626709e-01 -2.660350799560546875e-01
1.082376956939697266e+00 -1.154151201248168945e+00 1.330852627754211426e+00 -1.665612459182739258e-01 -2.745572924613952637e-01 -2.736902236938476562e-01
1.088797807693481445e+00 -1.043776869773864746e+00 1.384043931961059570e+00 -1.614809334278106689e-01 -2.797404527664184570e-01 -2.630726993083953857e-01
