1.152129888534545898e+00 -1.304159879684448242e+00 1.273831486701965332e+00 -1.886600106954574585e-01 -2.125510126352310181e-01 -2.279067486524581909e-01
1.193671584129333496e+00 -1.192450523376464844e+00 1.321611642837524414e+00 -1.927454024553298950e-01 -2.298830747604370117e-01 -2.014508545398712158e-01
1.295213580131530762e+00 -1.148462057113647461e+00 1.299555301666259766e+00 -1.990407109260559082e-01 -2.351189255714416504e-01 -1.836469769477844238e-01
1.344275712966918945e+00 -1.167265892028808594e+00 1.209428071975708008e+00 -2.129132598638534546e-01 -2.342187911272048950e-01 -1.720193922519683838e-01
1.347074866294860840e+00 -1.227933645248413086e+00 1.122114300727844238e+00 -2.235453128814697266e-01 -2.271394431591033936e-01 -1.739355623722076416e-01
1.301492094993591309e+00 -1.296100497245788574e+00 1.092237353324890137e+00 -2.283110022544860840e-01 -2.197934985160827637e-01 -1.822648346424102783e-01
1.238116383552551270e+00 -1.314902901649475098e+00 1.116166949272155762e+00 -2.272305339574813843e-01 -2.182256728410720825e-01 -1.822157353162765503e-01
1.221322178840637207e+00 -1.303433418273925781e+00 1.186362504959106445e+00 -2.173989415168762207e-01 -2.167049795389175415e-01 -1.991990208625793457e-01
1.211341619491577148e+00 -1.266010403633117676e+00 1.237935900688171387e+00 -2.140299379825592041e-01 -2.234690040349960327e-01 -1.950264722108840942e-01
1.238155126571655273e+00 -1.225225687026977539e+00 1.266172647476196289e+00 -2.139368057250976562e-01 -2.276718467473983765e-01 -1.893517374992370605e-01
