1.174411296844482422e+00 -1.273951411247253418e+00 1.242832541465759277e+00 -1.976773887872695923e-01 -2.060772925615310669e-01 -2.454367429018020630e-01
1.208516001701354980e+00 -1.262860059738159180e+00 1.124115467071533203e+00 -2.113682627677917480e-01 -2.226663380861282349e-01 -1.940037757158279419e-01
1.214096069335937500e+00 -1.350902438163757324e+00 1.053125381469726562e+00 -2.214736789464950562e-01 -2.248936593532562256e-01 -1.977758407592773438e-01
1.131371378898620605e+00 -1.394738197326660156e+00 1.019382596015930176e+00 -2.182931303977966309e-01 -1.852933764457702637e-01 -2.402232140302658081e-01
1.090468525886535645e+00 -1.396021127700805664e+00 1.085054874420166016e+00 -2.215834558010101318e-01 -2.281145453453063965e-01 -2.006791681051254272e-01
1.079603791236877441e+00 -1.372249245643615723e+00 1.155084013938903809e+00 -1.965640634298324585e-01 -1.885986626148223877e-01 -2.616508901119232178e-01
1.109986424446105957e+00 -1.318055152893066406e+00 1.185200572013854980e+00 -2.091827541589736938e-01 -2.230410575866699219e-01 -2.080313265323638916e-01
1.147858858108520508e+00 -1.314962863922119141e+00 1.168618559837341309e+00 -2.103157788515090942e-01 -2.161098420619964600e-01 -2.153652906417846680e-01
1.162285804748535156e+00 -1.323075175285339355e+00 1.132106065750122070e+00 -2.187090069055557251e-01 -2.223832905292510986e-01 -2.031344473361968994e-01
1.159246444702148438e+00 -1.344738245010375977e+00 1.105911254882812500e+00 -2.229372411966323853e-01 -2.180343121290206909e-01 -2.073446512222290039e-01
