1.266819715499877930e+00 -1.200029730796813965e+00 1.256009936332702637e+00 -1.233138144016265869e-01 -2.279670238494873047e-01 -1.763129234313964844e-01
1.208314657211303711e+00 -1.218370676040649414e+00 1.198952436447143555e+00 -1.203502267599105835e-01 -2.255576103925704956e-01 -2.139246165752410889e-01
1.213659644126892090e+00 -1.213383316993713379e+00 1.193982243537902832e+00 -1.238935440778732300e-01 -2.176871001720428467e-01 -1.976196020841598511e-01
1.211290597915649414e+00 -1.212863922119140625e+00 1.194764256477355957e+00 -1.280551552772521973e-01 -2.228491157293319702e-01 -2.018396556377410889e-01
1.212398052215576172e+00 -1.216320991516113281e+00 1.196462154388427734e+00 -1.223466321825981140e-01 -2.093380689620971680e-01 -1.939971446990966797e-01
1.211389541625976562e+00 -1.217708826065063477e+00 1.199805498123168945e+00 -1.207207217812538147e-01 -2.182531654834747314e-01 -1.466452777385711670e-01
1.204886794090270996e+00 -1.223945736885070801e+00 1.203605651855468750e+00 -1.290781646966934204e-01 -2.117574959993362427e-01 -2.086466997861862183e-01
1.205333828926086426e+00 -1.223232030868530273e+00 1.203168749809265137e+00 -1.224213168025016785e-01 -2.182974070310592651e-01 -2.041897773742675781e-01
1.210167288780212402e+00 -1.217889428138732910e+00 1.199188709259033203e+00 -1.275705397129058838e-01 -2.353939116001129150e-01 -2.132240533828735352e-01
1.208362221717834473e+00 -1.217431545257568359e+00 1.198645472526550293e+00 -1.262871921062469482e-01 -2.346027195453643799e-01 -2.105944454669952393e-01
1.207431912422180176e+00 -1.220784544944763184e+00 1.201906204223632812e+00 -1.288352161645889282e-01 -2.330772727727890015e-01 -2.030557245016098022e-01
