1.211613059043884277e+00 -1.210799455642700195e+00 1.194032192230224609e+00 -1.976034343242645264e-01 -1.791258752346038818e-01 -1.644919216632843018e-01
1.200711250305175781e+00 -1.216683983802795410e+00 1.189095258712768555e+00 -1.998688131570816040e-01 -1.793668866157531738e-01 -1.670567691326141357e-01
1.197027087211608887e+00 -1.217760443687438965e+00 1.196815490722656250e+00 -2.023340612649917603e-01 -1.839214116334915161e-01 -1.673027127981185913e-01
1.193746924400329590e+00 -1.213211774826049805e+00 1.203247785568237305e+00 -2.060080766677856445e-01 -1.891088783740997314e-01 -1.673068255186080933e-01
1.196615457534790039e+00 -1.209472537040710449e+00 1.208486437797546387e+00 -2.084323912858963013e-01 -1.922394782304763794e-01 -1.676004827022552490e-01
1.198900222778320312e+00 -1.206195950508117676e+00 1.208176970481872559e+00 -2.119149863719940186e-01 -1.946699321269989014e-01 -1.682899296283721924e-01
1.202068448066711426e+00 -1.206321835517883301e+00 1.205882310867309570e+00 -2.150541692972183228e-01 -1.994543075561523438e-01 -1.666825562715530396e-01
1.202786803245544434e+00 -1.207753896713256836e+00 1.202185392379760742e+00 -2.184714376926422119e-01 -2.023810595273971558e-01 -1.672806292772293091e-01
1.202964186668395996e+00 -1.209004282951354980e+00 1.199065327644348145e+00 -2.244955301284790039e-01 -2.066108882427215576e-01 -1.636124849319458008e-01
1.202034235000610352e+00 -1.212089180946350098e+00 1.197862029075622559e+00 -2.280101180076599121e-01 -2.066510468721389771e-01 -1.655935347080230713e-01
