1.202117443084716797e+00 -1.225867509841918945e+00 1.208724379539489746e+00 -2.031196653842926025e-01 -2.060069143772125244e-01 -1.817989051342010498e-01
1.234175086021423340e+00 -1.405389904975891113e+00 1.335346102714538574e+00 -1.948173344135284424e-01 -2.480889409780502319e-01 -1.825113594532012939e-01
1.032983303070068359e+00 -1.319444537162780762e+00 1.318693995475769043e+00 -2.558620274066925049e-01 -2.403233349323272705e-01 -2.801286280155181885e-01
1.063332319259643555e+00 -1.342293381690979004e+00 1.540652155876159668e+00 -2.393993735313415527e-01 -3.308545947074890137e-01 -1.568944305181503296e-01
1.046343922615051270e+00 -1.119752407073974609e+00 1.481231451034545898e+00 -2.720404267311096191e-01 -2.980123758316040039e-01 -2.688384950160980225e-01
1.280785560607910156e+00 -1.131212115287780762e+00 1.518846035003662109e+00 -3.291722536087036133e-01 -3.543269634246826172e-01 -1.910494118928909302e-01
1.282670140266418457e+00 -1.119689226150512695e+00 1.302819490432739258e+00 -3.677466809749603271e-01 -3.280678391456604004e-01 -1.228976994752883911e-01
1.328343272209167480e+00 -1.323887348175048828e+00 1.294364213943481445e+00 -3.765268921852111816e-01 -3.450600802898406982e-01 -1.290599554777145386e-01
1.122329592704772949e+00 -1.360593318939208984e+00 1.243642330169677734e+00 -3.761263787746429443e-01 -2.968912720680236816e-01 -1.580337733030319214e-01
1.056456089019775391e+00 -1.410344719886779785e+00 1.436117887496948242e+00 -3.553762733936309814e-01 -3.158704042434692383e-01 -1.662350744009017944e-01
