1.212562322616577148e+00 -1.211756467819213867e+00 1.193862438201904297e+00 -1.583584547042846680e-01 -2.446470409631729126e-01 -2.244964987039566040e-01
1.182493925094604492e+00 -1.226211905479431152e+00 1.171035289764404297e+00 -1.605089008808135986e-01 -2.455754876136779785e-01 -2.187844961881637573e-01
1.177566766738891602e+00 -1.232166409492492676e+00 1.185845255851745605e+00 -1.614945679903030396e-01 -2.483127713203430176e-01 -2.199911773204803467e-01
1.166306614875793457e+00 -1.225173234939575195e+00 1.199901342391967773e+00 -1.704166382551193237e-01 -2.548705041408538818e-01 -2.227969020605087280e-01
1.171350479125976562e+00 -1.215080380439758301e+00 1.212833046913146973e+00 -1.707164496183395386e-01 -2.600406110286712646e-01 -2.178940176963806152e-01
1.180670619010925293e+00 -1.204388737678527832e+00 1.210290074348449707e+00 -1.709724962711334229e-01 -2.646109759807586670e-01 -2.157065123319625854e-01
1.191418409347534180e+00 -1.207030892372131348e+00 1.201260805130004883e+00 -1.715482175350189209e-01 -2.648331224918365479e-01 -2.168752402067184448e-01
1.189233303070068359e+00 -1.215633869171142578e+00 1.189359068870544434e+00 -1.731717288494110107e-01 -2.659203410148620605e-01 -2.138359248638153076e-01
1.183999776840209961e+00 -1.220878124237060547e+00 1.186546683311462402e+00 -1.754278093576431274e-01 -2.665581107139587402e-01 -2.151100486516952515e-01
1.180945158004760742e+00 -1.220704317092895508e+00 1.189067602157592773e+00 -1.801096498966217041e-01 -2.666461765766143799e-01 -2.133792936801910400e-01
