1.206441044807434082e+00 -1.220545768737792969e+00 1.204333424568176270e+00 -1.897315829992294312e-01 -1.929349899291992188e-01 -1.779800653457641602e-01
1.200600743293762207e+00 -1.221885323524475098e+00 1.201277494430541992e+00 -1.874128878116607666e-01 -1.936111897230148315e-01 -1.750630885362625122e-01
1.200953245162963867e+00 -1.221566200256347656e+00 1.202453494071960449e+00 -1.843552589416503906e-01 -1.925598978996276855e-01 -1.827897280454635620e-01
1.201113224029541016e+00 -1.221275925636291504e+00 1.203260540962219238e+00 -1.832950413227081299e-01 -1.936739683151245117e-01 -1.815597414970397949e-01
1.201005578041076660e+00 -1.220948576927185059e+00 1.203763365745544434e+00 -1.816008090972900391e-01 -1.940476447343826294e-01 -1.804581582546234131e-01
1.200982570648193359e+00 -1.220584392547607422e+00 1.203744053840637207e+00 -1.785479038953781128e-01 -1.927583962678909302e-01 -1.801681965589523315e-01
1.201224923133850098e+00 -1.220641255378723145e+00 1.204215049743652344e+00 -1.778558939695358276e-01 -1.921443939208984375e-01 -1.803647875785827637e-01
1.201014041900634766e+00 -1.220475912094116211e+00 1.203970432281494141e+00 -1.747298389673233032e-01 -1.909964233636856079e-01 -1.806487739086151123e-01
1.201369643211364746e+00 -1.220645189285278320e+00 1.204356431961059570e+00 -1.734166741371154785e-01 -1.900639533996582031e-01 -1.823710799217224121e-01
1.201128959655761719e+00 -1.220502972602844238e+00 1.203859210014343262e+00 -1.697141528129577637e-01 -1.889995485544204712e-01 -1.834290921688079834e-01
