1.205370187759399414e+00 -1.218834400177001953e+00 1.203589677810668945e+00 -3.313463926315307617e-01 -2.322469055652618408e-01 -1.977464854717254639e-01
1.201265454292297363e+00 -1.212942361831665039e+00 1.210208058357238770e+00 -3.221824467182159424e-01 -2.432579696178436279e-01 -1.978083550930023193e-01
1.206083178520202637e+00 -1.207764863967895508e+00 1.216637849807739258e+00 -3.109453022480010986e-01 -2.516401708126068115e-01 -2.027613818645477295e-01
1.208632707595825195e+00 -1.204274296760559082e+00 1.214696288108825684e+00 -3.020457327365875244e-01 -2.575763463973999023e-01 -2.065043151378631592e-01
1.213347077369689941e+00 -1.204797387123107910e+00 1.210196495056152344e+00 -2.922406792640686035e-01 -2.635150849819183350e-01 -2.145511507987976074e-01
1.213008165359497070e+00 -1.209927082061767578e+00 1.206446886062622070e+00 -2.845813930034637451e-01 -2.692314386367797852e-01 -2.213727384805679321e-01
1.210099220275878906e+00 -1.210892200469970703e+00 1.203826665878295898e+00 -2.743644416332244873e-01 -2.736899256706237793e-01 -2.293737232685089111e-01
1.209699511528015137e+00 -1.211837530136108398e+00 1.205264925956726074e+00 -2.710115909576416016e-01 -2.809719145298004150e-01 -2.343045622110366821e-01
1.208879113197326660e+00 -1.210600972175598145e+00 1.206555604934692383e+00 -2.632464766502380371e-01 -2.892161011695861816e-01 -2.412419021129608154e-01
1.209423780441284180e+00 -1.210381507873535156e+00 1.207629919052124023e+00 -2.615371942520141602e-01 -2.981614470481872559e-01 -2.460033297538757324e-01
