1.200839996337890625e+00 -1.233003854751586914e+00 1.209687709808349609e+00 -1.629811674356460571e-01 -2.374186068773269653e-01 -2.713721096515655518e-01
1.207674980163574219e+00 -1.206851720809936523e+00 1.081154584884643555e+00 -2.037052661180496216e-01 -2.708379328250885010e-01 -1.874383389949798584e-01
1.230584144592285156e+00 -1.316334128379821777e+00 1.050829052925109863e+00 -1.966672092676162720e-01 -2.431841343641281128e-01 -2.455590516328811646e-01
1.120381474494934082e+00 -1.330692887306213379e+00 1.030099034309387207e+00 -1.952118873596191406e-01 -2.400670051574707031e-01 -2.318559288978576660e-01
1.107652306556701660e+00 -1.348877429962158203e+00 1.131301045417785645e+00 -1.741614788770675659e-01 -2.485825121402740479e-01 -2.312540113925933838e-01
1.089999079704284668e+00 -1.262372016906738281e+00 1.159017801284790039e+00 -1.604048907756805420e-01 -2.297850549221038818e-01 -2.423895299434661865e-01
1.180295467376708984e+00 -1.242970824241638184e+00 1.178692340850830078e+00 -1.584370285272598267e-01 -2.411147356033325195e-01 -2.286842316389083862e-01
1.199292659759521484e+00 -1.231803417205810547e+00 1.097135424613952637e+00 -1.693015098571777344e-01 -2.349807322025299072e-01 -2.178401350975036621e-01
1.206882238388061523e+00 -1.300000071525573730e+00 1.062869191169738770e+00 -1.695701032876968384e-01 -2.301136553287506104e-01 -2.316340208053588867e-01
1.135937213897705078e+00 -1.324711918830871582e+00 1.053693175315856934e+00 -1.636006683111190796e-01 -2.167383432388305664e-01 -2.404010146856307983e-01
