1.207303524017333984e+00 -1.207940697669982910e+00 1.193730831146240234e+00 -1.310181468725204468e-01 -2.340212166309356689e-01 -1.868990957736968994e-01
1.377139687538146973e+00 -1.106611251831054688e+00 1.105239391326904297e+00 -1.523509919643402100e-01 -2.391897439956665039e-01 -1.760966330766677856e-01
1.463383674621582031e+00 -1.178854346275329590e+00 9.086782336235046387e-01 -1.870458722114562988e-01 -2.627853453159332275e-01 -1.083156391978263855e-01
1.356826305389404297e+00 -1.361522912979125977e+00 8.212505578994750977e-01 -1.981252729892730713e-01 -2.206700444221496582e-01 -1.708165705204010010e-01
1.186272501945495605e+00 -1.431564927101135254e+00 9.177158474922180176e-01 -1.906720548868179321e-01 -2.194270342588424683e-01 -1.696126908063888550e-01
1.137966990470886230e+00 -1.372435092926025391e+00 1.110864400863647461e+00 -1.715779304504394531e-01 -2.185826152563095093e-01 -1.787485480308532715e-01
1.214398980140686035e+00 -1.183524966239929199e+00 1.177604794502258301e+00 -1.686938852071762085e-01 -2.304280698299407959e-01 -1.493942141532897949e-01
1.408075332641601562e+00 -1.115706205368041992e+00 1.088289141654968262e+00 -1.822138130664825439e-01 -2.298254668712615967e-01 -1.489634513854980469e-01
1.453838467597961426e+00 -1.188895225524902344e+00 8.762471675872802734e-01 -2.151457369327545166e-01 -2.303936034440994263e-01 -1.198356747627258301e-01
1.343177437782287598e+00 -1.393465995788574219e+00 8.247050642967224121e-01 -2.230307906866073608e-01 -2.255065888166427612e-01 -1.154759079217910767e-01
