1.169433116912841797e+00 -1.276197195053100586e+00 1.262369632720947266e+00 -1.735214293003082275e-01 -2.272012829780578613e-01 -2.143722176551818848e-01
1.310953736305236816e+00 -1.210735321044921875e+00 1.359077215194702148e+00 -1.715917438268661499e-01 -2.397903949022293091e-01 -2.270973175764083862e-01
1.250302553176879883e+00 -1.255186438560485840e+00 1.416494488716125488e+00 -1.638471782207489014e-01 -2.485956251621246338e-01 -2.351852655410766602e-01
1.152743935585021973e+00 -1.250735640525817871e+00 1.518939137458801270e+00 -1.406539380550384521e-01 -2.510327100753784180e-01 -2.552139461040496826e-01
1.058532714843750000e+00 -1.204005599021911621e+00 1.665378451347351074e+00 -1.164056658744812012e-01 -2.642065286636352539e-01 -2.625915408134460449e-01
8.825327157974243164e-01 -1.160552620887756348e+00 1.774324417114257812e+00 -9.212085604667663574e-02 -2.804054617881774902e-01 -2.500224113464355469e-01
6.480779647827148438e-01 -1.130095243453979492e+00 1.843496799468994141e+00 -6.289774924516677856e-02 -2.848105132579803467e-01 -2.434065192937850952e-01
3.053194880485534668e-01 -1.150649905204772949e+00 1.822832345962524414e+00 -6.085700914263725281e-02 -3.021522164344787598e-01 -2.790852785110473633e-01
-1.617740541696548462e-01 -1.244843363761901855e+00 1.605988383293151855e+00 -8.667027950286865234e-02 -3.226496875286102295e-01 -3.052414357662200928e-01
-5.486761331558227539e-01 -1.305454611778259277e+00 1.094403028488159180e+00 -1.563156396150588989e-01 -3.053483963012695312e-01 -3.313131034374237061e-01
