1.210756778717041016e+00 -1.213255047798156738e+00 1.194248914718627930e+00 -1.738767623901367188e-01 -2.065741121768951416e-01 -1.956470310688018799e-01
1.218606233596801758e+00 -1.201490640640258789e+00 1.181434750556945801e+00 -1.735161542892456055e-01 -2.053733915090560913e-01 -1.904529929161071777e-01
1.230996370315551758e+00 -1.218299746513366699e+00 1.174774408340454102e+00 -1.703030169010162354e-01 -2.017553597688674927e-01 -1.938476860523223877e-01
1.205485939979553223e+00 -1.233169436454772949e+00 1.172830700874328613e+00 -1.672814935445785522e-01 -1.996923536062240601e-01 -1.963512003421783447e-01
1.194562435150146484e+00 -1.227961540222167969e+00 1.191597938537597656e+00 -1.647526025772094727e-01 -2.018389403820037842e-01 -2.003148794174194336e-01
1.199996113777160645e+00 -1.209978580474853516e+00 1.202186465263366699e+00 -1.641106307506561279e-01 -2.036980092525482178e-01 -2.003750354051589966e-01
1.215832471847534180e+00 -1.205204367637634277e+00 1.203106164932250977e+00 -1.614302545785903931e-01 -2.030800133943557739e-01 -1.977255642414093018e-01
1.216785669326782227e+00 -1.210786223411560059e+00 1.193760395050048828e+00 -1.572116315364837646e-01 -1.971070766448974609e-01 -2.017496079206466675e-01
1.220728516578674316e+00 -1.200900912284851074e+00 1.173358082771301270e+00 -1.633240282535552979e-01 -2.027692943811416626e-01 -1.945313066244125366e-01
1.225870609283447266e+00 -1.233012914657592773e+00 1.180448174476623535e+00 -1.584607064723968506e-01 -1.985241174697875977e-01 -2.077568322420120239e-01
