1.209587216377258301e+00 -1.213815212249755859e+00 1.201334118843078613e+00 -3.265002071857452393e-01 -1.702263355255126953e-01 -1.712862551212310791e-01
1.389450073242187500e+00 -1.228813886642456055e+00 1.224040269851684570e+00 -3.315831422805786133e-01 -1.844889521598815918e-01 -1.688892394304275513e-01
1.375531554222106934e+00 -1.190758109092712402e+00 1.042916417121887207e+00 -3.534060418605804443e-01 -1.623423248529434204e-01 -1.536734253168106079e-01
1.407933235168457031e+00 -1.368013381958007812e+00 1.031148910522460938e+00 -3.626746833324432373e-01 -1.907443851232528687e-01 -1.311652362346649170e-01
1.234031081199645996e+00 -1.369450211524963379e+00 9.988092780113220215e-01 -3.503731787204742432e-01 -1.441866159439086914e-01 -1.691165417432785034e-01
1.229188561439514160e+00 -1.428202748298645020e+00 1.161297798156738281e+00 -3.502763807773590088e-01 -1.866677999496459961e-01 -1.725319474935531616e-01
1.177567958831787109e+00 -1.264549493789672852e+00 1.192913532257080078e+00 -3.280500769615173340e-01 -1.584270596504211426e-01 -1.971487104892730713e-01
1.339079022407531738e+00 -1.240914225578308105e+00 1.252352476119995117e+00 -3.365384638309478760e-01 -1.911376565694808960e-01 -1.702492833137512207e-01
1.361134171485900879e+00 -1.170151352882385254e+00 1.097318530082702637e+00 -3.511456847190856934e-01 -1.685623675584793091e-01 -1.594960391521453857e-01
1.432438135147094727e+00 -1.312348723411560059e+00 1.051372289657592773e+00 -3.632907867431640625e-01 -1.907028853893280029e-01 -1.336937248706817627e-01
