1.202666997909545898e+00 -1.222556710243225098e+00 1.202847719192504883e+00 -1.720462590456008911e-01 -2.112971246242523193e-01 -1.942764967679977417e-01
1.292554378509521484e+00 -1.211427807807922363e+00 1.188554406166076660e+00 -1.768682599067687988e-01 -2.236239314079284668e-01 -1.772080659866333008e-01
1.302907586097717285e+00 -1.222559928894042969e+00 1.097278952598571777e+00 -1.864512562751770020e-01 -2.131740450859069824e-01 -1.848971247673034668e-01
1.289627075195312500e+00 -1.307489991188049316e+00 1.075123190879821777e+00 -1.886152625083923340e-01 -2.205872535705566406e-01 -1.767380535602569580e-01
1.207034826278686523e+00 -1.323372483253479004e+00 1.085197687149047852e+00 -1.863880902528762817e-01 -2.073599398136138916e-01 -2.087258845567703247e-01
1.193241357803344727e+00 -1.317844748497009277e+00 1.166796565055847168e+00 -1.834120899438858032e-01 -2.319375127553939819e-01 -1.922919750213623047e-01
1.197376370429992676e+00 -1.243373274803161621e+00 1.190603733062744141e+00 -1.814056038856506348e-01 -2.317135930061340332e-01 -2.068543881177902222e-01
1.273650050163269043e+00 -1.221093893051147461e+00 1.190300464630126953e+00 -1.902760267257690430e-01 -2.502549290657043457e-01 -1.785212606191635132e-01
1.293361306190490723e+00 -1.223910570144653320e+00 1.117824554443359375e+00 -2.022537440061569214e-01 -2.435850948095321655e-01 -1.881706267595291138e-01
1.289508223533630371e+00 -1.288939833641052246e+00 1.087268352508544922e+00 -2.096982151269912720e-01 -2.532093822956085205e-01 -1.783478111028671265e-01
