1.114216566085815430e+00 -1.354694008827209473e+00 1.324368715286254883e+00 -8.773382008075714111e-02 -2.634496390819549561e-01 -3.015231490135192871e-01
1.105508923530578613e+00 -1.338240146636962891e+00 1.363147377967834473e+00 -8.901417255401611328e-02 -2.714617848396301270e-01 -2.818877398967742920e-01
1.096848487854003906e+00 -1.324191927909851074e+00 1.402708768844604492e+00 -8.751490712165832520e-02 -2.798571586608886719e-01 -2.720506191253662109e-01
1.086561560630798340e+00 -1.309430122375488281e+00 1.437813520431518555e+00 -8.815102279186248779e-02 -2.807407677173614502e-01 -2.784076631069183350e-01
1.068399071693420410e+00 -1.305828690528869629e+00 1.481806039810180664e+00 -7.615631073713302612e-02 -2.860886454582214355e-01 -2.736324369907379150e-01
1.039637684822082520e+00 -1.287618517875671387e+00 1.524497389793395996e+00 -6.665261834859848022e-02 -2.955376505851745605e-01 -2.589962482452392578e-01
1.026023030281066895e+00 -1.258830547332763672e+00 1.575393557548522949e+00 -6.695355474948883057e-02 -3.044818937778472900e-01 -2.658044695854187012e-01
1.013229250907897949e+00 -1.233067989349365234e+00 1.615988969802856445e+00 -7.142663747072219849e-02 -3.155076503753662109e-01 -2.598974108695983887e-01
9.997598528861999512e-01 -1.213646411895751953e+00 1.657745003700256348e+00 -7.006894052028656006e-02 -3.224166035652160645e-01 -2.587164938449859619e-01
9.814178943634033203e-01 -1.191472172737121582e+00 1.692213177680969238e+00 -7.144658267498016357e-02 -3.280353546142578125e-01 -2.577372491359710693e-01
