1.199794054031372070e+00 -1.233973979949951172e+00 1.217469573020935059e+00 -2.160714417695999146e-01 -1.685510873794555664e-01 -1.702404171228408813e-01
1.102466821670532227e+00 -1.292874336242675781e+00 1.245035409927368164e+00 -2.196902483701705933e-01 -1.749139428138732910e-01 -1.782872974872589111e-01
1.041786789894104004e+00 -1.257073163986206055e+00 1.331037640571594238e+00 -2.167766690254211426e-01 -1.793093085289001465e-01 -1.912939697504043579e-01
1.073013424873352051e+00 -1.162441968917846680e+00 1.386238455772399902e+00 -2.174452692270278931e-01 -1.897816658020019531e-01 -1.788649857044219971e-01
1.172284960746765137e+00 -1.106199383735656738e+00 1.356239795684814453e+00 -2.285249233245849609e-01 -1.921431124210357666e-01 -1.685831993818283081e-01
1.240645647048950195e+00 -1.137548565864562988e+00 1.259021162986755371e+00 -2.461986541748046875e-01 -1.924198865890502930e-01 -1.553693264722824097e-01
1.207326173782348633e+00 -1.248926639556884766e+00 1.205887675285339355e+00 -2.593379318714141846e-01 -1.963251233100891113e-01 -1.423520743846893311e-01
1.086365103721618652e+00 -1.308019042015075684e+00 1.241667628288269043e+00 -2.520457208156585693e-01 -1.784715205430984497e-01 -1.741094291210174561e-01
1.023538112640380859e+00 -1.261047363281250000e+00 1.347351789474487305e+00 -2.416962385177612305e-01 -1.887801289558410645e-01 -1.728610694408416748e-01
1.066329360008239746e+00 -1.142945528030395508e+00 1.401081919670104980e+00 -2.335338890552520752e-01 -1.848691403865814209e-01 -1.789696216583251953e-01
