1.210255861282348633e+00 -1.213198900222778320e+00 1.197490215301513672e+00 -2.075946778059005737e-01 -2.229874879121780396e-01 -1.844757199287414551e-01
1.169991016387939453e+00 -1.230808019638061523e+00 1.072220444679260254e+00 -2.190896719694137573e-01 -2.064080536365509033e-01 -1.943786293268203735e-01
1.140761375427246094e+00 -1.349530220031738281e+00 1.108122825622558594e+00 -2.098694741725921631e-01 -2.155417203903198242e-01 -2.034737914800643921e-01
1.028704643249511719e+00 -1.300397992134094238e+00 1.135776877403259277e+00 -2.045157551765441895e-01 -2.026053220033645630e-01 -2.136193215847015381e-01
1.074067592620849609e+00 -1.278779029846191406e+00 1.252264976501464844e+00 -2.003065347671508789e-01 -2.285046726465225220e-01 -2.099633216857910156e-01
1.104861378669738770e+00 -1.166958451271057129e+00 1.204497218132019043e+00 -2.117084413766860962e-01 -2.282802462577819824e-01 -2.018070667982101440e-01
1.219480276107788086e+00 -1.217132210731506348e+00 1.173538684844970703e+00 -2.218357920646667480e-01 -2.455724775791168213e-01 -1.790322512388229370e-01
1.165057539939880371e+00 -1.250679850578308105e+00 1.060427546501159668e+00 -2.348702400922775269e-01 -2.274018973112106323e-01 -1.986462175846099854e-01
1.121861100196838379e+00 -1.354091286659240723e+00 1.107535958290100098e+00 -2.275221645832061768e-01 -2.379921078681945801e-01 -2.030198574066162109e-01
1.020346403121948242e+00 -1.306985020637512207e+00 1.162729978561401367e+00 -2.159936279058456421e-01 -2.246685773134231567e-01 -2.263729274272918701e-01
