1.197812557220458984e+00 -1.231795072555541992e+00 1.216596245765686035e+00 -2.076813280582427979e-01 -3.431168198585510254e-01 -2.856911420822143555e-01
1.180045247077941895e+00 -1.155487179756164551e+00 1.203540563583374023e+00 -2.173808813095092773e-01 -3.219636082649230957e-01 -2.599587142467498779e-01
1.255783796310424805e+00 -1.170136332511901855e+00 1.221693754196166992e+00 -2.213409543037414551e-01 -3.266057372093200684e-01 -2.541991174221038818e-01
1.239198207855224609e+00 -1.151096820831298828e+00 1.146124720573425293e+00 -2.324756532907485962e-01 -3.059792518615722656e-01 -2.384086847305297852e-01
1.258379340171813965e+00 -1.229094624519348145e+00 1.162387251853942871e+00 -2.237247377634048462e-01 -3.015317320823669434e-01 -2.544017434120178223e-01
1.180338025093078613e+00 -1.210111856460571289e+00 1.145341396331787109e+00 -2.232983857393264771e-01 -2.688123285770416260e-01 -2.432839572429656982e-01
1.202312231063842773e+00 -1.225901722908020020e+00 1.220689773559570312e+00 -2.078150659799575806e-01 -2.737519145011901855e-01 -2.478782087564468384e-01
1.186045527458190918e+00 -1.151684880256652832e+00 1.199867963790893555e+00 -2.089836299419403076e-01 -2.462723553180694580e-01 -2.364423871040344238e-01
1.260537862777709961e+00 -1.172703504562377930e+00 1.214735627174377441e+00 -2.112479358911514282e-01 -2.431566268205642700e-01 -2.420715391635894775e-01
1.237385988235473633e+00 -1.157001733779907227e+00 1.140741467475891113e+00 -2.168320715427398682e-01 -2.365165948867797852e-01 -2.206604778766632080e-01
