1.203180909156799316e+00 -1.225368499755859375e+00 1.208131551742553711e+00 -2.068314999341964722e-01 -2.231199443340301514e-01 -1.859146058559417725e-01
1.405282855033874512e+00 -1.205376625061035156e+00 1.168212890625000000e+00 -2.243583798408508301e-01 -2.470728158950805664e-01 -1.394764333963394165e-01
1.412598371505737305e+00 -1.220350742340087891e+00 9.669454097747802734e-01 -2.203211486339569092e-01 -2.296035438776016235e-01 -1.340359598398208618e-01
1.390541672706604004e+00 -1.414143562316894531e+00 9.195406436920166016e-01 -2.402210384607315063e-01 -2.309357374906539917e-01 -1.418049335479736328e-01
1.196328520774841309e+00 -1.449056386947631836e+00 9.474237561225891113e-01 -2.735417783260345459e-01 -2.238578945398330688e-01 -1.772957146167755127e-01
1.162408828735351562e+00 -1.456781744956970215e+00 1.144991636276245117e+00 -2.673594653606414795e-01 -2.558997571468353271e-01 -1.592955887317657471e-01
1.167683124542236328e+00 -1.262672185897827148e+00 1.200476884841918945e+00 -3.220552802085876465e-01 -2.687233090400695801e-01 -1.706614196300506592e-01
1.368014812469482422e+00 -1.217382431030273438e+00 1.205344915390014648e+00 -3.404559195041656494e-01 -3.045245409011840820e-01 -9.226119518280029297e-02
1.405643582344055176e+00 -1.186117053031921387e+00 1.008556842803955078e+00 -3.371229767799377441e-01 -2.789281606674194336e-01 -6.539316475391387939e-02
1.429129242897033691e+00 -1.375781297683715820e+00 9.365215897560119629e-01 -3.641096949577331543e-01 -2.925925850868225098e-01 -5.733865499496459961e-02
