1.196828365325927734e+00 -1.236124634742736816e+00 1.216727852821350098e+00 -2.297530025243759155e-01 -1.637472361326217651e-01 -2.046790421009063721e-01
1.104232788085937500e+00 -1.304252028465270996e+00 1.319306969642639160e+00 -2.163378596305847168e-01 -2.023781538009643555e-01 -1.543911546468734741e-01
1.026563763618469238e+00 -1.201773643493652344e+00 1.398809552192687988e+00 -2.022710889577865601e-01 -1.912263184785842896e-01 -1.997101753950119019e-01
1.111287832260131836e+00 -1.107090950012207031e+00 1.479869604110717773e+00 -2.090835273265838623e-01 -2.210751026868820190e-01 -1.610998064279556274e-01
1.179272651672363281e+00 -1.059222579002380371e+00 1.427361011505126953e+00 -2.061415016651153564e-01 -2.154480218887329102e-01 -1.554342806339263916e-01
1.265854954719543457e+00 -1.079845309257507324e+00 1.332328081130981445e+00 -2.052235305309295654e-01 -2.020640522241592407e-01 -1.604466438293457031e-01
1.259148359298706055e+00 -1.181446909904479980e+00 1.252976655960083008e+00 -2.090381979942321777e-01 -1.967389583587646484e-01 -1.470557749271392822e-01
1.163343191146850586e+00 -1.266107320785522461e+00 1.257679939270019531e+00 -1.998305618762969971e-01 -1.871731132268905640e-01 -1.667698174715042114e-01
1.073513627052307129e+00 -1.258910894393920898e+00 1.345883369445800781e+00 -1.807281672954559326e-01 -1.781068742275238037e-01 -1.923129409551620483e-01
1.068063855171203613e+00 -1.165466785430908203e+00 1.430727243423461914e+00 -1.672082841396331787e-01 -1.817848086357116699e-01 -1.849241852760314941e-01
