1.206486582756042480e+00 -1.220814228057861328e+00 1.202319264411926270e+00 -2.277638465166091919e-01 -7.513782382011413574e-02 -9.429744631052017212e-02
1.098301529884338379e+00 -1.054286956787109375e+00 1.094480633735656738e+00 -2.622821033000946045e-01 -4.754517972469329834e-02 -1.708053648471832275e-01
1.273687005043029785e+00 -1.152406811714172363e+00 1.190494298934936523e+00 -3.026747703552246094e-01 -1.379749625921249390e-01 -7.784051448106765747e-02
1.156251668930053711e+00 -1.068083167076110840e+00 1.024258494377136230e+00 -3.163712322711944580e-01 -9.998616576194763184e-02 -1.119694858789443970e-01
1.247284650802612305e+00 -1.230644106864929199e+00 1.137413382530212402e+00 -3.204288482666015625e-01 -1.696459949016571045e-01 -8.494871854782104492e-02
1.081737279891967773e+00 -1.116241455078125000e+00 1.062326908111572266e+00 -3.527473807334899902e-01 -1.377516835927963257e-01 -1.234277784824371338e-01
1.206750392913818359e+00 -1.185071468353271484e+00 1.220227837562561035e+00 -3.565632402896881104e-01 -2.121876478195190430e-01 -7.318267226219177246e-02
1.134474754333496094e+00 -1.034892678260803223e+00 1.090112805366516113e+00 -3.774193227291107178e-01 -1.460677832365036011e-01 -1.146577447652816772e-01
1.286269307136535645e+00 -1.164192557334899902e+00 1.157058000564575195e+00 -3.943813145160675049e-01 -2.332638055086135864e-01 -5.898214876651763916e-02
1.142898678779602051e+00 -1.099028944969177246e+00 1.018071651458740234e+00 -3.870467841625213623e-01 -1.689395755529403687e-01 -6.625327467918395996e-02
