1.205204129219055176e+00 -1.220776557922363281e+00 1.203229784965515137e+00 -1.594634801149368286e-01 -2.298798859119415283e-01 -1.880008876323699951e-01
1.208264350891113281e+00 -1.356522917747497559e+00 1.202324867248535156e+00 -1.487889289855957031e-01 -2.325092107057571411e-01 -2.182968258857727051e-01
1.074125289916992188e+00 -1.350131273269653320e+00 1.184004187583923340e+00 -1.334208101034164429e-01 -2.522707581520080566e-01 -2.425570338964462280e-01
1.066650748252868652e+00 -1.368764400482177734e+00 1.320605039596557617e+00 -1.223651319742202759e-01 -2.707562148571014404e-01 -2.568166255950927734e-01
1.053103089332580566e+00 -1.231020808219909668e+00 1.320867419242858887e+00 -1.582287102937698364e-01 -3.079963028430938721e-01 -2.496919780969619751e-01
1.188806414604187012e+00 -1.231052756309509277e+00 1.349382281303405762e+00 -1.860035657882690430e-01 -3.404881358146667480e-01 -2.066498249769210815e-01
1.197614192962646484e+00 -1.210367321968078613e+00 1.218197941780090332e+00 -1.889900863170623779e-01 -3.339635729789733887e-01 -2.250847220420837402e-01
1.221251606941223145e+00 -1.338342308998107910e+00 1.209060788154602051e+00 -1.929158419370651245e-01 -3.431535363197326660e-01 -2.171325981616973877e-01
1.091034412384033203e+00 -1.347668170928955078e+00 1.177173733711242676e+00 -1.993177533149719238e-01 -3.428624570369720459e-01 -2.737278640270233154e-01
1.070977568626403809e+00 -1.376654386520385742e+00 1.304417848587036133e+00 -1.943023800849914551e-01 -3.664318025112152100e-01 -2.526811063289642334e-01
