1.209100365638732910e+00 -1.213166475296020508e+00 1.200541496276855469e+00 -2.515689432621002197e-01 -2.765056490898132324e-01 -2.280264794826507568e-01
1.231149554252624512e+00 -1.144676327705383301e+00 1.208300352096557617e+00 -2.417772114276885986e-01 -2.759001255035400391e-01 -2.257677912712097168e-01
1.299919009208679199e+00 -1.133198976516723633e+00 1.179351091384887695e+00 -2.460097074508666992e-01 -2.768966257572174072e-01 -2.291902601718902588e-01
1.309186339378356934e+00 -1.158304095268249512e+00 1.105856537818908691e+00 -2.514515817165374756e-01 -2.592936158180236816e-01 -2.210955619812011719e-01
1.282649159431457520e+00 -1.233640313148498535e+00 1.097943663597106934e+00 -2.499583363533020020e-01 -2.602531611919403076e-01 -2.262469530105590820e-01
1.209043025970458984e+00 -1.239471673965454102e+00 1.129946827888488770e+00 -2.446459829807281494e-01 -2.549720406532287598e-01 -2.290049344301223755e-01
1.206162810325622559e+00 -1.211979985237121582e+00 1.206078290939331055e+00 -2.347242236137390137e-01 -2.680365741252899170e-01 -2.328961193561553955e-01
1.233375310897827148e+00 -1.137296676635742188e+00 1.209939360618591309e+00 -2.328897416591644287e-01 -2.703557610511779785e-01 -2.321944981813430786e-01
1.308371305465698242e+00 -1.130600571632385254e+00 1.175583243370056152e+00 -2.388673722743988037e-01 -2.718201577663421631e-01 -2.261861562728881836e-01
1.311497330665588379e+00 -1.161186337471008301e+00 1.096502065658569336e+00 -2.418054640293121338e-01 -2.507243156433105469e-01 -2.261623889207839966e-01
