1.194921970367431641e+00 -1.235354423522949219e+00 1.220583915710449219e+00 -3.199831843376159668e-01 -2.334835231304168701e-01 -2.087776958942413330e-01
1.226769447326660156e+00 -1.106229305267333984e+00 1.217335581779479980e+00 -3.184122741222381592e-01 -2.425802946090698242e-01 -1.728416085243225098e-01
1.353513836860656738e+00 -1.107504725456237793e+00 1.178401947021484375e+00 -3.343362808227539062e-01 -2.457587122917175293e-01 -1.602940261363983154e-01
1.344430327415466309e+00 -1.138844370841979980e+00 1.049957036972045898e+00 -3.363200724124908447e-01 -2.299582660198211670e-01 -1.370614618062973022e-01
1.311295270919799805e+00 -1.272544980049133301e+00 1.058060646057128906e+00 -3.353901207447052002e-01 -2.235399782657623291e-01 -1.595318019390106201e-01
1.180177807807922363e+00 -1.265698075294494629e+00 1.102131366729736328e+00 -3.112728297710418701e-01 -2.158362865447998047e-01 -1.862116903066635132e-01
1.194473743438720703e+00 -1.227624654769897461e+00 1.234140276908874512e+00 -2.946254312992095947e-01 -2.431959509849548340e-01 -2.004796564579010010e-01
1.233140349388122559e+00 -1.094562292098999023e+00 1.219887614250183105e+00 -2.793039977550506592e-01 -2.466149330139160156e-01 -1.896132379770278931e-01
1.365215182304382324e+00 -1.103814244270324707e+00 1.170575022697448730e+00 -2.883929908275604248e-01 -2.468110024929046631e-01 -1.814122796058654785e-01
1.346818685531616211e+00 -1.146934866905212402e+00 1.036835551261901855e+00 -2.903481721878051758e-01 -2.288504689931869507e-01 -1.706253886222839355e-01
