1.212153553962707520e+00 -1.212426424026489258e+00 1.196356058120727539e+00 -1.695701479911804199e-01 -1.869067400693893433e-01 -1.631120443344116211e-01
1.186952114105224609e+00 -1.270887136459350586e+00 1.217314839363098145e+00 -1.728537380695343018e-01 -1.980279535055160522e-01 -1.600079834461212158e-01
1.125585079193115234e+00 -1.252157926559448242e+00 1.242987513542175293e+00 -1.666033416986465454e-01 -2.038736343383789062e-01 -1.648845076560974121e-01
1.144589900970458984e+00 -1.221378803253173828e+00 1.300179362297058105e+00 -1.677288264036178589e-01 -2.191078364849090576e-01 -1.788958013057708740e-01
1.172716140747070312e+00 -1.169619917869567871e+00 1.285879731178283691e+00 -1.728937625885009766e-01 -2.267395257949829102e-01 -1.646229326725006104e-01
1.227298378944396973e+00 -1.179714322090148926e+00 1.255145430564880371e+00 -1.763105094432830811e-01 -2.329925000667572021e-01 -1.560089588165283203e-01
1.219767928123474121e+00 -1.211920619010925293e+00 1.201332449913024902e+00 -1.795327514410018921e-01 -2.298440933227539062e-01 -1.667556762695312500e-01
1.189188122749328613e+00 -1.263851404190063477e+00 1.206477046012878418e+00 -1.807327270507812500e-01 -2.346253395080566406e-01 -1.713666319847106934e-01
1.133013129234313965e+00 -1.261821985244750977e+00 1.240012168884277344e+00 -1.886004507541656494e-01 -2.418658286333084106e-01 -1.828923225402832031e-01
1.134770750999450684e+00 -1.225987553596496582e+00 1.293186783790588379e+00 -1.906520724296569824e-01 -2.632887959480285645e-01 -1.750572323799133301e-01
