1.201253890991210938e+00 -1.227115035057067871e+00 1.206498742103576660e+00 -2.140749841928482056e-01 -1.132356524467468262e-01 -1.102799475193023682e-01
1.168051600456237793e+00 -1.114200711250305176e+00 1.067590713500976562e+00 -1.973480731248855591e-01 -1.116195768117904663e-01 -1.473262608051300049e-01
1.267076849937438965e+00 -1.271224975585937500e+00 1.097864747047424316e+00 -2.025519609451293945e-01 -1.276203095912933350e-01 -1.387961506843566895e-01
1.113656044006347656e+00 -1.215131878852844238e+00 1.001103281974792480e+00 -2.061539888381958008e-01 -1.282038986682891846e-01 -1.656356751918792725e-01
1.164763808250427246e+00 -1.321895122528076172e+00 1.151745557785034180e+00 -1.949893683195114136e-01 -1.672068983316421509e-01 -1.493779569864273071e-01
1.072418451309204102e+00 -1.157631039619445801e+00 1.105276465415954590e+00 -2.486079633235931396e-01 -1.735275983810424805e-01 -2.210938036441802979e-01
1.231529474258422852e+00 -1.229984283447265625e+00 1.194538712501525879e+00 -2.844197452068328857e-01 -2.411475479602813721e-01 -1.595190018415451050e-01
1.159455776214599609e+00 -1.131805777549743652e+00 1.041682839393615723e+00 -2.898427844047546387e-01 -2.294401377439498901e-01 -1.341779530048370361e-01
1.248780012130737305e+00 -1.293807029724121094e+00 1.105966806411743164e+00 -2.918384075164794922e-01 -2.558852136135101318e-01 -1.546734273433685303e-01
1.092387318611145020e+00 -1.207297682762145996e+00 1.024081468582153320e+00 -3.078133463859558105e-01 -2.319580614566802979e-01 -1.526369154453277588e-01
