1.202156424522399902e+00 -1.226528167724609375e+00 1.210152268409729004e+00 -2.243082970380783081e-01 -2.280852496623992920e-01 -1.903037875890731812e-01
9.692113995552062988e-01 -1.143664240837097168e+00 1.327516198158264160e+00 -1.777608841657638550e-01 -1.923951804637908936e-01 -2.644856572151184082e-01
1.023934245109558105e+00 -9.836417436599731445e-01 1.547956943511962891e+00 -1.633680760860443115e-01 -2.331575453281402588e-01 -2.291148304939270020e-01
1.152885794639587402e+00 -7.672258615493774414e-01 1.457297921180725098e+00 -1.497265547513961792e-01 -2.351617068052291870e-01 -2.309381365776062012e-01
1.372654199600219727e+00 -8.573843240737915039e-01 1.345776319503784180e+00 -1.828147321939468384e-01 -2.224859297275543213e-01 -2.072338163852691650e-01
1.301234006881713867e+00 -9.991984963417053223e-01 1.136992812156677246e+00 -2.057401388883590698e-01 -1.861790418624877930e-01 -2.127159535884857178e-01
1.189377784729003906e+00 -1.211622476577758789e+00 1.245611906051635742e+00 -1.876619458198547363e-01 -2.096175700426101685e-01 -2.204442769289016724e-01
9.757545590400695801e-01 -1.108055710792541504e+00 1.339668273925781250e+00 -1.654192805290222168e-01 -2.047912031412124634e-01 -2.689872682094573975e-01
1.059937357902526855e+00 -9.692603349685668945e-01 1.541729450225830078e+00 -1.608999669551849365e-01 -2.364046871662139893e-01 -2.197518795728683472e-01
1.169769525527954102e+00 -7.797597646713256836e-01 1.421604156494140625e+00 -1.476635634899139404e-01 -2.418436706066131592e-01 -2.393451780080795288e-01
