1.215055584907531738e+00 -1.200446248054504395e+00 1.185599088668823242e+00 -2.583461403846740723e-01 -3.224017024040222168e-01 -2.751918435096740723e-01
1.275553345680236816e+00 -1.189123392105102539e+00 1.396100759506225586e+00 -2.172009497880935669e-01 -3.939101099967956543e-01 -2.130901515483856201e-01
1.259597778320312500e+00 -9.840871691703796387e-01 1.343235373497009277e+00 -2.018480300903320312e-01 -4.102762043476104736e-01 -2.929586172103881836e-01
1.473652362823486328e+00 -9.934601187705993652e-01 1.329488635063171387e+00 -2.567813396453857422e-01 -4.530620574951171875e-01 -2.337438464164733887e-01
1.442821264266967773e+00 -1.013734817504882812e+00 1.132620930671691895e+00 -2.898499369621276855e-01 -4.195872843265533447e-01 -1.785484999418258667e-01
1.459138154983520508e+00 -1.209725260734558105e+00 1.149120926856994629e+00 -2.983396053314208984e-01 -4.318486154079437256e-01 -2.358665913343429565e-01
1.258608222007751465e+00 -1.217253804206848145e+00 1.148411035537719727e+00 -2.933264970779418945e-01 -4.028946757316589355e-01 -2.188903391361236572e-01
1.258089184761047363e+00 -1.233550786972045898e+00 1.357866048812866211e+00 -2.274587452411651611e-01 -4.157856702804565430e-01 -2.547093629837036133e-01
1.224218964576721191e+00 -1.015987396240234375e+00 1.358468651771545410e+00 -2.158480584621429443e-01 -4.248380661010742188e-01 -2.882038950920104980e-01
1.439191222190856934e+00 -9.822191596031188965e-01 1.370122432708740234e+00 -2.511528432369232178e-01 -4.623653888702392578e-01 -2.438288033008575439e-01
