1.208693265914916992e+00 -1.215737223625183105e+00 1.197123885154724121e+00 -1.930692791938781738e-01 -2.036813497543334961e-01 -1.827958226203918457e-01
1.181793332099914551e+00 -1.068326830863952637e+00 1.374015092849731445e+00 -2.167864739894866943e-01 -2.308644354343414307e-01 -1.993281990289688110e-01
1.307423233985900879e+00 -8.761525154113769531e-01 1.374473929405212402e+00 -2.163165807723999023e-01 -2.263393849134445190e-01 -1.631527841091156006e-01
1.476129531860351562e+00 -8.596142530441284180e-01 1.219888329505920410e+00 -2.417418658733367920e-01 -1.950163245201110840e-01 -1.468630880117416382e-01
1.497530817985534668e+00 -1.008761882781982422e+00 1.057636380195617676e+00 -2.700051665306091309e-01 -1.772363781929016113e-01 -1.203819811344146729e-01
1.367399573326110840e+00 -1.192824006080627441e+00 1.057709336280822754e+00 -2.640672624111175537e-01 -1.858451515436172485e-01 -1.353224217891693115e-01
1.198931694030761719e+00 -1.213467240333557129e+00 1.213709235191345215e+00 -2.690804004669189453e-01 -1.945253312587738037e-01 -1.464282870292663574e-01
1.184723019599914551e+00 -1.047767758369445801e+00 1.382094383239746094e+00 -2.700566351413726807e-01 -2.168959379196166992e-01 -1.541808992624282837e-01
1.328183770179748535e+00 -8.614658713340759277e-01 1.367534637451171875e+00 -2.515723705291748047e-01 -2.066530436277389526e-01 -1.271603703498840332e-01
1.490706205368041992e+00 -8.590813875198364258e-01 1.193270683288574219e+00 -2.661789357662200928e-01 -1.731212437152862549e-01 -1.235538497567176819e-01
