1.204858303070068359e+00 -1.215390205383300781e+00 1.198698163032531738e+00 -1.402956992387771606e-01 -2.073334604501724243e-01 -1.470755636692047119e-01
1.272831797599792480e+00 -1.216369986534118652e+00 1.216888070106506348e+00 -1.362431645393371582e-01 -2.069502025842666626e-01 -1.579823344945907593e-01
1.270235538482666016e+00 -1.197302103042602539e+00 1.151402950286865234e+00 -1.361137032508850098e-01 -2.024911493062973022e-01 -1.639704108238220215e-01
1.288561344146728516e+00 -1.262022972106933594e+00 1.148621201515197754e+00 -1.336699277162551880e-01 -2.067778259515762329e-01 -1.699165701866149902e-01
1.226245999336242676e+00 -1.260947346687316895e+00 1.128945350646972656e+00 -1.311715990304946899e-01 -2.178402692079544067e-01 -1.884035468101501465e-01
1.230466246604919434e+00 -1.281122803688049316e+00 1.186093807220458984e+00 -1.284387260675430298e-01 -2.309183180332183838e-01 -1.895845532417297363e-01
1.206048011779785156e+00 -1.230848908424377441e+00 1.192012429237365723e+00 -1.284968852996826172e-01 -2.513853311538696289e-01 -2.107611000537872314e-01
1.260200023651123047e+00 -1.225362300872802734e+00 1.212946176528930664e+00 -1.488785594701766968e-01 -2.782308459281921387e-01 -1.917153149843215942e-01
1.260887384414672852e+00 -1.205557227134704590e+00 1.165543079376220703e+00 -1.560940444469451904e-01 -2.794883549213409424e-01 -1.882355660200119019e-01
1.287130594253540039e+00 -1.242412447929382324e+00 1.149626970291137695e+00 -1.645037531852722168e-01 -2.873537242412567139e-01 -1.819457411766052246e-01
