1.228994131088256836e+00 -1.181377172470092773e+00 1.170135140419006348e+00 -1.831919401884078979e-01 -2.162756323814392090e-01 -1.922200024127960205e-01
9.122079610824584961e-01 -1.190017223358154297e+00 1.076616168022155762e+00 -1.690909713506698608e-01 -1.538925170898437500e-01 -2.217709571123123169e-01
8.992423415184020996e-01 -1.231790423393249512e+00 1.403688549995422363e+00 -2.081594467163085938e-01 -2.951568365097045898e-01 -2.591440677642822266e-01
8.583234548568725586e-01 -9.247319102287292480e-01 1.369336724281311035e+00 -2.498792707920074463e-01 -3.064328432083129883e-01 -2.127159833908081055e-01
1.189115047454833984e+00 -9.431147575378417969e-01 1.414092302322387695e+00 -2.567645907402038574e-01 -3.370271921157836914e-01 -1.923186779022216797e-01
1.155184149742126465e+00 -9.773460626602172852e-01 1.088205099105834961e+00 -3.115890324115753174e-01 -2.969560027122497559e-01 -1.449795514345169067e-01
1.122172355651855469e+00 -1.265808463096618652e+00 1.153030157089233398e+00 -3.152823746204376221e-01 -3.367749452590942383e-01 -1.616291701793670654e-01
8.518556952476501465e-01 -1.180598497390747070e+00 1.203658342361450195e+00 -2.352093160152435303e-01 -2.170298993587493896e-01 -1.886050999164581299e-01
9.093552231788635254e-01 -1.099404692649841309e+00 1.447799682617187500e+00 -1.353785395622253418e-01 -2.456439137458801270e-01 -2.017160058021545410e-01
9.954695701599121094e-01 -8.919124007225036621e-01 1.345498561859130859e+00 -1.517186760902404785e-01 -2.373518943786621094e-01 -2.020070552825927734e-01
