1.211775660514831543e+00 -1.197820305824279785e+00 1.185114502906799316e+00 -2.002979964017868042e-01 -2.038025557994842529e-01 -1.919077932834625244e-01
1.333572745323181152e+00 -1.253034114837646484e+00 9.811808466911315918e-01 -2.182684391736984253e-01 -1.973751038312911987e-01 -1.491523236036300659e-01
1.243721246719360352e+00 -1.415304422378540039e+00 8.194365501403808594e-01 -2.236158400774002075e-01 -1.763872653245925903e-01 -1.563532352447509766e-01
1.050488829612731934e+00 -1.532445192337036133e+00 8.746820092201232910e-01 -2.148045152425765991e-01 -1.455751508474349976e-01 -1.999883651733398438e-01
9.330846071243286133e-01 -1.506987690925598145e+00 1.104453802108764648e+00 -1.984593421220779419e-01 -1.653016805648803711e-01 -2.030112594366073608e-01
1.019848227500915527e+00 -1.242591619491577148e+00 1.218224048614501953e+00 -1.854841709136962891e-01 -1.653082668781280518e-01 -1.937096416950225830e-01
1.292113184928894043e+00 -1.205725669860839844e+00 1.167274355888366699e+00 -1.996663063764572144e-01 -1.817580759525299072e-01 -1.549584120512008667e-01
1.334118604660034180e+00 -1.231244921684265137e+00 8.630166053771972656e-01 -2.143566906452178955e-01 -1.420873105525970459e-01 -1.563612073659896851e-01
1.257773041725158691e+00 -1.500025629997253418e+00 7.556676268577575684e-01 -2.125754952430725098e-01 -1.480782777070999146e-01 -1.256291568279266357e-01
9.654977321624755859e-01 -1.596080899238586426e+00 8.662617206573486328e-01 -1.986193805932998657e-01 -9.735552966594696045e-02 -1.838499903678894043e-01
