1.192581057548522949e+00 -1.221539616584777832e+00 1.204918980598449707e+00 -2.206777334213256836e-01 -2.370642870664596558e-01 -1.947798132896423340e-01
1.192880630493164062e+00 -1.221098303794860840e+00 1.204794168472290039e+00 -2.213161289691925049e-01 -2.373132109642028809e-01 -1.913816034793853760e-01
1.192915558815002441e+00 -1.220670342445373535e+00 1.204689383506774902e+00 -2.219532728195190430e-01 -2.375755906105041504e-01 -1.879228651523590088e-01
1.192921280860900879e+00 -1.220322132110595703e+00 1.204541683197021484e+00 -2.225943505764007568e-01 -2.378216683864593506e-01 -1.844784617424011230e-01
1.192866802215576172e+00 -1.220028519630432129e+00 1.204419016838073730e+00 -2.232102453708648682e-01 -2.380453050136566162e-01 -1.810802221298217773e-01
1.192847251892089844e+00 -1.219747066497802734e+00 1.204286456108093262e+00 -2.238277047872543335e-01 -2.382649779319763184e-01 -1.776902228593826294e-01
1.192860603332519531e+00 -1.219474792480468750e+00 1.204149723052978516e+00 -2.244454473257064819e-01 -2.384822368621826172e-01 -1.743070185184478760e-01
1.193035721778869629e+00 -1.219177961349487305e+00 1.204177737236022949e+00 -2.250669747591018677e-01 -2.387269139289855957e-01 -1.709326952695846558e-01
1.193142652511596680e+00 -1.218866467475891113e+00 1.204263567924499512e+00 -2.256728708744049072e-01 -2.389828264713287354e-01 -1.675251722335815430e-01
1.193255782127380371e+00 -1.218573212623596191e+00 1.204318404197692871e+00 -2.262827605009078979e-01 -2.392319440841674805e-01 -1.641247272491455078e-01
