1.209710359573364258e+00 -1.220616221427917480e+00 1.198881387710571289e+00 -1.212623044848442078e-01 -1.155996769666671753e-01 -2.161678820848464966e-01
1.207965135574340820e+00 -1.222172498703002930e+00 1.197982788085937500e+00 -1.216712594032287598e-01 -1.155435517430305481e-01 -2.154389172792434692e-01
1.206502079963684082e+00 -1.223636388778686523e+00 1.197204351425170898e+00 -1.220820248126983643e-01 -1.154946014285087585e-01 -2.147176861763000488e-01
1.205213427543640137e+00 -1.224418878555297852e+00 1.196768045425415039e+00 -1.225293502211570740e-01 -1.155407950282096863e-01 -2.137974500656127930e-01
1.204266548156738281e+00 -1.225071907043457031e+00 1.196151137351989746e+00 -1.230058372020721436e-01 -1.156054884195327759e-01 -2.128321677446365356e-01
1.203685641288757324e+00 -1.225339531898498535e+00 1.195633649826049805e+00 -1.235180944204330444e-01 -1.156861186027526855e-01 -2.118843197822570801e-01
1.203258872032165527e+00 -1.225417494773864746e+00 1.195354819297790527e+00 -1.240203529596328735e-01 -1.157780811190605164e-01 -2.109611332416534424e-01
1.203073859214782715e+00 -1.225578069686889648e+00 1.195074200630187988e+00 -1.245394200086593628e-01 -1.159031987190246582e-01 -2.098832726478576660e-01
1.202928185462951660e+00 -1.225570440292358398e+00 1.194969773292541504e+00 -1.250520199537277222e-01 -1.160406842827796936e-01 -2.088233083486557007e-01
1.203027486801147461e+00 -1.225521683692932129e+00 1.194878935813903809e+00 -1.255507022142410278e-01 -1.161839663982391357e-01 -2.077092677354812622e-01
