1.210615038871765137e+00 -1.229969620704650879e+00 1.201424598693847656e+00 -1.880875676870346069e-01 -1.920010298490524292e-01 -1.662383973598480225e-01
1.206698656082153320e+00 -1.229142427444458008e+00 1.204267024993896484e+00 -1.884017884731292725e-01 -1.916434913873672485e-01 -1.663878411054611206e-01
1.206105589866638184e+00 -1.229373931884765625e+00 1.204172253608703613e+00 -1.889329254627227783e-01 -1.908349990844726562e-01 -1.671087443828582764e-01
1.205647945404052734e+00 -1.229588627815246582e+00 1.204103589057922363e+00 -1.894600838422775269e-01 -1.900164783000946045e-01 -1.678655594587326050e-01
1.206164479255676270e+00 -1.229625225067138672e+00 1.203864336013793945e+00 -1.899634301662445068e-01 -1.890134513378143311e-01 -1.689379513263702393e-01
1.205749630928039551e+00 -1.229717254638671875e+00 1.203971266746520996e+00 -1.904631704092025757e-01 -1.882206946611404419e-01 -1.696752160787582397e-01
1.205505728721618652e+00 -1.229757070541381836e+00 1.204002380371093750e+00 -1.909905374050140381e-01 -1.874242424964904785e-01 -1.704248785972595215e-01
1.206169009208679199e+00 -1.229782819747924805e+00 1.203782796859741211e+00 -1.914951205253601074e-01 -1.864479035139083862e-01 -1.714296638965606689e-01
1.205771446228027344e+00 -1.229857683181762695e+00 1.203916430473327637e+00 -1.919929683208465576e-01 -1.856594085693359375e-01 -1.721707582473754883e-01
1.205517888069152832e+00 -1.229890584945678711e+00 1.203958392143249512e+00 -1.925191283226013184e-01 -1.848657280206680298e-01 -1.729174852371215820e-01
