1.204898595809936523e+00 -1.225770354270935059e+00 1.203827381134033203e+00 -1.570273339748382568e-01 -2.371321469545364380e-01 -2.675881087779998779e-01
1.205951929092407227e+00 -1.227981925010681152e+00 1.203534007072448730e+00 -1.571431905031204224e-01 -2.366657853126525879e-01 -2.685083448886871338e-01
1.206184029579162598e+00 -1.228962779045104980e+00 1.204453945159912109e+00 -1.572529226541519165e-01 -2.363993525505065918e-01 -2.691238820552825928e-01
1.206578254699707031e+00 -1.229618668556213379e+00 1.205251097679138184e+00 -1.574255228042602539e-01 -2.361186295747756958e-01 -2.695986330509185791e-01
1.206423997879028320e+00 -1.230244398117065430e+00 1.205714941024780273e+00 -1.576411873102188110e-01 -2.358415126800537109e-01 -2.700051665306091309e-01
1.206085205078125000e+00 -1.230762124061584473e+00 1.206183671951293945e+00 -1.578638851642608643e-01 -2.355956584215164185e-01 -2.703430354595184326e-01
1.206193208694458008e+00 -1.231050252914428711e+00 1.206370234489440918e+00 -1.580611169338226318e-01 -2.352827191352844238e-01 -2.708332240581512451e-01
1.206233024597167969e+00 -1.231143832206726074e+00 1.206594586372375488e+00 -1.582736223936080933e-01 -2.349831759929656982e-01 -2.712468504905700684e-01
1.206255793571472168e+00 -1.231237411499023438e+00 1.206804752349853516e+00 -1.584892123937606812e-01 -2.346846312284469604e-01 -2.716571986675262451e-01
1.206073999404907227e+00 -1.231292724609375000e+00 1.206870913505554199e+00 -1.587268859148025513e-01 -2.343846857547760010e-01 -2.720547914505004883e-01
