1.209403276443481445e+00 -1.215706467628479004e+00 1.203866481781005859e+00 -2.068992555141448975e-01 -2.110830545425415039e-01 -2.002426981925964355e-01
1.211734771728515625e+00 -1.217693924903869629e+00 1.203766345977783203e+00 -2.073295116424560547e-01 -2.101759165525436401e-01 -1.997592151165008545e-01
1.212968468666076660e+00 -1.218575358390808105e+00 1.204343795776367188e+00 -2.076930701732635498e-01 -2.093919068574905396e-01 -1.991433054208755493e-01
1.213750123977661133e+00 -1.219291925430297852e+00 1.205002784729003906e+00 -2.080377638339996338e-01 -2.085688114166259766e-01 -1.987199783325195312e-01
1.213801503181457520e+00 -1.219736099243164062e+00 1.205771327018737793e+00 -2.083764374256134033e-01 -2.078217267990112305e-01 -1.981164216995239258e-01
1.213750362396240234e+00 -1.219977736473083496e+00 1.206082701683044434e+00 -2.087110280990600586e-01 -2.071083933115005493e-01 -1.974835991859436035e-01
1.213723897933959961e+00 -1.220318436622619629e+00 1.206303119659423828e+00 -2.090394347906112671e-01 -2.063135802745819092e-01 -1.969682723283767700e-01
1.213678121566772461e+00 -1.220481276512145996e+00 1.206426620483398438e+00 -2.093971222639083862e-01 -2.055360972881317139e-01 -1.963313519954681396e-01
1.213686227798461914e+00 -1.220590949058532715e+00 1.206587314605712891e+00 -2.097577601671218872e-01 -2.047648578882217407e-01 -1.956805288791656494e-01
1.213684558868408203e+00 -1.220696806907653809e+00 1.206741213798522949e+00 -2.101203799247741699e-01 -2.039937078952789307e-01 -1.950275897979736328e-01
