1.203652024269104004e+00 -1.228769540786743164e+00 1.205389738082885742e+00 -1.935234516859054565e-01 -2.993184924125671387e-01 -2.992585301399230957e-01
1.203171968460083008e+00 -1.229435205459594727e+00 1.203827738761901855e+00 -1.943080574274063110e-01 -2.990997433662414551e-01 -2.980422079563140869e-01
1.202642321586608887e+00 -1.230002284049987793e+00 1.202505111694335938e+00 -1.950557827949523926e-01 -2.989342212677001953e-01 -2.967958450317382812e-01
1.202140212059020996e+00 -1.230269432067871094e+00 1.201621413230895996e+00 -1.957493126392364502e-01 -2.988469600677490234e-01 -2.954786419868469238e-01
1.202039480209350586e+00 -1.230432271957397461e+00 1.201051354408264160e+00 -1.963679790496826172e-01 -2.987017929553985596e-01 -2.945164442062377930e-01
1.201960444450378418e+00 -1.230556488037109375e+00 1.200554490089416504e+00 -1.969740092754364014e-01 -2.985689342021942139e-01 -2.935531735420227051e-01
1.201996207237243652e+00 -1.230534434318542480e+00 1.200263261795043945e+00 -1.975469589233398438e-01 -2.984617948532104492e-01 -2.926304042339324951e-01
1.202039480209350586e+00 -1.230495095252990723e+00 1.200005173683166504e+00 -1.981146633625030518e-01 -2.983605861663818359e-01 -2.917063534259796143e-01
1.202001690864562988e+00 -1.230413556098937988e+00 1.199764609336853027e+00 -1.986880302429199219e-01 -2.982878088951110840e-01 -2.906987667083740234e-01
1.201985478401184082e+00 -1.230322480201721191e+00 1.199551582336425781e+00 -1.992569714784622192e-01 -2.982192337512969971e-01 -2.896916866302490234e-01
