1.216087102890014648e+00 -1.214485526084899902e+00 1.198635458946228027e+00 -2.078669816255569458e-01 -2.019134163856506348e-01 -2.066024690866470337e-01
1.212810039520263672e+00 -1.219186782836914062e+00 1.201476693153381348e+00 -2.076771110296249390e-01 -2.014210969209671021e-01 -2.073577493429183960e-01
1.212337136268615723e+00 -1.220785260200500488e+00 1.203093290328979492e+00 -2.077212631702423096e-01 -2.006738185882568359e-01 -2.081116735935211182e-01
1.211951971054077148e+00 -1.221706032752990723e+00 1.203985929489135742e+00 -2.078464925289154053e-01 -1.999101489782333374e-01 -2.088643312454223633e-01
1.211624979972839355e+00 -1.222410917282104492e+00 1.204568147659301758e+00 -2.079882174730300903e-01 -1.990990638732910156e-01 -2.095532864332199097e-01
1.211640715599060059e+00 -1.222837924957275391e+00 1.205092787742614746e+00 -2.081433832645416260e-01 -1.982728391885757446e-01 -2.103185951709747314e-01
1.211597442626953125e+00 -1.223266005516052246e+00 1.205592632293701172e+00 -2.083006799221038818e-01 -1.974455714225769043e-01 -2.110807597637176514e-01
1.211490869522094727e+00 -1.223568558692932129e+00 1.205942988395690918e+00 -2.084846794605255127e-01 -1.966131031513214111e-01 -2.118432670831680298e-01
1.211305499076843262e+00 -1.223830342292785645e+00 1.206031680107116699e+00 -2.086768001317977905e-01 -1.957503706216812134e-01 -2.125771045684814453e-01
1.211206674575805664e+00 -1.224055171012878418e+00 1.206010222434997559e+00 -2.088781297206878662e-01 -1.948840320110321045e-01 -2.133330255746841431e-01
