1.202798724174499512e+00 -1.213391661643981934e+00 1.205354571342468262e+00 -1.930202841758728027e-01 -2.248400300741195679e-01 -1.872413009405136108e-01
1.203556180000305176e+00 -1.214112281799316406e+00 1.204817533493041992e+00 -1.934148818254470825e-01 -2.244634330272674561e-01 -1.863186061382293701e-01
1.203943610191345215e+00 -1.214468598365783691e+00 1.204692363739013672e+00 -1.937797814607620239e-01 -2.241759896278381348e-01 -1.852496862411499023e-01
1.204106211662292480e+00 -1.214910984039306641e+00 1.204430103302001953e+00 -1.941502094268798828e-01 -2.238574326038360596e-01 -1.843003630638122559e-01
1.204108119010925293e+00 -1.215197205543518066e+00 1.204287171363830566e+00 -1.945125013589859009e-01 -2.235663682222366333e-01 -1.833031177520751953e-01
1.204095721244812012e+00 -1.215451955795288086e+00 1.204183340072631836e+00 -1.948692947626113892e-01 -2.232815623283386230e-01 -1.823021173477172852e-01
1.204197525978088379e+00 -1.215623617172241211e+00 1.204173564910888672e+00 -1.952096223831176758e-01 -2.229978144168853760e-01 -1.812758445739746094e-01
1.204338312149047852e+00 -1.215701103210449219e+00 1.204188704490661621e+00 -1.955497562885284424e-01 -2.227292358875274658e-01 -1.802233457565307617e-01
1.204531431198120117e+00 -1.215663671493530273e+00 1.204306244850158691e+00 -1.958760321140289307e-01 -2.224778831005096436e-01 -1.791642010211944580e-01
1.204694509506225586e+00 -1.215626001358032227e+00 1.204410195350646973e+00 -1.962038427591323853e-01 -2.222247421741485596e-01 -1.781071722507476807e-01
