9.384663105010986328e-01 -1.243581891059875488e+00 1.227736830711364746e+00 -2.038004696369171143e-01 -2.230404317378997803e-01 -1.850488483905792236e-01
9.415514469146728516e-01 -1.243331193923950195e+00 1.227474808692932129e+00 -2.035661339759826660e-01 -2.230757325887680054e-01 -1.855340451002120972e-01
9.499329924583435059e-01 -1.242718815803527832e+00 1.226854205131530762e+00 -2.029908746480941772e-01 -2.232452034950256348e-01 -1.867532581090927124e-01
9.726405143737792969e-01 -1.240985393524169922e+00 1.225348711013793945e+00 -2.016694843769073486e-01 -2.237066179513931274e-01 -1.898927539587020874e-01
1.031611204147338867e+00 -1.235486507415771484e+00 1.220061779022216797e+00 -1.991554200649261475e-01 -2.243697941303253174e-01 -1.973177939653396606e-01
1.132843971252441406e+00 -1.227497577667236328e+00 1.211415886878967285e+00 -1.953131407499313354e-01 -2.208965122699737549e-01 -2.100701034069061279e-01
1.195063233375549316e+00 -1.221051931381225586e+00 1.204856514930725098e+00 -1.972002536058425903e-01 -2.242946624755859375e-01 -2.060299813747406006e-01
1.207286834716796875e+00 -1.222609639167785645e+00 1.205888628959655762e+00 -1.989995092153549194e-01 -2.296411544084548950e-01 -2.037908881902694702e-01
1.208716392517089844e+00 -1.225137948989868164e+00 1.208917737007141113e+00 -1.989888846874237061e-01 -2.321014106273651123e-01 -2.075635939836502075e-01
1.207728266716003418e+00 -1.227290391921997070e+00 1.210656881332397461e+00 -1.988626420497894287e-01 -2.326829135417938232e-01 -2.114363014698028564e-01
1.208985805511474609e+00 -1.230706572532653809e+00 1.210123419761657715e+00 -2.000075429677963257e-01 -2.337310016155242920e-01 -2.118320912122726440e-01
