1.208771109580993652e+00 -1.197018027305603027e+00 1.158109068870544434e+00 -2.075135111808776855e-01 -2.110146731138229370e-01 -1.955365538597106934e-01
1.208927392959594727e+00 -1.197009086608886719e+00 1.158332824707031250e+00 -2.075006663799285889e-01 -2.110715210437774658e-01 -1.955257654190063477e-01
1.209367632865905762e+00 -1.196990847587585449e+00 1.158969879150390625e+00 -2.074629366397857666e-01 -2.112317085266113281e-01 -1.954984068870544434e-01
1.210586071014404297e+00 -1.196968078613281250e+00 1.160757899284362793e+00 -2.073570638895034790e-01 -2.116663008928298950e-01 -1.954439282417297363e-01
1.213606953620910645e+00 -1.197022914886474609e+00 1.165202379226684570e+00 -2.070937603712081909e-01 -2.127287536859512329e-01 -1.954027265310287476e-01
1.219632267951965332e+00 -1.198045969009399414e+00 1.174382686614990234e+00 -2.065994292497634888e-01 -2.150307595729827881e-01 -1.955428719520568848e-01
1.222240686416625977e+00 -1.202569365501403809e+00 1.183915376663208008e+00 -2.062768191099166870e-01 -2.175229191780090332e-01 -1.961013376712799072e-01
1.218282818794250488e+00 -1.208723306655883789e+00 1.192739486694335938e+00 -2.064178586006164551e-01 -2.200630009174346924e-01 -1.954547911882400513e-01
1.214341640472412109e+00 -1.214281201362609863e+00 1.199661254882812500e+00 -2.066136002540588379e-01 -2.221550196409225464e-01 -1.955951601266860962e-01
1.212393999099731445e+00 -1.219222068786621094e+00 1.203809857368469238e+00 -2.067282199859619141e-01 -2.236571311950683594e-01 -1.973672807216644287e-01
1.210115790367126465e+00 -1.222192883491516113e+00 1.208788633346557617e+00 -2.068372666835784912e-01 -2.253875583410263062e-01 -1.988597363233566284e-01
