1.163560867309570312e+00 -1.212681651115417480e+00 1.265125632286071777e+00 -1.156654655933380127e-01 -2.558478713035583496e-01 -5.612532794475555420e-02
1.164138317108154297e+00 -1.212971806526184082e+00 1.264560341835021973e+00 -1.154076382517814636e-01 -2.554669976234436035e-01 -5.724863708019256592e-02
1.165683627128601074e+00 -1.213850498199462891e+00 1.263048529624938965e+00 -1.146893203258514404e-01 -2.543922066688537598e-01 -6.041348725557327271e-02
1.169637799263000488e+00 -1.216656446456909180e+00 1.259487509727478027e+00 -1.127609610557556152e-01 -2.512516379356384277e-01 -6.889318674802780151e-02
1.180347800254821777e+00 -1.221303820610046387e+00 1.249948620796203613e+00 -1.074704676866531372e-01 -2.422419339418411255e-01 -8.999606966972351074e-02
1.193391799926757812e+00 -1.232144594192504883e+00 1.234858989715576172e+00 -9.688045829534530640e-02 -2.219025343656539917e-01 -1.284437924623489380e-01
1.195078969001770020e+00 -1.243750214576721191e+00 1.228628635406494141e+00 -8.768387138843536377e-02 -2.037492096424102783e-01 -1.569958180189132690e-01
1.192362427711486816e+00 -1.251402258872985840e+00 1.229846239089965820e+00 -8.489815890789031982e-02 -1.981302797794342041e-01 -1.673955321311950684e-01
1.190837383270263672e+00 -1.254636287689208984e+00 1.232342600822448730e+00 -8.528914302587509155e-02 -1.989649981260299683e-01 -1.701239943504333496e-01
1.188795804977416992e+00 -1.255805492401123047e+00 1.234569430351257324e+00 -8.588792383670806885e-02 -2.000786662101745605e-01 -1.713644564151763916e-01
1.184263706207275391e+00 -1.257848262786865234e+00 1.234759211540222168e+00 -8.601653575897216797e-02 -1.993878930807113647e-01 -1.724531799554824829e-01
