1.198687553405761719e+00 -1.217900156974792480e+00 1.127734661102294922e+00 -2.180079966783523560e-01 -1.636539548635482788e-01 -7.968845963478088379e-02
1.198976397514343262e+00 -1.217672586441040039e+00 1.128422856330871582e+00 -2.177878022193908691e-01 -1.634185910224914551e-01 -8.023066073656082153e-02
1.199764847755432129e+00 -1.217066645622253418e+00 1.130380034446716309e+00 -2.171611189842224121e-01 -1.627531349658966064e-01 -8.177495002746582031e-02
1.201944589614868164e+00 -1.215552687644958496e+00 1.135879039764404297e+00 -2.154437601566314697e-01 -1.609644889831542969e-01 -8.606392890214920044e-02
1.207726001739501953e+00 -1.211165308952331543e+00 1.148965716361999512e+00 -2.114507853984832764e-01 -1.563445478677749634e-01 -9.658853709697723389e-02
1.218341350555419922e+00 -1.200472235679626465e+00 1.168067574501037598e+00 -2.056723684072494507e-01 -1.484107673168182373e-01 -1.129833310842514038e-01
1.227190613746643066e+00 -1.192970633506774902e+00 1.178352117538452148e+00 -2.038464993238449097e-01 -1.447771638631820679e-01 -1.213174238801002502e-01
1.229836940765380859e+00 -1.192492604255676270e+00 1.182114839553833008e+00 -2.029756456613540649e-01 -1.411494910717010498e-01 -1.289301514625549316e-01
1.227826833724975586e+00 -1.194725751876831055e+00 1.185754895210266113e+00 -2.015013247728347778e-01 -1.356729269027709961e-01 -1.391245126724243164e-01
1.226853609085083008e+00 -1.197620987892150879e+00 1.186473846435546875e+00 -2.008158415555953979e-01 -1.311733424663543701e-01 -1.471595764160156250e-01
1.228729367256164551e+00 -1.198924183845520020e+00 1.183628559112548828e+00 -2.027047276496887207e-01 -1.320201456546783447e-01 -1.460998356342315674e-01
