1.386433720588684082e+00 -1.133330225944519043e+00 1.107599258422851562e+00 -2.707051634788513184e-01 -7.090383768081665039e-02 -1.998355090618133545e-01
1.385278105735778809e+00 -1.133210539817810059e+00 1.107500314712524414e+00 -2.707638144493103027e-01 -7.108775526285171509e-02 -1.996136009693145752e-01
1.382055401802062988e+00 -1.132934212684631348e+00 1.107258796691894531e+00 -2.709191441535949707e-01 -7.158116996288299561e-02 -1.990334987640380859e-01
1.373067498207092285e+00 -1.132178306579589844e+00 1.106501221656799316e+00 -2.713429927825927734e-01 -7.296659052371978760e-02 -1.974102109670639038e-01
1.350360751152038574e+00 -1.129887461662292480e+00 1.104730367660522461e+00 -2.725571095943450928e-01 -7.641987502574920654e-02 -1.934977024793624878e-01
1.310454607009887695e+00 -1.126877069473266602e+00 1.103567242622375488e+00 -2.747633159160614014e-01 -8.137837797403335571e-02 -1.890098750591278076e-01
1.284099936485290527e+00 -1.125890135765075684e+00 1.104074239730834961e+00 -2.763162851333618164e-01 -8.418392390012741089e-02 -1.891719400882720947e-01
1.277059555053710938e+00 -1.125589609146118164e+00 1.104577064514160156e+00 -2.767614424228668213e-01 -8.485323935747146606e-02 -1.927419155836105347e-01
1.275053024291992188e+00 -1.125093221664428711e+00 1.104268312454223633e+00 -2.771282792091369629e-01 -8.535281568765640259e-02 -1.963504552841186523e-01
1.274435281753540039e+00 -1.125093340873718262e+00 1.103891849517822266e+00 -2.776332497596740723e-01 -8.595503121614456177e-02 -1.995561718940734863e-01
1.276779890060424805e+00 -1.124846339225769043e+00 1.105143785476684570e+00 -2.784394621849060059e-01 -8.726736903190612793e-02 -2.020803540945053101e-01
