1.062265396118164062e+00 -1.403165221214294434e+00 1.269000053405761719e+00 -1.797906011343002319e-01 -2.404337674379348755e-01 -2.110633850097656250e-01
1.064131259918212891e+00 -1.400903940200805664e+00 1.268271684646606445e+00 -1.799641847610473633e-01 -2.403471022844314575e-01 -2.108855992555618286e-01
1.069216370582580566e+00 -1.394701838493347168e+00 1.266267299652099609e+00 -1.804448962211608887e-01 -2.401135414838790894e-01 -2.103883475065231323e-01
1.083140254020690918e+00 -1.377686381340026855e+00 1.260705351829528809e+00 -1.817821860313415527e-01 -2.394908517599105835e-01 -2.090028673410415649e-01
1.117918252944946289e+00 -1.334044337272644043e+00 1.246029376983642578e+00 -1.851928830146789551e-01 -2.378968298435211182e-01 -2.055654674768447876e-01
1.172667980194091797e+00 -1.261271953582763672e+00 1.223395824432373047e+00 -1.905559003353118896e-01 -2.355309724807739258e-01 -2.005535513162612915e-01
1.206713438034057617e+00 -1.216955542564392090e+00 1.214255094528198242e+00 -1.936532407999038696e-01 -2.345663756132125854e-01 -1.994860321283340454e-01
1.213536024093627930e+00 -1.207439422607421875e+00 1.215179204940795898e+00 -1.947401165962219238e-01 -2.343572527170181274e-01 -2.018183916807174683e-01
1.215897917747497559e+00 -1.205808401107788086e+00 1.211475133895874023e+00 -1.960672736167907715e-01 -2.334195822477340698e-01 -2.045350074768066406e-01
1.218141198158264160e+00 -1.203155875205993652e+00 1.210635781288146973e+00 -1.970268040895462036e-01 -2.329422682523727417e-01 -2.066250443458557129e-01
1.219329595565795898e+00 -1.203978061676025391e+00 1.210072517395019531e+00 -1.977531164884567261e-01 -2.324981689453125000e-01 -2.087679356336593628e-01
