1.270429968833923340e+00 -9.100107550621032715e-01 1.251767039299011230e+00 -2.087093293666839600e-01 -2.277031987905502319e-01 -1.591628789901733398e-01
1.269762516021728516e+00 -9.135493040084838867e-01 1.251402258872985840e+00 -2.086438685655593872e-01 -2.275198996067047119e-01 -1.596031039953231812e-01
1.267939805984497070e+00 -9.232835769653320312e-01 1.250364184379577637e+00 -2.084686160087585449e-01 -2.270072251558303833e-01 -1.608225405216217041e-01
1.263017177581787109e+00 -9.497100710868835449e-01 1.247463703155517578e+00 -2.080151885747909546e-01 -2.255980372428894043e-01 -1.641498357057571411e-01
1.250479817390441895e+00 -1.014980196952819824e+00 1.239562749862670898e+00 -2.070018798112869263e-01 -2.220281064510345459e-01 -1.721513271331787109e-01
1.227744698524475098e+00 -1.125985622406005859e+00 1.220621705055236816e+00 -2.057008445262908936e-01 -2.153787016868591309e-01 -1.848952174186706543e-01
1.214530348777770996e+00 -1.196825742721557617e+00 1.205627441406250000e+00 -2.050908505916595459e-01 -2.107462435960769653e-01 -1.933687776327133179e-01
1.215595245361328125e+00 -1.208552956581115723e+00 1.201891541481018066e+00 -2.053140401840209961e-01 -2.095843106508255005e-01 -1.954576075077056885e-01
1.217111110687255859e+00 -1.210135817527770996e+00 1.201220750808715820e+00 -2.055908143520355225e-01 -2.090600728988647461e-01 -1.962011903524398804e-01
1.216717243194580078e+00 -1.212075591087341309e+00 1.200786352157592773e+00 -2.059372067451477051e-01 -2.085815966129302979e-01 -1.965456157922744751e-01
1.215245127677917480e+00 -1.214037060737609863e+00 1.199999094009399414e+00 -2.064267396926879883e-01 -2.081747055053710938e-01 -1.965260803699493408e-01
