1.231898546218872070e+00 -1.152938723564147949e+00 1.357420682907104492e+00 -2.276496887207031250e-01 -3.097408115863800049e-01 -2.158817648887634277e-01
1.231734871864318848e+00 -1.153633832931518555e+00 1.355671644210815430e+00 -2.278667092323303223e-01 -3.094277679920196533e-01 -2.159617841243743896e-01
1.231231808662414551e+00 -1.155557513236999512e+00 1.350897312164306641e+00 -2.284597605466842651e-01 -3.085735738277435303e-01 -2.161824703216552734e-01
1.229659438133239746e+00 -1.160854935646057129e+00 1.338055729866027832e+00 -2.300620377063751221e-01 -3.062736392021179199e-01 -2.167932689189910889e-01
1.225613236427307129e+00 -1.174401521682739258e+00 1.305340170860290527e+00 -2.341622561216354370e-01 -3.003902137279510498e-01 -2.184289693832397461e-01
1.216844916343688965e+00 -1.198664188385009766e+00 1.248087048530578613e+00 -2.413781285285949707e-01 -2.900874614715576172e-01 -2.216154932975769043e-01
1.209164261817932129e+00 -1.214791297912597656e+00 1.212105631828308105e+00 -2.461284846067428589e-01 -2.834905982017517090e-01 -2.244349122047424316e-01
1.208803415298461914e+00 -1.216741204261779785e+00 1.205524682998657227e+00 -2.473848760128021240e-01 -2.819303870201110840e-01 -2.262877970933914185e-01
1.209444999694824219e+00 -1.216556906700134277e+00 1.202420949935913086e+00 -2.482327967882156372e-01 -2.809363007545471191e-01 -2.278548628091812134e-01
1.208774685859680176e+00 -1.216662526130676270e+00 1.199573516845703125e+00 -2.491003125905990601e-01 -2.800813913345336914e-01 -2.289433479309082031e-01
1.207252740859985352e+00 -1.217004895210266113e+00 1.198437809944152832e+00 -2.497760653495788574e-01 -2.796242833137512207e-01 -2.296942323446273804e-01
