1.208969235420227051e+00 -1.087523460388183594e+00 1.214733958244323730e+00 -1.901714205741882324e-01 -2.591389417648315430e-01 -1.421273946762084961e-01
1.208821535110473633e+00 -1.089058041572570801e+00 1.214475512504577637e+00 -1.901887953281402588e-01 -2.590578496456146240e-01 -1.423158943653106689e-01
1.208427906036376953e+00 -1.093259811401367188e+00 1.213746666908264160e+00 -1.902382373809814453e-01 -2.588331997394561768e-01 -1.428309679031372070e-01
1.207284092903137207e+00 -1.104737997055053711e+00 1.211697697639465332e+00 -1.903812289237976074e-01 -2.582167088985443115e-01 -1.442053467035293579e-01
1.203464031219482422e+00 -1.134641289710998535e+00 1.206986904144287109e+00 -1.906741261482238770e-01 -2.566653788089752197e-01 -1.477203369140625000e-01
1.196786761283874512e+00 -1.186157107353210449e+00 1.200616836547851562e+00 -1.909256279468536377e-01 -2.540630996227264404e-01 -1.540703773498535156e-01
1.194890260696411133e+00 -1.215892195701599121e+00 1.195776820182800293e+00 -1.913751661777496338e-01 -2.522858679294586182e-01 -1.577466428279876709e-01
1.195485830307006836e+00 -1.219374179840087891e+00 1.192842245101928711e+00 -1.920690238475799561e-01 -2.516285777091979980e-01 -1.572121083736419678e-01
1.195057272911071777e+00 -1.220718860626220703e+00 1.191343188285827637e+00 -1.925815045833587646e-01 -2.512091100215911865e-01 -1.558142751455307007e-01
1.194015145301818848e+00 -1.222721338272094727e+00 1.191164612770080566e+00 -1.928658634424209595e-01 -2.509057819843292236e-01 -1.544960439205169678e-01
1.193121433258056641e+00 -1.223545908927917480e+00 1.191900730133056641e+00 -1.930305659770965576e-01 -2.507205903530120850e-01 -1.532346010208129883e-01
