1.205531597137451172e+00 -1.176776051521301270e+00 1.155651450157165527e+00 -1.865544766187667847e-01 -2.025424689054489136e-01 -1.683574169874191284e-01
1.205676436424255371e+00 -1.177123665809631348e+00 1.156007051467895508e+00 -1.865129470825195312e-01 -2.025624662637710571e-01 -1.684377789497375488e-01
1.206094384193420410e+00 -1.178081154823303223e+00 1.157008051872253418e+00 -1.863965392112731934e-01 -2.026190161705017090e-01 -1.686632633209228516e-01
1.207332372665405273e+00 -1.180670499801635742e+00 1.159810543060302734e+00 -1.860748380422592163e-01 -2.027786374092102051e-01 -1.692876219749450684e-01
1.210416197776794434e+00 -1.187313318252563477e+00 1.166407465934753418e+00 -1.853262782096862793e-01 -2.031084597110748291e-01 -1.709101498126983643e-01
1.214885234832763672e+00 -1.199084401130676270e+00 1.175949931144714355e+00 -1.842644810676574707e-01 -2.032295167446136475e-01 -1.742177158594131470e-01
1.217710852622985840e+00 -1.205276370048522949e+00 1.181045889854431152e+00 -1.839441359043121338e-01 -2.025971561670303345e-01 -1.772444546222686768e-01
1.219093441963195801e+00 -1.207373738288879395e+00 1.183932542800903320e+00 -1.840554922819137573e-01 -2.017961144447326660e-01 -1.795590519905090332e-01
1.219677567481994629e+00 -1.209175229072570801e+00 1.186567187309265137e+00 -1.842893064022064209e-01 -2.011252194643020630e-01 -1.814713329076766968e-01
1.219728112220764160e+00 -1.210265994071960449e+00 1.187985897064208984e+00 -1.847074180841445923e-01 -2.005237489938735962e-01 -1.828695982694625854e-01
1.219691753387451172e+00 -1.210406780242919922e+00 1.187459468841552734e+00 -1.853467524051666260e-01 -1.998468339443206787e-01 -1.837797909975051880e-01
