1.257289409637451172e+00 -1.295302748680114746e+00 1.143054842948913574e+00 -2.015257179737091064e-01 -2.022759318351745605e-01 -2.124442011117935181e-01
1.256721377372741699e+00 -1.294484496116638184e+00 1.143682956695556641e+00 -2.015196681022644043e-01 -2.023783177137374878e-01 -2.123068273067474365e-01
1.255159378051757812e+00 -1.292211890220642090e+00 1.145436406135559082e+00 -2.015018612146377563e-01 -2.026677280664443970e-01 -2.119146436452865601e-01
1.250914096832275391e+00 -1.286014795303344727e+00 1.150320529937744141e+00 -2.014353871345520020e-01 -2.034831643104553223e-01 -2.108277678489685059e-01
1.240172624588012695e+00 -1.270149230957031250e+00 1.162895560264587402e+00 -2.012134045362472534e-01 -2.056024670600891113e-01 -2.080974280834197998e-01
1.221004724502563477e+00 -1.241339206695556641e+00 1.184759736061096191e+00 -2.010215520858764648e-01 -2.096206098794937134e-01 -2.023515552282333374e-01
1.208151698112487793e+00 -1.224794149398803711e+00 1.195975899696350098e+00 -2.013140618801116943e-01 -2.120553553104400635e-01 -1.980903893709182739e-01
1.204756855964660645e+00 -1.221971631050109863e+00 1.198231697082519531e+00 -2.017003446817398071e-01 -2.126718759536743164e-01 -1.962946802377700806e-01
1.203881502151489258e+00 -1.221156716346740723e+00 1.199694514274597168e+00 -2.020638287067413330e-01 -2.130597382783889771e-01 -1.946275830268859863e-01
1.203484892845153809e+00 -1.220418334007263184e+00 1.200675725936889648e+00 -2.024966776371002197e-01 -2.134630978107452393e-01 -1.927309632301330566e-01
1.203256726264953613e+00 -1.220090746879577637e+00 1.200633525848388672e+00 -2.030342966318130493e-01 -2.138532251119613647e-01 -1.907388716936111450e-01
