1.156758546829223633e+00 -1.183792710304260254e+00 1.301196217536926270e+00 -2.108461707830429077e-01 -2.346895039081573486e-01 -1.792257428169250488e-01
1.157315850257873535e+00 -1.184175491333007812e+00 1.300117611885070801e+00 -2.109448313713073730e-01 -2.345238029956817627e-01 -1.792716830968856812e-01
1.158852219581604004e+00 -1.185202717781066895e+00 1.297173738479614258e+00 -2.112139314413070679e-01 -2.340725362300872803e-01 -1.793957054615020752e-01
1.163056850433349609e+00 -1.187956690788269043e+00 1.289152741432189941e+00 -2.119515538215637207e-01 -2.328473925590515137e-01 -1.797322928905487061e-01
1.173738121986389160e+00 -1.195532798767089844e+00 1.268296599388122559e+00 -2.138796448707580566e-01 -2.296495288610458374e-01 -1.806878596544265747e-01
1.191503643989562988e+00 -1.209244132041931152e+00 1.231690168380737305e+00 -2.173037827014923096e-01 -2.240023016929626465e-01 -1.824069023132324219e-01
1.201221585273742676e+00 -1.217166066169738770e+00 1.209572553634643555e+00 -2.196178883314132690e-01 -2.206829488277435303e-01 -1.830566078424453735e-01
1.203291893005371094e+00 -1.218786120414733887e+00 1.205462455749511719e+00 -2.204206734895706177e-01 -2.202865630388259888e-01 -1.822845041751861572e-01
1.204866051673889160e+00 -1.219464898109436035e+00 1.203913331031799316e+00 -2.209821492433547974e-01 -2.202847301959991455e-01 -1.812063157558441162e-01
1.206443428993225098e+00 -1.219864249229431152e+00 1.202463269233703613e+00 -2.214684486389160156e-01 -2.202069014310836792e-01 -1.803152114152908325e-01
1.207484602928161621e+00 -1.219856262207031250e+00 1.201680898666381836e+00 -2.218297123908996582e-01 -2.201257795095443726e-01 -1.797017604112625122e-01
