1.112465620040893555e+00 -1.248824596405029297e+00 1.147299528121948242e+00 -2.263803035020828247e-01 -2.073737084865570068e-01 -1.640056967735290527e-01
1.113513708114624023e+00 -1.248456120491027832e+00 1.147828698158264160e+00 -2.262357026338577271e-01 -2.073130905628204346e-01 -1.643541902303695679e-01
1.116399884223937988e+00 -1.247471332550048828e+00 1.149251461029052734e+00 -2.259034812450408936e-01 -2.071769833564758301e-01 -1.653181165456771851e-01
1.124286532402038574e+00 -1.244665980339050293e+00 1.153276205062866211e+00 -2.244108021259307861e-01 -2.060568034648895264e-01 -1.680965721607208252e-01
1.144766569137573242e+00 -1.237496733665466309e+00 1.163082003593444824e+00 -2.213870584964752197e-01 -2.061503678560256958e-01 -1.724726259708404541e-01
1.180697083473205566e+00 -1.225376605987548828e+00 1.181016206741333008e+00 -2.148017287254333496e-01 -2.010264396667480469e-01 -1.940731406211853027e-01
1.204161047935485840e+00 -1.216804742813110352e+00 1.192739009857177734e+00 -2.156706005334854126e-01 -2.056407928466796875e-01 -1.881402730941772461e-01
1.206946849822998047e+00 -1.215990543365478516e+00 1.194330096244812012e+00 -2.157513201236724854e-01 -2.057404667139053345e-01 -1.892680078744888306e-01
1.209192991256713867e+00 -1.215068578720092773e+00 1.196334362030029297e+00 -2.163956761360168457e-01 -2.061022073030471802e-01 -1.905305981636047363e-01
1.209525108337402344e+00 -1.215302705764770508e+00 1.196010112762451172e+00 -2.169157266616821289e-01 -2.058051228523254395e-01 -1.924267560243606567e-01
1.208644390106201172e+00 -1.215617299079895020e+00 1.195743322372436523e+00 -2.173630446195602417e-01 -2.057923525571823120e-01 -1.923919171094894409e-01
