1.090342521667480469e+00 -1.170323848724365234e+00 1.204092621803283691e+00 -1.744137704372406006e-01 -2.108744531869888306e-01 -1.583391427993774414e-01
1.091522097587585449e+00 -1.170955777168273926e+00 1.204179525375366211e+00 -1.742605119943618774e-01 -2.107027173042297363e-01 -1.586970537900924683e-01
1.094787001609802246e+00 -1.172657608985900879e+00 1.204448819160461426e+00 -1.739436089992523193e-01 -2.105339467525482178e-01 -1.594169884920120239e-01
1.103768467903137207e+00 -1.177254796028137207e+00 1.204851269721984863e+00 -1.731556802988052368e-01 -2.097561508417129517e-01 -1.615091562271118164e-01
1.126221179962158203e+00 -1.189362406730651855e+00 1.206950545310974121e+00 -1.706699281930923462e-01 -2.081029415130615234e-01 -1.671082973480224609e-01
1.168766140937805176e+00 -1.209607243537902832e+00 1.206566214561462402e+00 -1.618679612874984741e-01 -2.000391930341720581e-01 -1.832942515611648560e-01
1.194084167480468750e+00 -1.222633123397827148e+00 1.207244038581848145e+00 -1.681427061557769775e-01 -2.103860080242156982e-01 -1.811110526323318481e-01
1.202335953712463379e+00 -1.224649071693420410e+00 1.207150340080261230e+00 -1.665354371070861816e-01 -2.094377428293228149e-01 -1.883971989154815674e-01
1.203312158584594727e+00 -1.225119233131408691e+00 1.206597328186035156e+00 -1.664565205574035645e-01 -2.103912979364395142e-01 -1.917652934789657593e-01
1.202868819236755371e+00 -1.225259065628051758e+00 1.206529378890991211e+00 -1.676071137189865112e-01 -2.116231322288513184e-01 -1.923317909240722656e-01
1.203035712242126465e+00 -1.225300192832946777e+00 1.206476926803588867e+00 -1.683233678340911865e-01 -2.133048176765441895e-01 -1.935253590345382690e-01
