1.359111428260803223e+00 -1.121751189231872559e+00 1.168119192123413086e+00 -2.455363124608993530e-01 -2.381322830915451050e-01 -1.895148903131484985e-01
1.357395768165588379e+00 -1.122993707656860352e+00 1.168645143508911133e+00 -2.453695386648178101e-01 -2.379377484321594238e-01 -1.897275745868682861e-01
1.352716088294982910e+00 -1.126340389251708984e+00 1.170132160186767578e+00 -2.449443042278289795e-01 -2.375895977020263672e-01 -1.902002245187759399e-01
1.339693069458007812e+00 -1.135715126991271973e+00 1.173913955688476562e+00 -2.443160116672515869e-01 -2.366248071193695068e-01 -1.918755471706390381e-01
1.307906746864318848e+00 -1.157198786735534668e+00 1.181257963180541992e+00 -2.420765012502670288e-01 -2.334492206573486328e-01 -1.975958198308944702e-01
1.250895500183105469e+00 -1.194002985954284668e+00 1.193967223167419434e+00 -2.383646667003631592e-01 -2.316857278347015381e-01 -2.035209089517593384e-01
1.215862154960632324e+00 -1.214491724967956543e+00 1.202587723731994629e+00 -2.351027578115463257e-01 -2.272543311119079590e-01 -2.103206515312194824e-01
1.210635781288146973e+00 -1.216053128242492676e+00 1.200092434883117676e+00 -2.360868453979492188e-01 -2.280772030353546143e-01 -2.091962099075317383e-01
1.208671331405639648e+00 -1.217595696449279785e+00 1.202181458473205566e+00 -2.364816516637802124e-01 -2.292894423007965088e-01 -2.093273401260375977e-01
1.206709504127502441e+00 -1.219703555107116699e+00 1.202936530113220215e+00 -2.366943508386611938e-01 -2.299340665340423584e-01 -2.090800702571868896e-01
1.206105113029479980e+00 -1.220707535743713379e+00 1.204202890396118164e+00 -2.364986836910247803e-01 -2.306040525436401367e-01 -2.089947760105133057e-01
