1.157077789306640625e+00 -1.196997404098510742e+00 1.131658315658569336e+00 -1.404452174901962280e-01 -1.494752019643783569e-01 -1.542994379997253418e-01
1.157649040222167969e+00 -1.197222113609313965e+00 1.132381677627563477e+00 -1.404754668474197388e-01 -1.496842503547668457e-01 -1.541873067617416382e-01
1.159198284149169922e+00 -1.197827100753784180e+00 1.134313464164733887e+00 -1.406062841415405273e-01 -1.502158194780349731e-01 -1.540396213531494141e-01
1.163617968559265137e+00 -1.199641823768615723e+00 1.139789223670959473e+00 -1.408196389675140381e-01 -1.513814330101013184e-01 -1.543276309967041016e-01
1.174821376800537109e+00 -1.203338503837585449e+00 1.152785658836364746e+00 -1.417780220508575439e-01 -1.547162234783172607e-01 -1.534999161958694458e-01
1.195880293846130371e+00 -1.208772778511047363e+00 1.173693895339965820e+00 -1.427921354770660400e-01 -1.595140546560287476e-01 -1.531705260276794434e-01
1.208502292633056641e+00 -1.211965322494506836e+00 1.189667940139770508e+00 -1.429472267627716064e-01 -1.624258011579513550e-01 -1.570870876312255859e-01
1.212755322456359863e+00 -1.212613344192504883e+00 1.191493153572082520e+00 -1.440553516149520874e-01 -1.636752933263778687e-01 -1.581884771585464478e-01
1.213538646697998047e+00 -1.212741255760192871e+00 1.193188309669494629e+00 -1.454447209835052490e-01 -1.654642224311828613e-01 -1.587062478065490723e-01
1.213545083999633789e+00 -1.212857484817504883e+00 1.194263100624084473e+00 -1.463895440101623535e-01 -1.668971627950668335e-01 -1.590300649404525757e-01
1.212850451469421387e+00 -1.213678002357482910e+00 1.193711638450622559e+00 -1.477348208427429199e-01 -1.680244356393814087e-01 -1.587241142988204956e-01
