1.241767644882202148e+00 -1.295211791992187500e+00 1.238972544670104980e+00 -1.936045587062835693e-01 -2.184996902942657471e-01 -2.164534628391265869e-01
1.241361975669860840e+00 -1.294425368309020996e+00 1.238604784011840820e+00 -1.936112940311431885e-01 -2.185226678848266602e-01 -2.162556201219558716e-01
1.240242481231689453e+00 -1.292275071144104004e+00 1.237589955329895020e+00 -1.935873925685882568e-01 -2.185944318771362305e-01 -2.157461345195770264e-01
1.237162232398986816e+00 -1.286460161209106445e+00 1.234852194786071777e+00 -1.934416294097900391e-01 -2.188641875982284546e-01 -2.145299613475799561e-01
1.229417681694030762e+00 -1.271405100822448730e+00 1.227761864662170410e+00 -1.937360316514968872e-01 -2.195661067962646484e-01 -2.117244899272918701e-01
1.215242743492126465e+00 -1.245440244674682617e+00 1.215980291366577148e+00 -1.960540115833282471e-01 -2.222268879413604736e-01 -2.071063071489334106e-01
1.204792380332946777e+00 -1.230080485343933105e+00 1.210120439529418945e+00 -1.979157179594039917e-01 -2.292789816856384277e-01 -2.044990509748458862e-01
1.202750563621520996e+00 -1.225913166999816895e+00 1.208223938941955566e+00 -1.984105259180068970e-01 -2.347261905670166016e-01 -2.046109139919281006e-01
1.203516721725463867e+00 -1.223368644714355469e+00 1.206422924995422363e+00 -1.980934888124465942e-01 -2.365886270999908447e-01 -2.057258486747741699e-01
1.204238295555114746e+00 -1.222004652023315430e+00 1.205244302749633789e+00 -1.973487138748168945e-01 -2.369479238986968994e-01 -2.076451182365417480e-01
1.204101920127868652e+00 -1.222618103027343750e+00 1.204575777053833008e+00 -1.964475512504577637e-01 -2.385722696781158447e-01 -2.109611928462982178e-01
