1.179465889930725098e+00 -1.199061393737792969e+00 1.224037289619445801e+00 -1.609663367271423340e-01 -2.039855718612670898e-01 -2.230408787727355957e-01
1.179831147193908691e+00 -1.199213266372680664e+00 1.223658561706542969e+00 -1.610183417797088623e-01 -2.040359377861022949e-01 -2.229202091693878174e-01
1.180846095085144043e+00 -1.199619054794311523e+00 1.222626328468322754e+00 -1.611947715282440186e-01 -2.041836678981781006e-01 -2.225844562053680420e-01
1.183654069900512695e+00 -1.200623631477355957e+00 1.219786763191223145e+00 -1.618913412094116211e-01 -2.046430855989456177e-01 -2.214815467596054077e-01
1.190964579582214355e+00 -1.202827572822570801e+00 1.211861014366149902e+00 -1.636670678853988647e-01 -2.050881534814834595e-01 -2.183347791433334351e-01
1.204774141311645508e+00 -1.205270886421203613e+00 1.196527004241943359e+00 -1.672323644161224365e-01 -2.051937580108642578e-01 -2.126121968030929565e-01
1.213064193725585938e+00 -1.207710742950439453e+00 1.188773155212402344e+00 -1.705097705125808716e-01 -2.069471627473831177e-01 -2.073774486780166626e-01
1.213647246360778809e+00 -1.210350990295410156e+00 1.189147114753723145e+00 -1.723017245531082153e-01 -2.097391784191131592e-01 -2.030530273914337158e-01
1.213261723518371582e+00 -1.211714863777160645e+00 1.189821362495422363e+00 -1.726225316524505615e-01 -2.109676748514175415e-01 -2.001067698001861572e-01
1.213445544242858887e+00 -1.211238622665405273e+00 1.189992189407348633e+00 -1.724875420331954956e-01 -2.117440402507781982e-01 -1.975006163120269775e-01
1.213726520538330078e+00 -1.210477352142333984e+00 1.189243316650390625e+00 -1.715852916240692139e-01 -2.129550129175186157e-01 -1.950582116842269897e-01
