1.350605726242065430e+00 -1.495225906372070312e+00 1.271780967712402344e+00 -1.756203174591064453e-01 -2.520840764045715332e-01 -2.951690256595611572e-01
1.348966121673583984e+00 -1.492228984832763672e+00 1.270894169807434082e+00 -1.761431246995925903e-01 -2.525228559970855713e-01 -2.945681512355804443e-01
1.344548940658569336e+00 -1.483950495719909668e+00 1.268605113029479980e+00 -1.774623841047286987e-01 -2.536092996597290039e-01 -2.929031550884246826e-01
1.333381295204162598e+00 -1.460522413253784180e+00 1.262889027595520020e+00 -1.805463135242462158e-01 -2.559789121150970459e-01 -2.881019413471221924e-01
1.304398894309997559e+00 -1.400590658187866211e+00 1.248415589332580566e+00 -1.873351484537124634e-01 -2.638119161128997803e-01 -2.759931981563568115e-01
1.250221967697143555e+00 -1.300969004631042480e+00 1.222735166549682617e+00 -1.962463408708572388e-01 -2.720886468887329102e-01 -2.492069751024246216e-01
1.213329792022705078e+00 -1.239080548286437988e+00 1.208470225334167480e+00 -2.025229483842849731e-01 -2.700783610343933105e-01 -2.317693829536437988e-01
1.206291437149047852e+00 -1.223799347877502441e+00 1.204035997390747070e+00 -2.058130800724029541e-01 -2.694174945354461670e-01 -2.285043895244598389e-01
1.205748677253723145e+00 -1.221313834190368652e+00 1.202041745185852051e+00 -2.050112485885620117e-01 -2.718528509140014648e-01 -2.294430583715438843e-01
1.205546140670776367e+00 -1.221042275428771973e+00 1.202012896537780762e+00 -2.019277662038803101e-01 -2.739417254924774170e-01 -2.307102233171463013e-01
1.204407930374145508e+00 -1.222289562225341797e+00 1.202964305877685547e+00 -1.976222991943359375e-01 -2.737495899200439453e-01 -2.316115051507949829e-01
