1.206651449203491211e+00 -1.114095926284790039e+00 1.193963646888732910e+00 -1.844014525413513184e-01 -2.191945910453796387e-01 -1.757654249668121338e-01
1.206675529479980469e+00 -1.115227341651916504e+00 1.194066047668457031e+00 -1.844066232442855835e-01 -2.192158699035644531e-01 -1.758177429437637329e-01
1.206732869148254395e+00 -1.118357419967651367e+00 1.194363594055175781e+00 -1.844359785318374634e-01 -2.192829847335815430e-01 -1.760051846504211426e-01
1.206963062286376953e+00 -1.126822710037231445e+00 1.195084929466247559e+00 -1.843990683555603027e-01 -2.193583995103836060e-01 -1.766453683376312256e-01
1.207725644111633301e+00 -1.148198246955871582e+00 1.196592092514038086e+00 -1.838453710079193115e-01 -2.196418941020965576e-01 -1.794931590557098389e-01
1.208097934722900391e+00 -1.186625242233276367e+00 1.199428319931030273e+00 -1.836324483156204224e-01 -2.215448915958404541e-01 -1.909481585025787354e-01
1.207995653152465820e+00 -1.211447834968566895e+00 1.200966596603393555e+00 -1.847513616085052490e-01 -2.252815514802932739e-01 -1.980220079421997070e-01
1.208192110061645508e+00 -1.217216253280639648e+00 1.201787590980529785e+00 -1.841413676738739014e-01 -2.273483872413635254e-01 -1.992712914943695068e-01
1.208027124404907227e+00 -1.218278288841247559e+00 1.202881217002868652e+00 -1.840110272169113159e-01 -2.288141697645187378e-01 -2.005098462104797363e-01
1.207545876502990723e+00 -1.219404220581054688e+00 1.203660249710083008e+00 -1.836947351694107056e-01 -2.297263890504837036e-01 -2.044506222009658813e-01
1.207646727561950684e+00 -1.219989657402038574e+00 1.203014373779296875e+00 -1.842053681612014771e-01 -2.317790538072586060e-01 -2.067206054925918579e-01
