1.334246993064880371e+00 -1.162142038345336914e+00 1.182601094245910645e+00 -2.135616838932037354e-01 -2.375659346580505371e-01 -1.925596445798873901e-01
1.332839965820312500e+00 -1.162810206413269043e+00 1.182868480682373047e+00 -2.136420458555221558e-01 -2.375980019569396973e-01 -1.927052140235900879e-01
1.328968048095703125e+00 -1.164661049842834473e+00 1.183593630790710449e+00 -2.137803584337234497e-01 -2.376501560211181641e-01 -1.931761205196380615e-01
1.318398833274841309e+00 -1.169736623764038086e+00 1.185520648956298828e+00 -2.138091027736663818e-01 -2.378055751323699951e-01 -1.945110261440277100e-01
1.291461944580078125e+00 -1.182419300079345703e+00 1.190555930137634277e+00 -2.148013710975646973e-01 -2.388916909694671631e-01 -1.971122920513153076e-01
1.245273351669311523e+00 -1.202260613441467285e+00 1.197492957115173340e+00 -2.176515460014343262e-01 -2.407071888446807861e-01 -2.018070369958877563e-01
1.216539382934570312e+00 -1.213112354278564453e+00 1.199180126190185547e+00 -2.211657464504241943e-01 -2.414826601743698120e-01 -2.064770013093948364e-01
1.210052132606506348e+00 -1.215849518775939941e+00 1.199792027473449707e+00 -2.220481783151626587e-01 -2.435409724712371826e-01 -2.074933946132659912e-01
1.207707643508911133e+00 -1.217912673950195312e+00 1.201712131500244141e+00 -2.236224412918090820e-01 -2.479230314493179321e-01 -2.076319903135299683e-01
1.206688761711120605e+00 -1.219286561012268066e+00 1.203155517578125000e+00 -2.249994277954101562e-01 -2.510284781455993652e-01 -2.093304395675659180e-01
1.206544995307922363e+00 -1.219454884529113770e+00 1.203206419944763184e+00 -2.258951216936111450e-01 -2.525607049465179443e-01 -2.114405930042266846e-01
