1.371401667594909668e+00 -1.282456755638122559e+00 9.029263854026794434e-01 -2.552715241909027100e-01 -1.646536737680435181e-01 -1.919825971126556396e-01
1.369674205780029297e+00 -1.281958341598510742e+00 9.064334034919738770e-01 -2.551521658897399902e-01 -1.650970727205276489e-01 -1.919748336076736450e-01
1.364981293678283691e+00 -1.280531406402587891e+00 9.159710407257080078e-01 -2.548930644989013672e-01 -1.662904769182205200e-01 -1.919422149658203125e-01
1.352330327033996582e+00 -1.276429176330566406e+00 9.414640665054321289e-01 -2.545109987258911133e-01 -1.693901270627975464e-01 -1.917880028486251831e-01
1.319485902786254883e+00 -1.264729976654052734e+00 1.005742073059082031e+00 -2.534423172473907471e-01 -1.778344213962554932e-01 -1.913428753614425659e-01
1.259791374206542969e+00 -1.239609122276306152e+00 1.116618990898132324e+00 -2.525244653224945068e-01 -1.940477788448333740e-01 -1.883906424045562744e-01
1.219087481498718262e+00 -1.222218394279479980e+00 1.183992743492126465e+00 -2.472821176052093506e-01 -2.057626843452453613e-01 -1.880051791667938232e-01
1.211451053619384766e+00 -1.215642452239990234e+00 1.196612954139709473e+00 -2.463152408599853516e-01 -2.082433998584747314e-01 -1.887342631816864014e-01
1.210828185081481934e+00 -1.214535474777221680e+00 1.198171615600585938e+00 -2.476792633533477783e-01 -2.094951272010803223e-01 -1.880396902561187744e-01
1.209792137145996094e+00 -1.215451955795288086e+00 1.199056625366210938e+00 -2.472838759422302246e-01 -2.097682505846023560e-01 -1.882903873920440674e-01
1.209354043006896973e+00 -1.215741515159606934e+00 1.200196981430053711e+00 -2.434714287519454956e-01 -2.081077992916107178e-01 -1.896357238292694092e-01
