1.260689735412597656e+00 -1.157157301902770996e+00 1.219942450523376465e+00 -6.321774423122406006e-02 -1.735209226608276367e-01 -2.670252621173858643e-01
1.260074138641357422e+00 -1.157922744750976562e+00 1.219800949096679688e+00 -6.335800886154174805e-02 -1.739583164453506470e-01 -2.662965059280395508e-01
1.258391022682189941e+00 -1.160008192062377930e+00 1.219395875930786133e+00 -6.373614072799682617e-02 -1.751000434160232544e-01 -2.642071843147277832e-01
1.253795862197875977e+00 -1.165685653686523438e+00 1.218343853950500488e+00 -6.489689648151397705e-02 -1.780991554260253906e-01 -2.582156062126159668e-01
1.241776108741760254e+00 -1.180569410324096680e+00 1.216086745262145996e+00 -6.914927810430526733e-02 -1.859495788812637329e-01 -2.441622316837310791e-01
1.221170186996459961e+00 -1.205807209014892578e+00 1.211173534393310547e+00 -7.769752293825149536e-02 -2.011900246143341064e-01 -2.241852581501007080e-01
1.208336472511291504e+00 -1.220854520797729492e+00 1.207240700721740723e+00 -8.813104778528213501e-02 -2.163496464490890503e-01 -2.107758522033691406e-01
1.204791426658630371e+00 -1.224974632263183594e+00 1.206483483314514160e+00 -9.673854708671569824e-02 -2.255150675773620605e-01 -2.056220024824142456e-01
1.203401684761047363e+00 -1.226505398750305176e+00 1.207296609878540039e+00 -1.033410876989364624e-01 -2.311373800039291382e-01 -2.043815255165100098e-01
1.202532649040222168e+00 -1.227292656898498535e+00 1.208344340324401855e+00 -1.092033535242080688e-01 -2.352905422449111938e-01 -2.046070992946624756e-01
1.201965689659118652e+00 -1.227425932884216309e+00 1.208921194076538086e+00 -1.142021715641021729e-01 -2.387993186712265015e-01 -2.064485251903533936e-01
