1.205589413642883301e+00 -1.220546245574951172e+00 1.197049140930175781e+00 -2.842392623424530029e-01 -2.873378396034240723e-01 -1.967115849256515503e-01
1.205824136734008789e+00 -1.219024538993835449e+00 1.198411345481872559e+00 -2.847457826137542725e-01 -2.876555919647216797e-01 -1.946225166320800781e-01
1.206179976463317871e+00 -1.218037366867065430e+00 1.199232220649719238e+00 -2.853302955627441406e-01 -2.879095673561096191e-01 -1.924455761909484863e-01
1.206435918807983398e+00 -1.217594265937805176e+00 1.199439048767089844e+00 -2.859758734703063965e-01 -2.880094349384307861e-01 -1.904932409524917603e-01
1.206616520881652832e+00 -1.217210054397583008e+00 1.199603915214538574e+00 -2.866245806217193604e-01 -2.880962193012237549e-01 -1.885486841201782227e-01
1.206660032272338867e+00 -1.216907978057861328e+00 1.199678897857666016e+00 -2.872779965400695801e-01 -2.881640493869781494e-01 -1.866421699523925781e-01
1.206706404685974121e+00 -1.216621041297912598e+00 1.199748873710632324e+00 -2.879229187965393066e-01 -2.882228493690490723e-01 -1.847503185272216797e-01
1.206761360168457031e+00 -1.216347813606262207e+00 1.199801564216613770e+00 -2.885704636573791504e-01 -2.882775366306304932e-01 -1.828595101833343506e-01
1.206800580024719238e+00 -1.216104745864868164e+00 1.199818849563598633e+00 -2.892218232154846191e-01 -2.883217930793762207e-01 -1.810104548931121826e-01
1.206849694252014160e+00 -1.215873122215270996e+00 1.199824094772338867e+00 -2.898748219013214111e-01 -2.883626222610473633e-01 -1.791654378175735474e-01
