1.206891655921936035e+00 -1.224381446838378906e+00 1.226079702377319336e+00 -1.883251965045928955e-01 -1.969215273857116699e-01 -1.730767041444778442e-01
1.205163002014160156e+00 -1.220346927642822266e+00 1.209702491760253906e+00 -1.909535825252532959e-01 -1.955361217260360718e-01 -1.716207265853881836e-01
1.202995419502258301e+00 -1.219825744628906250e+00 1.207121133804321289e+00 -1.921575665473937988e-01 -1.959197819232940674e-01 -1.705322712659835815e-01
1.201359987258911133e+00 -1.219512701034545898e+00 1.205165743827819824e+00 -1.932733952999114990e-01 -1.963289082050323486e-01 -1.696003675460815430e-01
1.200413942337036133e+00 -1.219265103340148926e+00 1.203521013259887695e+00 -1.943328380584716797e-01 -1.967054903507232666e-01 -1.688515245914459229e-01
1.200407266616821289e+00 -1.219131827354431152e+00 1.202115297317504883e+00 -1.953343152999877930e-01 -1.970627009868621826e-01 -1.681592166423797607e-01
1.200442552566528320e+00 -1.218870520591735840e+00 1.201056361198425293e+00 -1.963204592466354370e-01 -1.974748969078063965e-01 -1.675104200839996338e-01
1.200091600418090820e+00 -1.218628883361816406e+00 1.200193285942077637e+00 -1.973043382167816162e-01 -1.980053931474685669e-01 -1.665580421686172485e-01
1.199851870536804199e+00 -1.218419075012207031e+00 1.199431419372558594e+00 -1.982516646385192871e-01 -1.984778642654418945e-01 -1.657620519399642944e-01
1.199609160423278809e+00 -1.218159317970275879e+00 1.198910236358642578e+00 -1.991905272006988525e-01 -1.990275382995605469e-01 -1.648118495941162109e-01
