1.208651065826416016e+00 -1.214582800865173340e+00 1.194756507873535156e+00 -2.469917535781860352e-01 -2.008495479822158813e-01 -1.174539402127265930e-01
1.207388758659362793e+00 -1.215225815773010254e+00 1.194961309432983398e+00 -2.480291575193405151e-01 -2.011159658432006836e-01 -1.176484227180480957e-01
1.206442832946777344e+00 -1.215796232223510742e+00 1.195165514945983887e+00 -2.490814924240112305e-01 -2.014014422893524170e-01 -1.178426668047904968e-01
1.205609321594238281e+00 -1.216259479522705078e+00 1.195355057716369629e+00 -2.501326203346252441e-01 -2.016641199588775635e-01 -1.180849447846412659e-01
1.204963445663452148e+00 -1.216520667076110840e+00 1.195627689361572266e+00 -2.511860430240631104e-01 -2.019808739423751831e-01 -1.181271076202392578e-01
1.204867720603942871e+00 -1.216626167297363281e+00 1.196080565452575684e+00 -2.522087991237640381e-01 -2.023274898529052734e-01 -1.182002052664756775e-01
1.204702377319335938e+00 -1.216793060302734375e+00 1.196424484252929688e+00 -2.532430589199066162e-01 -2.026601731777191162e-01 -1.182471364736557007e-01
1.204528570175170898e+00 -1.216968417167663574e+00 1.196763277053833008e+00 -2.542635202407836914e-01 -2.029801160097122192e-01 -1.183597594499588013e-01
1.204349756240844727e+00 -1.217099189758300781e+00 1.197051405906677246e+00 -2.552872598171234131e-01 -2.032791376113891602e-01 -1.185124516487121582e-01
1.204127430915832520e+00 -1.217302203178405762e+00 1.197223782539367676e+00 -2.563310861587524414e-01 -2.035619914531707764e-01 -1.186888888478279114e-01
