1.206870079040527344e+00 -1.222774147987365723e+00 1.198930382728576660e+00 -2.918970286846160889e-01 -2.086322605609893799e-01 -1.912939250469207764e-01
1.206303954124450684e+00 -1.222691535949707031e+00 1.199092626571655273e+00 -2.922022640705108643e-01 -2.083701193332672119e-01 -1.908514648675918579e-01
1.206171274185180664e+00 -1.222666025161743164e+00 1.199344873428344727e+00 -2.925070226192474365e-01 -2.081233859062194824e-01 -1.904458701610565186e-01
1.206121563911437988e+00 -1.222652077674865723e+00 1.199612736701965332e+00 -2.928172647953033447e-01 -2.078880220651626587e-01 -1.899876743555068970e-01
1.206070303916931152e+00 -1.222652196884155273e+00 1.199853062629699707e+00 -2.931300699710845947e-01 -2.076466977596282959e-01 -1.895301342010498047e-01
1.206017732620239258e+00 -1.222663640975952148e+00 1.200070023536682129e+00 -2.934458255767822266e-01 -2.074005752801895142e-01 -1.890723705291748047e-01
1.205953478813171387e+00 -1.222671627998352051e+00 1.200267076492309570e+00 -2.937503159046173096e-01 -2.071329951286315918e-01 -1.887305527925491333e-01
1.205945372581481934e+00 -1.222634196281433105e+00 1.200402259826660156e+00 -2.940488457679748535e-01 -2.068883329629898071e-01 -1.883003264665603638e-01
1.205935120582580566e+00 -1.222602963447570801e+00 1.200523138046264648e+00 -2.943491041660308838e-01 -2.066403627395629883e-01 -1.878706514835357666e-01
1.206000804901123047e+00 -1.222525119781494141e+00 1.200502753257751465e+00 -2.946473956108093262e-01 -2.063720524311065674e-01 -1.874624788761138916e-01
