1.202122926712036133e+00 -1.228101372718811035e+00 1.199670314788818359e+00 -2.369405329227447510e-01 -2.154839783906936646e-01 -2.484934478998184204e-01
1.201944231986999512e+00 -1.227284550666809082e+00 1.199293851852416992e+00 -2.378569543361663818e-01 -2.160617858171463013e-01 -2.467600405216217041e-01
1.201772928237915039e+00 -1.226636290550231934e+00 1.198952794075012207e+00 -2.387736439704895020e-01 -2.166416347026824951e-01 -2.449860721826553345e-01
1.201847672462463379e+00 -1.225942015647888184e+00 1.198720693588256836e+00 -2.396961450576782227e-01 -2.172338664531707764e-01 -2.432029843330383301e-01
1.201996803283691406e+00 -1.225395917892456055e+00 1.198496222496032715e+00 -2.405992597341537476e-01 -2.178025245666503906e-01 -2.415053248405456543e-01
1.202337861061096191e+00 -1.224928975105285645e+00 1.198382258415222168e+00 -2.414985448122024536e-01 -2.183511704206466675e-01 -2.398898303508758545e-01
1.202447533607482910e+00 -1.224623918533325195e+00 1.198440074920654297e+00 -2.423389256000518799e-01 -2.189302891492843628e-01 -2.382714748382568359e-01
1.202422261238098145e+00 -1.224565744400024414e+00 1.198258399963378906e+00 -2.431799173355102539e-01 -2.194605171680450439e-01 -2.366318255662918091e-01
1.202497124671936035e+00 -1.224334597587585449e+00 1.198291063308715820e+00 -2.440109997987747192e-01 -2.200244665145874023e-01 -2.350189387798309326e-01
1.202538013458251953e+00 -1.224308729171752930e+00 1.198112130165100098e+00 -2.448575794696807861e-01 -2.205382734537124634e-01 -2.334875017404556274e-01
