1.208564877510070801e+00 -1.219533443450927734e+00 1.205673575401306152e+00 -2.032963633537292480e-01 -1.212376132607460022e-01 -1.406699568033218384e-01
1.207779765129089355e+00 -1.220184564590454102e+00 1.203322052955627441e+00 -2.041464000940322876e-01 -1.214012801647186279e-01 -1.401530653238296509e-01
1.207258462905883789e+00 -1.220522046089172363e+00 1.201618432998657227e+00 -2.049799263477325439e-01 -1.215619668364524841e-01 -1.397541761398315430e-01
1.207269549369812012e+00 -1.220677256584167480e+00 1.200415611267089844e+00 -2.057817876338958740e-01 -1.217294335365295410e-01 -1.395774781703948975e-01
1.207182168960571289e+00 -1.220626235008239746e+00 1.199566602706909180e+00 -2.065434157848358154e-01 -1.219305843114852905e-01 -1.393453478813171387e-01
1.207021713256835938e+00 -1.220629215240478516e+00 1.198832750320434570e+00 -2.072974145412445068e-01 -1.221569329500198364e-01 -1.390637159347534180e-01
1.206878066062927246e+00 -1.220629453659057617e+00 1.198205471038818359e+00 -2.080471813678741455e-01 -1.223664805293083191e-01 -1.387960463762283325e-01
1.206770420074462891e+00 -1.220604419708251953e+00 1.197642207145690918e+00 -2.087965458631515503e-01 -1.225743815302848816e-01 -1.385319232940673828e-01
1.206679940223693848e+00 -1.220546841621398926e+00 1.197147250175476074e+00 -2.095428854227066040e-01 -1.227845102548599243e-01 -1.382736563682556152e-01
1.206620812416076660e+00 -1.220472931861877441e+00 1.196709752082824707e+00 -2.102909833192825317e-01 -1.229936480522155762e-01 -1.380009502172470093e-01
