1.204244494438171387e+00 -1.218074917793273926e+00 1.212354660034179688e+00 -2.524693906307220459e-01 -2.797656059265136719e-01 -1.718844473361968994e-01
1.204857945442199707e+00 -1.217670083045959473e+00 1.212399244308471680e+00 -2.532908320426940918e-01 -2.803145051002502441e-01 -1.711429655551910400e-01
1.205357670783996582e+00 -1.217303156852722168e+00 1.212376713752746582e+00 -2.541210055351257324e-01 -2.808494269847869873e-01 -1.704125702381134033e-01
1.205245852470397949e+00 -1.216877102851867676e+00 1.212350130081176758e+00 -2.549940943717956543e-01 -2.813807427883148193e-01 -1.695020198822021484e-01
1.205781340599060059e+00 -1.216716527938842773e+00 1.212143063545227051e+00 -2.558525502681732178e-01 -2.818867266178131104e-01 -1.687941700220108032e-01
1.205660820007324219e+00 -1.216450214385986328e+00 1.211970210075378418e+00 -2.567405998706817627e-01 -2.823545336723327637e-01 -1.680430769920349121e-01
1.205909848213195801e+00 -1.216265320777893066e+00 1.211721062660217285e+00 -2.575785815715789795e-01 -2.827742099761962891e-01 -1.675881147384643555e-01
1.205909252166748047e+00 -1.216036438941955566e+00 1.211467623710632324e+00 -2.584655582904815674e-01 -2.832471132278442383e-01 -1.668347120285034180e-01
1.205979466438293457e+00 -1.215861558914184570e+00 1.211157798767089844e+00 -2.593541741371154785e-01 -2.836936712265014648e-01 -1.661363393068313599e-01
1.206052184104919434e+00 -1.215681552886962891e+00 1.210864067077636719e+00 -2.602396011352539062e-01 -2.841417789459228516e-01 -1.654401123523712158e-01
