1.210996270179748535e+00 -1.217630505561828613e+00 1.183014154434204102e+00 -2.250963151454925537e-01 -2.002755105495452881e-01 -1.879971325397491455e-01
1.208801031112670898e+00 -1.218633413314819336e+00 1.184798479080200195e+00 -2.255153954029083252e-01 -2.012958824634552002e-01 -1.874634325504302979e-01
1.207871556282043457e+00 -1.218769669532775879e+00 1.186351537704467773e+00 -2.260287851095199585e-01 -2.023021280765533447e-01 -1.868794858455657959e-01
1.207575321197509766e+00 -1.218729019165039062e+00 1.187312841415405273e+00 -2.265842109918594360e-01 -2.031801640987396240e-01 -1.863101869821548462e-01
1.207363128662109375e+00 -1.218786478042602539e+00 1.188063502311706543e+00 -2.271672785282135010e-01 -2.040640711784362793e-01 -1.856295913457870483e-01
1.207128763198852539e+00 -1.218744754791259766e+00 1.188864707946777344e+00 -2.277610898017883301e-01 -2.049665004014968872e-01 -1.848897337913513184e-01
1.207044720649719238e+00 -1.218728065490722656e+00 1.189430475234985352e+00 -2.283610552549362183e-01 -2.058326601982116699e-01 -1.842369437217712402e-01
1.207070827484130859e+00 -1.218823671340942383e+00 1.189820528030395508e+00 -2.289718091487884521e-01 -2.066761553287506104e-01 -1.835876554250717163e-01
1.206907987594604492e+00 -1.218993782997131348e+00 1.190083980560302734e+00 -2.295793592929840088e-01 -2.075157314538955688e-01 -1.828931868076324463e-01
1.206868290901184082e+00 -1.219094753265380859e+00 1.190329670906066895e+00 -2.301815897226333618e-01 -2.083464860916137695e-01 -1.822121441364288330e-01
