1.207103013992309570e+00 -1.223289370536804199e+00 1.191365718841552734e+00 -2.142805159091949463e-01 -1.616163253784179688e-01 -2.874006032943725586e-01
1.207277774810791016e+00 -1.222257375717163086e+00 1.193309068679809570e+00 -2.149715423583984375e-01 -1.624099463224411011e-01 -2.842797636985778809e-01
1.208479762077331543e+00 -1.221306085586547852e+00 1.195271372795104980e+00 -2.155553847551345825e-01 -1.628472805023193359e-01 -2.817054092884063721e-01
1.208206295967102051e+00 -1.220903515815734863e+00 1.196155548095703125e+00 -2.162675112485885620e-01 -1.634474694728851318e-01 -2.786932289600372314e-01
1.208165407180786133e+00 -1.220554471015930176e+00 1.196879863739013672e+00 -2.170059233903884888e-01 -1.640171408653259277e-01 -2.756965160369873047e-01
1.208822250366210938e+00 -1.220190525054931641e+00 1.197865605354309082e+00 -2.176488041877746582e-01 -1.643380373716354370e-01 -2.731175720691680908e-01
1.208525538444519043e+00 -1.220195055007934570e+00 1.198230504989624023e+00 -2.183569669723510742e-01 -1.648201197385787964e-01 -2.702048718929290771e-01
1.208472728729248047e+00 -1.220133066177368164e+00 1.198687672615051270e+00 -2.190745770931243896e-01 -1.653105616569519043e-01 -2.673555016517639160e-01
1.208379149436950684e+00 -1.220065593719482422e+00 1.199121356010437012e+00 -2.197946608066558838e-01 -1.657953560352325439e-01 -2.645209133625030518e-01
1.208342671394348145e+00 -1.219983339309692383e+00 1.199487686157226562e+00 -2.205467224121093750e-01 -1.662803292274475098e-01 -2.616550624370574951e-01
