1.214650630950927734e+00 -1.207921266555786133e+00 1.198558568954467773e+00 -2.572829723358154297e-01 -2.170003950595855713e-01 -1.714458763599395752e-01
1.210673809051513672e+00 -1.210328340530395508e+00 1.199400424957275391e+00 -2.580978274345397949e-01 -2.165131568908691406e-01 -1.696233153343200684e-01
1.208714485168457031e+00 -1.211616039276123047e+00 1.199897408485412598e+00 -2.589804530143737793e-01 -2.160831540822982788e-01 -1.672411561012268066e-01
1.207825303077697754e+00 -1.212134838104248047e+00 1.199800729751586914e+00 -2.599490582942962646e-01 -2.156199216842651367e-01 -1.646747887134552002e-01
1.206908464431762695e+00 -1.212583541870117188e+00 1.199816226959228516e+00 -2.609047591686248779e-01 -2.151888012886047363e-01 -1.621032655239105225e-01
1.206541061401367188e+00 -1.212653517723083496e+00 1.200067877769470215e+00 -2.618167400360107422e-01 -2.148251831531524658e-01 -1.594638377428054810e-01
1.206211924552917480e+00 -1.212740421295166016e+00 1.200300097465515137e+00 -2.627313435077667236e-01 -2.144597470760345459e-01 -1.568271517753601074e-01
1.205976128578186035e+00 -1.212786316871643066e+00 1.200445175170898438e+00 -2.636521458625793457e-01 -2.140810936689376831e-01 -1.542412638664245605e-01
1.205753564834594727e+00 -1.212833881378173828e+00 1.200555920600891113e+00 -2.645784318447113037e-01 -2.137012034654617310e-01 -1.516521126031875610e-01
1.206052660942077637e+00 -1.213034749031066895e+00 1.200599670410156250e+00 -2.654917836189270020e-01 -2.133071720600128174e-01 -1.491951346397399902e-01
