1.206550002098083496e+00 -1.216406345367431641e+00 1.196242690086364746e+00 -2.065007686614990234e-01 -2.242102622985839844e-01 -2.026712596416473389e-01
1.207136034965515137e+00 -1.215048313140869141e+00 1.198563098907470703e+00 -2.075431048870086670e-01 -2.250892519950866699e-01 -2.019412517547607422e-01
1.207752346992492676e+00 -1.214312314987182617e+00 1.200081110000610352e+00 -2.086630463600158691e-01 -2.258474826812744141e-01 -2.012651115655899048e-01
1.208077669143676758e+00 -1.214275598526000977e+00 1.200807332992553711e+00 -2.098286151885986328e-01 -2.264412343502044678e-01 -2.007773518562316895e-01
1.208160638809204102e+00 -1.214348435401916504e+00 1.201209306716918945e+00 -2.110075056552886963e-01 -2.269966155290603638e-01 -2.003773748874664307e-01
1.208262801170349121e+00 -1.214334249496459961e+00 1.201633095741271973e+00 -2.121897935867309570e-01 -2.275594919919967651e-01 -2.000252455472946167e-01
1.208267450332641602e+00 -1.214285731315612793e+00 1.201980590820312500e+00 -2.133903354406356812e-01 -2.281213700771331787e-01 -1.996807605028152466e-01
1.208260893821716309e+00 -1.214257717132568359e+00 1.202291011810302734e+00 -2.145964950323104858e-01 -2.286776304244995117e-01 -1.993384063243865967e-01
1.208366513252258301e+00 -1.214110732078552246e+00 1.202434539794921875e+00 -2.158343344926834106e-01 -2.292228937149047852e-01 -1.989233642816543579e-01
1.208354353904724121e+00 -1.214078545570373535e+00 1.202437639236450195e+00 -2.170925736427307129e-01 -2.297619283199310303e-01 -1.984942704439163208e-01
