1.209557652473449707e+00 -1.216059327125549316e+00 1.203737854957580566e+00 -2.106484174728393555e-01 -3.272430896759033203e-01 -1.991666257381439209e-01
1.210852503776550293e+00 -1.216030597686767578e+00 1.204090237617492676e+00 -2.111449390649795532e-01 -3.274073600769042969e-01 -1.995220333337783813e-01
1.210977554321289062e+00 -1.215915083885192871e+00 1.204768776893615723e+00 -2.117353677749633789e-01 -3.278540074825286865e-01 -1.991561949253082275e-01
1.211021542549133301e+00 -1.215857625007629395e+00 1.205331325531005859e+00 -2.123517841100692749e-01 -3.282979130744934082e-01 -1.987738311290740967e-01
1.211347818374633789e+00 -1.216257214546203613e+00 1.205345273017883301e+00 -2.129564136266708374e-01 -3.285222351551055908e-01 -1.988603472709655762e-01
1.211417317390441895e+00 -1.216288328170776367e+00 1.206009864807128906e+00 -2.135494947433471680e-01 -3.289820253849029541e-01 -1.984838694334030151e-01
1.211296677589416504e+00 -1.216485738754272461e+00 1.206327438354492188e+00 -2.142157256603240967e-01 -3.294118046760559082e-01 -1.981149315834045410e-01
1.211041688919067383e+00 -1.216650485992431641e+00 1.206810474395751953e+00 -2.148982435464859009e-01 -3.299172520637512207e-01 -1.977558583021163940e-01
1.210849285125732422e+00 -1.216772913932800293e+00 1.207174539566040039e+00 -2.156395316123962402e-01 -3.304657340049743652e-01 -1.972941011190414429e-01
1.211269855499267578e+00 -1.217014551162719727e+00 1.207277655601501465e+00 -2.162967622280120850e-01 -3.307864069938659668e-01 -1.973451226949691772e-01
