1.112734794616699219e+00 -1.211688876152038574e+00 1.120095968246459961e+00 -3.227426409721374512e-01 -2.230130583047866821e-01 -1.858414411544799805e-01
1.113767862319946289e+00 -1.211781501770019531e+00 1.120972633361816406e+00 -3.225850760936737061e-01 -2.230435609817504883e-01 -1.862374246120452881e-01
1.116600275039672852e+00 -1.212059140205383301e+00 1.123449563980102539e+00 -3.222279548645019531e-01 -2.232564687728881836e-01 -1.870706081390380859e-01
1.124440908432006836e+00 -1.212646007537841797e+00 1.130102157592773438e+00 -3.209508061408996582e-01 -2.235381901264190674e-01 -1.900834739208221436e-01
1.143969655036926270e+00 -1.214698672294616699e+00 1.147745251655578613e+00 -3.183080255985260010e-01 -2.247825115919113159e-01 -1.965348571538925171e-01
1.179469943046569824e+00 -1.215582728385925293e+00 1.175790190696716309e+00 -3.136278986930847168e-01 -2.270866930484771729e-01 -2.078805267810821533e-01
1.204350590705871582e+00 -1.212152123451232910e+00 1.193373799324035645e+00 -3.109582960605621338e-01 -2.321015596389770508e-01 -2.061844468116760254e-01
1.204877495765686035e+00 -1.218249201774597168e+00 1.202630519866943359e+00 -3.083508908748626709e-01 -2.325052320957183838e-01 -2.100232392549514771e-01
1.207705974578857422e+00 -1.214128494262695312e+00 1.197511911392211914e+00 -3.083093762397766113e-01 -2.323693484067916870e-01 -2.081795185804367065e-01
1.204932928085327148e+00 -1.218824505805969238e+00 1.204695105552673340e+00 -3.067388236522674561e-01 -2.336650043725967407e-01 -2.082309722900390625e-01
1.210160493850708008e+00 -1.211522102355957031e+00 1.197091698646545410e+00 -3.072462677955627441e-01 -2.341784983873367310e-01 -2.044268846511840820e-01
