1.167476058006286621e+00 -1.255106329917907715e+00 1.216597795486450195e+00 -1.450511664152145386e-01 -1.914859116077423096e-01 -2.211760431528091431e-01
1.168016791343688965e+00 -1.254547476768493652e+00 1.216266870498657227e+00 -1.451767981052398682e-01 -1.915501952171325684e-01 -2.209435254335403442e-01
1.169439435005187988e+00 -1.253089547157287598e+00 1.215420007705688477e+00 -1.455064117908477783e-01 -1.917336732149124146e-01 -2.203430235385894775e-01
1.173395633697509766e+00 -1.248995304107666016e+00 1.213089942932128906e+00 -1.464911848306655884e-01 -1.923994868993759155e-01 -2.184431850910186768e-01
1.181332349777221680e+00 -1.241314053535461426e+00 1.209723472595214844e+00 -1.481344103813171387e-01 -1.938102394342422485e-01 -2.149057388305664062e-01
1.201976776123046875e+00 -1.219289541244506836e+00 1.195671200752258301e+00 -1.520777195692062378e-01 -1.950002312660217285e-01 -2.097663879394531250e-01
1.208496093750000000e+00 -1.216132998466491699e+00 1.195195794105529785e+00 -1.538218557834625244e-01 -1.977944225072860718e-01 -2.066126912832260132e-01
1.211587190628051758e+00 -1.210833907127380371e+00 1.191552996635437012e+00 -1.571692824363708496e-01 -2.019226402044296265e-01 -2.005774676799774170e-01
1.211979985237121582e+00 -1.211145639419555664e+00 1.192628741264343262e+00 -1.586045920848846436e-01 -2.043610811233520508e-01 -1.995085924863815308e-01
1.212947607040405273e+00 -1.210276126861572266e+00 1.190904259681701660e+00 -1.592990159988403320e-01 -2.057296931743621826e-01 -1.989666521549224854e-01
1.210355639457702637e+00 -1.213529944419860840e+00 1.193212032318115234e+00 -1.592416167259216309e-01 -2.070166766643524170e-01 -1.986090987920761108e-01
