1.351804137229919434e+00 -1.223187685012817383e+00 1.103090524673461914e+00 -2.493518292903900146e-01 -1.924995779991149902e-01 -1.673855036497116089e-01
1.350258350372314453e+00 -1.223121881484985352e+00 1.104196190834045410e+00 -2.492283284664154053e-01 -1.924727112054824829e-01 -1.675891876220703125e-01
1.345879197120666504e+00 -1.223070859909057617e+00 1.107355237007141113e+00 -2.488780021667480469e-01 -1.924307197332382202e-01 -1.682172864675521851e-01
1.334623456001281738e+00 -1.222396492958068848e+00 1.115530729293823242e+00 -2.476695924997329712e-01 -1.919775605201721191e-01 -1.701025515794754028e-01
1.303617835044860840e+00 -1.223602175712585449e+00 1.138219714164733887e+00 -2.469533979892730713e-01 -1.942809224128723145e-01 -1.694025099277496338e-01
1.253412842750549316e+00 -1.216048955917358398e+00 1.170109033584594727e+00 -2.411386668682098389e-01 -1.917567402124404907e-01 -1.797292232513427734e-01
1.213980674743652344e+00 -1.222666621208190918e+00 1.201611638069152832e+00 -2.391870766878128052e-01 -1.980215907096862793e-01 -1.766032874584197998e-01
1.208588480949401855e+00 -1.215858697891235352e+00 1.198693990707397461e+00 -2.386257052421569824e-01 -1.966405063867568970e-01 -1.769570112228393555e-01
1.202433466911315918e+00 -1.226477742195129395e+00 1.209359526634216309e+00 -2.367595136165618896e-01 -1.972817480564117432e-01 -1.799255013465881348e-01
1.207429885864257812e+00 -1.218079328536987305e+00 1.201581954956054688e+00 -2.372974902391433716e-01 -1.965339332818984985e-01 -1.784913539886474609e-01
1.201609253883361816e+00 -1.225878596305847168e+00 1.210536837577819824e+00 -2.357538342475891113e-01 -1.978608667850494385e-01 -1.797491312026977539e-01
