1.244447112083435059e+00 -1.344563841819763184e+00 8.671380877494812012e-01 -1.248789057135581970e-01 -1.080064475536346436e-01 -2.169857472181320190e-01
1.244623422622680664e+00 -1.342353582382202148e+00 8.704140186309814453e-01 -1.249236166477203369e-01 -1.083539277315139771e-01 -2.167883217334747314e-01
1.245071887969970703e+00 -1.336366057395935059e+00 8.795078992843627930e-01 -1.251201331615447998e-01 -1.094407886266708374e-01 -2.160321176052093506e-01
1.246009349822998047e+00 -1.320847153663635254e+00 9.036508202552795410e-01 -1.257862299680709839e-01 -1.125787049531936646e-01 -2.136799693107604980e-01
1.247424602508544922e+00 -1.283513545989990234e+00 9.628786444664001465e-01 -1.287018358707427979e-01 -1.221289932727813721e-01 -2.051351070404052734e-01
1.250052690505981445e+00 -1.215604305267333984e+00 1.062111496925354004e+00 -1.364018619060516357e-01 -1.427337974309921265e-01 -1.812909692525863647e-01
1.253936529159545898e+00 -1.165575146675109863e+00 1.124469518661499023e+00 -1.388723105192184448e-01 -1.531158238649368286e-01 -1.699622422456741333e-01
1.256039023399353027e+00 -1.152864575386047363e+00 1.137799263000488281e+00 -1.379308402538299561e-01 -1.540549099445343018e-01 -1.720977574586868286e-01
1.257250070571899414e+00 -1.151536703109741211e+00 1.140924930572509766e+00 -1.387533098459243774e-01 -1.558540463447570801e-01 -1.730523407459259033e-01
1.256043314933776855e+00 -1.152035951614379883e+00 1.143775820732116699e+00 -1.410636305809020996e-01 -1.595790684223175049e-01 -1.698995828628540039e-01
1.254498839378356934e+00 -1.151700854301452637e+00 1.147773861885070801e+00 -1.433523148298263550e-01 -1.635920256376266479e-01 -1.656890213489532471e-01
