1.177289128303527832e+00 -1.139767050743103027e+00 1.059389352798461914e+00 -1.060005798935890198e-01 -1.204839795827865601e-01 -2.127663195133209229e-01
1.177859663963317871e+00 -1.140272855758666992e+00 1.060494422912597656e+00 -1.060150936245918274e-01 -1.207621991634368896e-01 -2.122117280960083008e-01
1.179415106773376465e+00 -1.141708254814147949e+00 1.063577532768249512e+00 -1.060691922903060913e-01 -1.215475797653198242e-01 -2.106311619281768799e-01
1.183444976806640625e+00 -1.145986080169677734e+00 1.072503924369812012e+00 -1.061403155326843262e-01 -1.236547231674194336e-01 -2.063605338335037231e-01
1.193382143974304199e+00 -1.158384442329406738e+00 1.097276926040649414e+00 -1.061282232403755188e-01 -1.291557848453521729e-01 -1.959424167871475220e-01
1.211423158645629883e+00 -1.182179331779479980e+00 1.144444584846496582e+00 -1.077038198709487915e-01 -1.418309956789016724e-01 -1.728165894746780396e-01
1.223710656166076660e+00 -1.195498347282409668e+00 1.171971082687377930e+00 -1.114396750926971436e-01 -1.538192480802536011e-01 -1.543159037828445435e-01
1.225008964538574219e+00 -1.203519821166992188e+00 1.182396769523620605e+00 -1.134681925177574158e-01 -1.595887541770935059e-01 -1.477514058351516724e-01
1.220345258712768555e+00 -1.214154958724975586e+00 1.195434093475341797e+00 -1.138903349637985229e-01 -1.623224169015884399e-01 -1.448328495025634766e-01
1.216154575347900391e+00 -1.221620082855224609e+00 1.203552961349487305e+00 -1.138591021299362183e-01 -1.619656234979629517e-01 -1.461588144302368164e-01
1.213276386260986328e+00 -1.227296113967895508e+00 1.207131385803222656e+00 -1.138077378273010254e-01 -1.594945788383483887e-01 -1.521104872226715088e-01
