1.188119053840637207e+00 -1.031020164489746094e+00 1.395868659019470215e+00 -1.714505255222320557e-01 -3.410710096359252930e-01 -2.084057331085205078e-01
1.188403010368347168e+00 -1.033295154571533203e+00 1.393788576126098633e+00 -1.714858859777450562e-01 -3.403748869895935059e-01 -2.091966271400451660e-01
1.188910007476806641e+00 -1.040047287940979004e+00 1.388448596000671387e+00 -1.714870929718017578e-01 -3.384949862957000732e-01 -2.114393562078475952e-01
1.189050078392028809e+00 -1.060283422470092773e+00 1.375409245491027832e+00 -1.710634976625442505e-01 -3.333606719970703125e-01 -2.179647982120513916e-01
1.188615202903747559e+00 -1.109292149543762207e+00 1.341110348701477051e+00 -1.710963398218154907e-01 -3.211791515350341797e-01 -2.318001389503479004e-01
1.183997988700866699e+00 -1.197397112846374512e+00 1.287626266479492188e+00 -1.702003926038742065e-01 -3.015385866165161133e-01 -2.574754655361175537e-01
1.187904238700866699e+00 -1.246280908584594727e+00 1.251022338867187500e+00 -1.724519431591033936e-01 -2.940870523452758789e-01 -2.683660387992858887e-01
1.191555500030517578e+00 -1.253798365592956543e+00 1.236427068710327148e+00 -1.749601811170578003e-01 -2.942122817039489746e-01 -2.688529789447784424e-01
1.191350579261779785e+00 -1.256041646003723145e+00 1.233022570610046387e+00 -1.755706667900085449e-01 -2.941038608551025391e-01 -2.695823609828948975e-01
1.190490961074829102e+00 -1.258872866630554199e+00 1.235933303833007812e+00 -1.753362268209457397e-01 -2.943038344383239746e-01 -2.709580659866333008e-01
1.190434575080871582e+00 -1.260690331459045410e+00 1.240832328796386719e+00 -1.751474589109420776e-01 -2.955439090728759766e-01 -2.720246613025665283e-01
