1.207399487495422363e+00 -1.531120538711547852e+00 1.236238718032836914e+00 -1.933545917272567749e-01 -2.203771770000457764e-01 -2.517098486423492432e-01
1.207119226455688477e+00 -1.528638839721679688e+00 1.236303329467773438e+00 -1.933310329914093018e-01 -2.203985154628753662e-01 -2.513405084609985352e-01
1.206351161003112793e+00 -1.521664261817932129e+00 1.236553311347961426e+00 -1.932794153690338135e-01 -2.205337882041931152e-01 -2.501997649669647217e-01
1.203719973564147949e+00 -1.503341674804687500e+00 1.237382292747497559e+00 -1.930414438247680664e-01 -2.205469310283660889e-01 -2.477148771286010742e-01
1.196322321891784668e+00 -1.458769679069519043e+00 1.239377498626708984e+00 -1.915309280157089233e-01 -2.188331782817840576e-01 -2.444426119327545166e-01
1.187830686569213867e+00 -1.366865992546081543e+00 1.242059826850891113e+00 -1.881836801767349243e-01 -2.168066203594207764e-01 -2.347865402698516846e-01
1.181651115417480469e+00 -1.296862602233886719e+00 1.250895857810974121e+00 -1.846188157796859741e-01 -2.149655073881149292e-01 -2.285008877515792847e-01
1.178906917572021484e+00 -1.282085657119750977e+00 1.259040951728820801e+00 -1.849906742572784424e-01 -2.175935953855514526e-01 -2.256453186273574829e-01
1.177142977714538574e+00 -1.280909061431884766e+00 1.262407183647155762e+00 -1.864291727542877197e-01 -2.210841476917266846e-01 -2.245976030826568604e-01
1.177234649658203125e+00 -1.277421951293945312e+00 1.260497450828552246e+00 -1.875232160091400146e-01 -2.233440130949020386e-01 -2.243855893611907959e-01
1.182479977607727051e+00 -1.269417285919189453e+00 1.257169485092163086e+00 -1.881815940141677856e-01 -2.247926592826843262e-01 -2.241504937410354614e-01
