1.211898088455200195e+00 -1.339272141456604004e+00 1.208849668502807617e+00 -1.263201236724853516e-01 -2.020690590143203735e-01 -2.638586759567260742e-01
1.211669325828552246e+00 -1.338441252708435059e+00 1.209248900413513184e+00 -1.264036297798156738e-01 -2.023290097713470459e-01 -2.635365724563598633e-01
1.211074829101562500e+00 -1.336104035377502441e+00 1.210344910621643066e+00 -1.266490221023559570e-01 -2.030698210000991821e-01 -2.626239955425262451e-01
1.209540605545043945e+00 -1.329538702964782715e+00 1.213237047195434570e+00 -1.274351775646209717e-01 -2.053130716085433960e-01 -2.598573863506317139e-01
1.204928040504455566e+00 -1.312817811965942383e+00 1.220130085945129395e+00 -1.293011158704757690e-01 -2.104706466197967529e-01 -2.530839443206787109e-01
1.198200941085815430e+00 -1.281333684921264648e+00 1.230173826217651367e+00 -1.322311460971832275e-01 -2.179100364446640015e-01 -2.422775477170944214e-01
1.191976904869079590e+00 -1.267677664756774902e+00 1.240638375282287598e+00 -1.336742490530014038e-01 -2.218099832534790039e-01 -2.359673231840133667e-01
1.188350200653076172e+00 -1.266639590263366699e+00 1.244347929954528809e+00 -1.349366456270217896e-01 -2.239105701446533203e-01 -2.333436310291290283e-01
1.188347458839416504e+00 -1.264391779899597168e+00 1.243158936500549316e+00 -1.373312920331954956e-01 -2.271504700183868408e-01 -2.299969345331192017e-01
1.190248489379882812e+00 -1.262241244316101074e+00 1.241050124168395996e+00 -1.396884024143218994e-01 -2.301831990480422974e-01 -2.274445295333862305e-01
1.190527677536010742e+00 -1.262020707130432129e+00 1.240137100219726562e+00 -1.411926299333572388e-01 -2.322610616683959961e-01 -2.264459580183029175e-01
