1.226319074630737305e+00 -1.069166541099548340e+00 1.188485264778137207e+00 -2.508611381053924561e-01 -2.769212424755096436e-01 -1.848492324352264404e-01
1.226375341415405273e+00 -1.070409178733825684e+00 1.188279509544372559e+00 -2.507922351360321045e-01 -2.767593264579772949e-01 -1.852622181177139282e-01
1.226502776145935059e+00 -1.073887944221496582e+00 1.187743663787841797e+00 -2.505872249603271484e-01 -2.763099372386932373e-01 -1.864403784275054932e-01
1.226589322090148926e+00 -1.084010481834411621e+00 1.186479449272155762e+00 -2.498673796653747559e-01 -2.749813795089721680e-01 -1.901511251926422119e-01
1.227477669715881348e+00 -1.108584046363830566e+00 1.182779908180236816e+00 -2.481746971607208252e-01 -2.713376879692077637e-01 -1.992696225643157959e-01
1.230445384979248047e+00 -1.148719549179077148e+00 1.174794435501098633e+00 -2.459514141082763672e-01 -2.650032639503479004e-01 -2.141607403755187988e-01
1.231593966484069824e+00 -1.173966407775878906e+00 1.167104244232177734e+00 -2.463821470737457275e-01 -2.638768851757049561e-01 -2.210810780525207520e-01
1.230491995811462402e+00 -1.182912945747375488e+00 1.167826414108276367e+00 -2.471781969070434570e-01 -2.662815153598785400e-01 -2.225469499826431274e-01
1.227571606636047363e+00 -1.190068364143371582e+00 1.173138499259948730e+00 -2.469082474708557129e-01 -2.677504420280456543e-01 -2.250933498144149780e-01
1.225653290748596191e+00 -1.194451093673706055e+00 1.179534912109375000e+00 -2.462466061115264893e-01 -2.681731581687927246e-01 -2.283112406730651855e-01
1.225154876708984375e+00 -1.197053790092468262e+00 1.182077407836914062e+00 -2.464533001184463501e-01 -2.688748538494110107e-01 -2.297377586364746094e-01
