1.048179745674133301e+00 -1.110745310783386230e+00 1.202420830726623535e+00 -1.354556083679199219e-01 -8.162780106067657471e-02 -2.111769020557403564e-01
1.049774885177612305e+00 -1.112590432167053223e+00 1.203638076782226562e+00 -1.352844983339309692e-01 -8.205312490463256836e-02 -2.111966460943222046e-01
1.054132938385009766e+00 -1.117686986923217773e+00 1.207018494606018066e+00 -1.349008083343505859e-01 -8.327508717775344849e-02 -2.111201435327529907e-01
1.066001772880554199e+00 -1.131492376327514648e+00 1.216093897819519043e+00 -1.345451623201370239e-01 -8.723471313714981079e-02 -2.096871733665466309e-01
1.096397042274475098e+00 -1.166969060897827148e+00 1.238443017005920410e+00 -1.371294558048248291e-01 -1.001737415790557861e-01 -2.000901550054550171e-01
1.151758670806884766e+00 -1.225208878517150879e+00 1.269080638885498047e+00 -1.499250680208206177e-01 -1.260168850421905518e-01 -1.706630587577819824e-01
1.188719272613525391e+00 -1.256048679351806641e+00 1.273998737335205078e+00 -1.598555743694305420e-01 -1.412788182497024536e-01 -1.494574993848800659e-01
1.198951721191406250e+00 -1.261604785919189453e+00 1.268161177635192871e+00 -1.599325239658355713e-01 -1.424578130245208740e-01 -1.511595547199249268e-01
1.201985716819763184e+00 -1.266525387763977051e+00 1.270673990249633789e+00 -1.596371084451675415e-01 -1.443301588296890259e-01 -1.540005952119827271e-01
1.202690482139587402e+00 -1.270833969116210938e+00 1.274438858032226562e+00 -1.616600453853607178e-01 -1.473436057567596436e-01 -1.536604166030883789e-01
1.202269434928894043e+00 -1.269856452941894531e+00 1.276823401451110840e+00 -1.651580333709716797e-01 -1.501147449016571045e-01 -1.508944034576416016e-01
