1.221367478370666504e+00 -1.202989697456359863e+00 1.195308923721313477e+00 -2.799467444419860840e-01 -2.109850049018859863e-01 -3.794126212596893311e-02
1.221354961395263672e+00 -1.203584790229797363e+00 1.195711016654968262e+00 -2.797365486621856689e-01 -2.106327712535858154e-01 -3.914367407560348511e-02
1.221245884895324707e+00 -1.205194950103759766e+00 1.196815967559814453e+00 -2.791788280010223389e-01 -2.096503376960754395e-01 -4.238113015890121460e-02
1.220560908317565918e+00 -1.209753274917602539e+00 1.199778079986572266e+00 -2.776771485805511475e-01 -2.068249285221099854e-01 -5.125441402196884155e-02
1.217689275741577148e+00 -1.223105192184448242e+00 1.209098458290100098e+00 -2.727595567703247070e-01 -1.983822584152221680e-01 -7.735659927129745483e-02
1.204277396202087402e+00 -1.249865055084228516e+00 1.233197331428527832e+00 -2.616909444332122803e-01 -1.808294057846069336e-01 -1.263487637042999268e-01
1.190247774124145508e+00 -1.261477708816528320e+00 1.248992085456848145e+00 -2.547914087772369385e-01 -1.697216182947158813e-01 -1.499977409839630127e-01
1.189582943916320801e+00 -1.261767387390136719e+00 1.249289393424987793e+00 -2.550483345985412598e-01 -1.691654622554779053e-01 -1.507568955421447754e-01
1.188122391700744629e+00 -1.264443874359130859e+00 1.252482175827026367e+00 -2.552779614925384521e-01 -1.689402163028717041e-01 -1.550781130790710449e-01
1.182576656341552734e+00 -1.271487474441528320e+00 1.257682204246520996e+00 -2.553811073303222656e-01 -1.688028424978256226e-01 -1.610390394926071167e-01
1.174193620681762695e+00 -1.280189394950866699e+00 1.263179779052734375e+00 -2.560965120792388916e-01 -1.696988642215728760e-01 -1.639717370271682739e-01
