1.182506561279296875e+00 -1.105446934700012207e+00 1.509100914001464844e+00 -1.622449755668640137e-01 -2.059767395257949829e-01 -1.648984700441360474e-01
1.183112740516662598e+00 -1.106799006462097168e+00 1.506070613861083984e+00 -1.624750792980194092e-01 -2.055585682392120361e-01 -1.650442183017730713e-01
1.184699416160583496e+00 -1.110519766807556152e+00 1.497674107551574707e+00 -1.630969196557998657e-01 -2.044078558683395386e-01 -1.654479056596755981e-01
1.188509345054626465e+00 -1.120608448982238770e+00 1.474409222602844238e+00 -1.647163331508636475e-01 -2.012679576873779297e-01 -1.665737330913543701e-01
1.195816874504089355e+00 -1.145409584045410156e+00 1.413092255592346191e+00 -1.685892939567565918e-01 -1.931866407394409180e-01 -1.692735850811004639e-01
1.209084153175354004e+00 -1.186097621917724609e+00 1.297872543334960938e+00 -1.745714843273162842e-01 -1.783561408519744873e-01 -1.730992347002029419e-01
1.206946492195129395e+00 -1.203850507736206055e+00 1.243980526924133301e+00 -1.782314926385879517e-01 -1.725245267152786255e-01 -1.744053959846496582e-01
1.207824110984802246e+00 -1.203681111335754395e+00 1.243206977844238281e+00 -1.778557300567626953e-01 -1.721429824829101562e-01 -1.739967018365859985e-01
1.208633542060852051e+00 -1.203918218612670898e+00 1.240989923477172852e+00 -1.775660067796707153e-01 -1.715854704380035400e-01 -1.736167520284652710e-01
1.209404349327087402e+00 -1.203950047492980957e+00 1.239072442054748535e+00 -1.772722452878952026e-01 -1.710536926984786987e-01 -1.732135713100433350e-01
1.210132002830505371e+00 -1.203796625137329102e+00 1.237480759620666504e+00 -1.769797205924987793e-01 -1.705523282289505005e-01 -1.727843880653381348e-01
