1.213509082794189453e+00 -1.156088471412658691e+00 1.207978010177612305e+00 -2.120220363140106201e-01 -1.590575575828552246e-01 -1.510565280914306641e-01
1.213697791099548340e+00 -1.156700968742370605e+00 1.207816481590270996e+00 -2.120103836059570312e-01 -1.590078622102737427e-01 -1.511285603046417236e-01
1.214222669601440430e+00 -1.158382892608642578e+00 1.207371234893798828e+00 -2.119773179292678833e-01 -1.588709950447082520e-01 -1.513262093067169189e-01
1.215680003166198730e+00 -1.162942647933959961e+00 1.206172466278076172e+00 -2.118783146142959595e-01 -1.584988385438919067e-01 -1.518591642379760742e-01
1.219578385353088379e+00 -1.174487471580505371e+00 1.203213214874267578e+00 -2.115604281425476074e-01 -1.575558483600616455e-01 -1.531953215599060059e-01
1.226435065269470215e+00 -1.195437550544738770e+00 1.197717070579528809e+00 -2.109033316373825073e-01 -1.559852808713912964e-01 -1.554855108261108398e-01
1.230931282043457031e+00 -1.215801596641540527e+00 1.193487167358398438e+00 -2.100014835596084595e-01 -1.546924263238906860e-01 -1.571001410484313965e-01
1.229056119918823242e+00 -1.228461861610412598e+00 1.192205905914306641e+00 -2.092333585023880005e-01 -1.535350531339645386e-01 -1.569893062114715576e-01
1.225718379020690918e+00 -1.238916039466857910e+00 1.191218972206115723e+00 -2.086069136857986450e-01 -1.523624658584594727e-01 -1.565439254045486450e-01
1.221901178359985352e+00 -1.248364806175231934e+00 1.190112829208374023e+00 -2.079734057188034058e-01 -1.511517018079757690e-01 -1.559701859951019287e-01
1.218065738677978516e+00 -1.257439017295837402e+00 1.188884735107421875e+00 -2.073237746953964233e-01 -1.499421000480651855e-01 -1.553783714771270752e-01
