1.016085624694824219e+00 -1.175685286521911621e+00 1.226936936378479004e+00 -2.722033262252807617e-01 -2.202960103750228882e-01 -1.732192635536193848e-01
1.017687678337097168e+00 -1.176165342330932617e+00 1.226638317108154297e+00 -2.721509933471679688e-01 -2.202801555395126343e-01 -1.733745038509368896e-01
1.022127985954284668e+00 -1.177469491958618164e+00 1.225855112075805664e+00 -2.720020711421966553e-01 -2.202433049678802490e-01 -1.738038957118988037e-01
1.034454822540283203e+00 -1.180890440940856934e+00 1.223901748657226562e+00 -2.715677917003631592e-01 -2.201794981956481934e-01 -1.749821007251739502e-01
1.067399024963378906e+00 -1.188382983207702637e+00 1.219686985015869141e+00 -2.703129649162292480e-01 -2.202159166336059570e-01 -1.779805123805999756e-01
1.132656455039978027e+00 -1.195160627365112305e+00 1.213464617729187012e+00 -2.676757872104644775e-01 -2.204853892326354980e-01 -1.831827163696289062e-01
1.182549357414245605e+00 -1.194750070571899414e+00 1.208197236061096191e+00 -2.659461200237274170e-01 -2.197541296482086182e-01 -1.856729984283447266e-01
1.198772430419921875e+00 -1.195789337158203125e+00 1.207040667533874512e+00 -2.658890485763549805e-01 -2.195871621370315552e-01 -1.861515343189239502e-01
1.204910397529602051e+00 -1.196135520935058594e+00 1.206548213958740234e+00 -2.659701108932495117e-01 -2.194223999977111816e-01 -1.865388453006744385e-01
1.208375453948974609e+00 -1.195801138877868652e+00 1.206325054168701172e+00 -2.659074068069458008e-01 -2.192434966564178467e-01 -1.868511587381362915e-01
1.210956931114196777e+00 -1.195040702819824219e+00 1.206326246261596680e+00 -2.657488584518432617e-01 -2.190791964530944824e-01 -1.870495975017547607e-01
