1.240149974822998047e+00 -1.272848606109619141e+00 1.136061072349548340e+00 -8.182095736265182495e-02 -2.043989002704620361e-01 -2.016862928867340088e-01
1.239815235137939453e+00 -1.272080898284912109e+00 1.136813163757324219e+00 -8.178678154945373535e-02 -2.044815123081207275e-01 -2.016170024871826172e-01
1.238888859748840332e+00 -1.269981145858764648e+00 1.138862490653991699e+00 -8.169308304786682129e-02 -2.047064602375030518e-01 -2.014266550540924072e-01
1.236352324485778809e+00 -1.264315724372863770e+00 1.144361972808837891e+00 -8.143554627895355225e-02 -2.053068876266479492e-01 -2.009096592664718628e-01
1.229944109916687012e+00 -1.250618219375610352e+00 1.157268047332763672e+00 -8.068547397851943970e-02 -2.066545486450195312e-01 -1.996039450168609619e-01
1.218942999839782715e+00 -1.230113625526428223e+00 1.176174521446228027e+00 -7.887124270200729370e-02 -2.082933485507965088e-01 -1.972610056400299072e-01
1.215439558029174805e+00 -1.223737120628356934e+00 1.183447360992431641e+00 -7.698339223861694336e-02 -2.080669403076171875e-01 -1.957915127277374268e-01
1.213453650474548340e+00 -1.219116449356079102e+00 1.188702225685119629e+00 -7.536151260137557983e-02 -2.077012360095977783e-01 -1.945417970418930054e-01
1.213141560554504395e+00 -1.216430664062500000e+00 1.192394971847534180e+00 -7.420578598976135254e-02 -2.073632776737213135e-01 -1.938432455062866211e-01
1.213702082633972168e+00 -1.214704155921936035e+00 1.195301532745361328e+00 -7.339221239089965820e-02 -2.070210278034210205e-01 -1.933548748493194580e-01
1.214498877525329590e+00 -1.213329911231994629e+00 1.197744011878967285e+00 -7.283344864845275879e-02 -2.066487967967987061e-01 -1.929211765527725220e-01
