1.139649987220764160e+00 -1.156092762947082520e+00 1.158567547798156738e+00 -1.754824370145797729e-01 -8.582810312509536743e-02 -1.721385121345520020e-01
1.140866637229919434e+00 -1.156877636909484863e+00 1.159376740455627441e+00 -1.753795444965362549e-01 -8.581784367561340332e-02 -1.722398102283477783e-01
1.144248247146606445e+00 -1.158987164497375488e+00 1.161613702774047852e+00 -1.751010119915008545e-01 -8.579315245151519775e-02 -1.725178062915802002e-01
1.153692364692687988e+00 -1.164416909217834473e+00 1.167718052864074707e+00 -1.743801683187484741e-01 -8.574199676513671875e-02 -1.732730567455291748e-01
1.178822040557861328e+00 -1.176700353622436523e+00 1.182722687721252441e+00 -1.728034913539886475e-01 -8.572233468294143677e-02 -1.752748936414718628e-01
1.212707281112670898e+00 -1.194005608558654785e+00 1.193288922309875488e+00 -1.710436642169952393e-01 -8.512413501739501953e-02 -1.783096045255661011e-01
1.215337395668029785e+00 -1.197052121162414551e+00 1.191474676132202148e+00 -1.702357083559036255e-01 -8.459915220737457275e-02 -1.783253699541091919e-01
1.219418883323669434e+00 -1.200333714485168457e+00 1.191455125808715820e+00 -1.693490445613861084e-01 -8.416477590799331665e-02 -1.785101890563964844e-01
1.221675872802734375e+00 -1.201786041259765625e+00 1.191503047943115234e+00 -1.687899529933929443e-01 -8.372403681278228760e-02 -1.784414947032928467e-01
1.223104119300842285e+00 -1.202434301376342773e+00 1.191561937332153320e+00 -1.683593392372131348e-01 -8.328671753406524658e-02 -1.782686412334442139e-01
1.224345684051513672e+00 -1.202833771705627441e+00 1.191667914390563965e+00 -1.679589748382568359e-01 -8.286204189062118530e-02 -1.780727207660675049e-01
