1.429635405540466309e+00 -1.186559915542602539e+00 9.503930211067199707e-01 -2.167032957077026367e-01 -2.014031708240509033e-01 -2.022547274827957153e-01
1.427514314651489258e+00 -1.188426494598388672e+00 9.522047042846679688e-01 -2.165246605873107910e-01 -2.015461921691894531e-01 -2.024361044168472290e-01
1.421653747558593750e+00 -1.193521261215209961e+00 9.572317004203796387e-01 -2.160238027572631836e-01 -2.019477635622024536e-01 -2.029312103986740112e-01
1.405484199523925781e+00 -1.206888437271118164e+00 9.718225002288818359e-01 -2.145689576864242554e-01 -2.032100707292556763e-01 -2.042414695024490356e-01
1.362039327621459961e+00 -1.227853298187255859e+00 1.017445206642150879e+00 -2.103959023952484131e-01 -2.088593542575836182e-01 -2.060698717832565308e-01
1.275699973106384277e+00 -1.227693557739257812e+00 1.127700328826904297e+00 -2.007412910461425781e-01 -2.264322638511657715e-01 -2.044863700866699219e-01
1.208907008171081543e+00 -1.216875076293945312e+00 1.164118766784667969e+00 -2.010514289140701294e-01 -2.321376800537109375e-01 -1.998253762722015381e-01
1.209112167358398438e+00 -1.216127991676330566e+00 1.167959332466125488e+00 -2.005158513784408569e-01 -2.323048114776611328e-01 -1.991219967603683472e-01
1.207829356193542480e+00 -1.214847564697265625e+00 1.172529697418212891e+00 -2.001074850559234619e-01 -2.325339615345001221e-01 -1.983717978000640869e-01
1.207479476928710938e+00 -1.213667273521423340e+00 1.175974011421203613e+00 -2.001529335975646973e-01 -2.325110435485839844e-01 -1.977704167366027832e-01
1.207716226577758789e+00 -1.212605953216552734e+00 1.178604841232299805e+00 -2.004206776618957520e-01 -2.322426438331604004e-01 -1.971234381198883057e-01
