1.209963321685791016e+00 -1.222042679786682129e+00 1.199453473091125488e+00 -2.088338136672973633e-01 -2.546783983707427979e-01 -1.820781230926513672e-01
1.209977746009826660e+00 -1.222030043601989746e+00 1.199463725090026855e+00 -2.088281810283660889e-01 -2.546788752079010010e-01 -1.820746362209320068e-01
1.210018515586853027e+00 -1.221995592117309570e+00 1.199493288993835449e+00 -2.088125646114349365e-01 -2.546801567077636719e-01 -1.820648014545440674e-01
1.210132718086242676e+00 -1.221898317337036133e+00 1.199576973915100098e+00 -2.087684571743011475e-01 -2.546837329864501953e-01 -1.820368170738220215e-01
1.210450887680053711e+00 -1.221624732017517090e+00 1.199813723564147949e+00 -2.086432278156280518e-01 -2.546933293342590332e-01 -1.819573342800140381e-01
1.211168289184570312e+00 -1.221002817153930664e+00 1.200364708900451660e+00 -2.083480656147003174e-01 -2.547118067741394043e-01 -1.817682683467864990e-01
1.212121486663818359e+00 -1.220158100128173828e+00 1.201150178909301758e+00 -2.079128324985504150e-01 -2.547258138656616211e-01 -1.814854741096496582e-01
1.213012337684631348e+00 -1.219328641891479492e+00 1.201977491378784180e+00 -2.074373662471771240e-01 -2.547229528427124023e-01 -1.811681985855102539e-01
1.213766694068908691e+00 -1.218583703041076660e+00 1.202776432037353516e+00 -2.069553881883621216e-01 -2.547003626823425293e-01 -1.808385252952575684e-01
1.214399099349975586e+00 -1.217940807342529297e+00 1.203516483306884766e+00 -2.064698934555053711e-01 -2.546635866165161133e-01 -1.805073618888854980e-01
1.214913010597229004e+00 -1.217359185218811035e+00 1.204208254814147949e+00 -2.059802711009979248e-01 -2.546216547489166260e-01 -1.801735758781433105e-01
