1.199688673019409180e+00 -1.421358108520507812e+00 1.112046957015991211e+00 -2.091281414031982422e-01 -2.485701292753219604e-01 -2.493083477020263672e-01
1.200169086456298828e+00 -1.418263196945190430e+00 1.113337159156799316e+00 -2.091588228940963745e-01 -2.488372921943664551e-01 -2.488898932933807373e-01
1.201491475105285645e+00 -1.409715652465820312e+00 1.116901636123657227e+00 -2.092369645833969116e-01 -2.495678514242172241e-01 -2.477251887321472168e-01
1.205152392387390137e+00 -1.386064052581787109e+00 1.126816153526306152e+00 -2.094020247459411621e-01 -2.515535950660705566e-01 -2.444560676813125610e-01
1.213048219680786133e+00 -1.327063202857971191e+00 1.150432944297790527e+00 -2.097725570201873779e-01 -2.560792565345764160e-01 -2.359194755554199219e-01
1.215958952903747559e+00 -1.245509505271911621e+00 1.180943727493286133e+00 -2.108943015336990356e-01 -2.629858851432800293e-01 -2.228008955717086792e-01
1.210322856903076172e+00 -1.242391705513000488e+00 1.179867863655090332e+00 -2.109518498182296753e-01 -2.629822492599487305e-01 -2.211127430200576782e-01
1.209310889244079590e+00 -1.235714673995971680e+00 1.181537747383117676e+00 -2.110838443040847778e-01 -2.632825076580047607e-01 -2.193796783685684204e-01
1.209598183631896973e+00 -1.231132745742797852e+00 1.182888388633728027e+00 -2.112217843532562256e-01 -2.636769711971282959e-01 -2.183561325073242188e-01
1.210300087928771973e+00 -1.227725625038146973e+00 1.183797955513000488e+00 -2.114181667566299438e-01 -2.640866041183471680e-01 -2.175880223512649536e-01
1.211122512817382812e+00 -1.224798440933227539e+00 1.184505939483642578e+00 -2.116556018590927124e-01 -2.644925713539123535e-01 -2.168621420860290527e-01
