1.226750850677490234e+00 -1.127378702163696289e+00 1.510141015052795410e+00 -1.817938834428787231e-01 -2.490161955356597900e-01 -1.968850791454315186e-01
1.227382063865661621e+00 -1.127577066421508789e+00 1.507588267326354980e+00 -1.819859892129898071e-01 -2.486088871955871582e-01 -1.968844830989837646e-01
1.229116559028625488e+00 -1.128131270408630371e+00 1.500567913055419922e+00 -1.825083196163177490e-01 -2.474871873855590820e-01 -1.968858093023300171e-01
1.233458995819091797e+00 -1.130298852920532227e+00 1.480661988258361816e+00 -1.839367747306823730e-01 -2.443262189626693726e-01 -1.969506889581680298e-01
1.241882324218750000e+00 -1.139657616615295410e+00 1.425510168075561523e+00 -1.875526756048202515e-01 -2.357090264558792114e-01 -1.974435299634933472e-01
1.236028313636779785e+00 -1.168356776237487793e+00 1.297040820121765137e+00 -1.962476819753646851e-01 -2.175056636333465576e-01 -1.974605172872543335e-01
1.222163558006286621e+00 -1.187767982482910156e+00 1.220196247100830078e+00 -2.026284337043762207e-01 -2.079688906669616699e-01 -1.980890333652496338e-01
1.225653767585754395e+00 -1.190183639526367188e+00 1.216295838356018066e+00 -2.025233954191207886e-01 -2.076477110385894775e-01 -1.986676454544067383e-01
1.226436734199523926e+00 -1.191192269325256348e+00 1.212178111076354980e+00 -2.024716436862945557e-01 -2.071731090545654297e-01 -1.985235661268234253e-01
1.226849675178527832e+00 -1.192119956016540527e+00 1.208320260047912598e+00 -2.023374289274215698e-01 -2.067274749279022217e-01 -1.983342766761779785e-01
1.227084517478942871e+00 -1.193039774894714355e+00 1.204770207405090332e+00 -2.021334916353225708e-01 -2.063215672969818115e-01 -1.981528550386428833e-01
