1.353263616561889648e+00 -1.292564272880554199e+00 1.260813832283020020e+00 -1.955316215753555298e-01 -3.216348588466644287e-01 -2.796147763729095459e-01
1.210475683212280273e+00 -1.215934157371520996e+00 1.203019976615905762e+00 -1.727096140384674072e-01 -3.212257027626037598e-01 -2.605724930763244629e-01
1.205061316490173340e+00 -1.223793268203735352e+00 1.185649871826171875e+00 -1.775471270084381104e-01 -3.060104250907897949e-01 -2.889690697193145752e-01
1.205643177032470703e+00 -1.220072984695434570e+00 1.201908469200134277e+00 -1.880051344633102417e-01 -3.035409152507781982e-01 -2.639083564281463623e-01
1.208674788475036621e+00 -1.220006823539733887e+00 1.201659679412841797e+00 -1.946958005428314209e-01 -3.007843792438507080e-01 -2.617083489894866943e-01
1.205304622650146484e+00 -1.219546079635620117e+00 1.201783537864685059e+00 -1.788222491741180420e-01 -2.988053262233734131e-01 -2.466344535350799561e-01
1.206709623336791992e+00 -1.217985630035400391e+00 1.200802445411682129e+00 -1.958784759044647217e-01 -2.940484881401062012e-01 -2.508971393108367920e-01
1.209282040596008301e+00 -1.217766642570495605e+00 1.198894143104553223e+00 -1.847781985998153687e-01 -2.876577675342559814e-01 -2.504056692123413086e-01
1.206562638282775879e+00 -1.220669269561767578e+00 1.201398491859436035e+00 -1.882519274950027466e-01 -2.953297495841979980e-01 -2.515500187873840332e-01
1.206569671630859375e+00 -1.220653891563415527e+00 1.198745250701904297e+00 -1.835508197546005249e-01 -2.901263833045959473e-01 -2.557435035705566406e-01
1.206085801124572754e+00 -1.221452355384826660e+00 1.200453042984008789e+00 -1.722673624753952026e-01 -2.956966757774353027e-01 -2.555999159812927246e-01
