1.352039575576782227e+00 -1.262560486793518066e+00 9.945127964019775391e-01 -2.667911946773529053e-01 -1.918867528438568115e-01 -9.498499333858489990e-02
1.276726841926574707e+00 -1.080542564392089844e+00 1.065309286117553711e+00 -3.234980702400207520e-01 -2.499070465564727783e-01 -1.308728754520416260e-01
1.260278463363647461e+00 -1.119945287704467773e+00 1.105836629867553711e+00 -2.946996390819549561e-01 -1.990514248609542847e-01 -1.084565147757530212e-01
1.326593875885009766e+00 -9.877181053161621094e-01 9.683884978294372559e-01 -2.911936044692993164e-01 -2.713472843170166016e-01 -1.530833244323730469e-01
1.337035536766052246e+00 -9.936169385910034180e-01 9.670501947402954102e-01 -2.930132150650024414e-01 -2.664937973022460938e-01 -1.508699804544448853e-01
1.308235406875610352e+00 -1.027740120887756348e+00 1.014053106307983398e+00 -2.908045053482055664e-01 -2.410915791988372803e-01 -1.153857558965682983e-01
1.297659993171691895e+00 -1.048988580703735352e+00 1.037508606910705566e+00 -2.588582634925842285e-01 -2.239848971366882324e-01 -1.099174171686172485e-01
1.311882615089416504e+00 -1.027014732360839844e+00 1.012303352355957031e+00 -2.571017146110534668e-01 -2.066946178674697876e-01 -1.102434769272804260e-01
1.307456016540527344e+00 -1.035479545593261719e+00 1.021581888198852539e+00 -2.635885477066040039e-01 -2.074797898530960083e-01 -8.896099776029586792e-02
1.310089349746704102e+00 -1.029572010040283203e+00 1.019754886627197266e+00 -2.947755753993988037e-01 -2.396216541528701782e-01 -1.254387944936752319e-01
1.270980119705200195e+00 -1.097443342208862305e+00 1.085253477096557617e+00 -3.019398450851440430e-01 -2.375795543193817139e-01 -1.298820376396179199e-01
