1.187066197395324707e+00 -1.292701840400695801e+00 1.196020245552062988e+00 -2.154626846313476562e-01 -2.067904919385910034e-01 -1.880494654178619385e-01
1.187208652496337891e+00 -1.292007446289062500e+00 1.196172595024108887e+00 -2.158280760049819946e-01 -2.070614844560623169e-01 -1.879693716764450073e-01
1.187560915946960449e+00 -1.290159225463867188e+00 1.196582317352294922e+00 -2.166820764541625977e-01 -2.078793197870254517e-01 -1.876771748065948486e-01
1.188635230064392090e+00 -1.284966111183166504e+00 1.197731494903564453e+00 -2.178514748811721802e-01 -2.099006474018096924e-01 -1.859457641839981079e-01
1.191694736480712891e+00 -1.271603703498840332e+00 1.199909210205078125e+00 -2.256645262241363525e-01 -2.144162058830261230e-01 -1.869993209838867188e-01
1.194207072257995605e+00 -1.250909566879272461e+00 1.206352233886718750e+00 -2.381731122732162476e-01 -2.230148911476135254e-01 -1.850040107965469360e-01
1.195265531539916992e+00 -1.237314701080322266e+00 1.213486075401306152e+00 -2.572377622127532959e-01 -2.329400330781936646e-01 -1.863127052783966064e-01
1.195481657981872559e+00 -1.235517144203186035e+00 1.213119387626647949e+00 -2.580690383911132812e-01 -2.356441766023635864e-01 -1.850142329931259155e-01
1.196323037147521973e+00 -1.232984781265258789e+00 1.214041590690612793e+00 -2.688975334167480469e-01 -2.431864142417907715e-01 -1.887453347444534302e-01
1.196533799171447754e+00 -1.232115983963012695e+00 1.213124990463256836e+00 -2.740755081176757812e-01 -2.481314092874526978e-01 -1.879733204841613770e-01
1.196389555931091309e+00 -1.231257677078247070e+00 1.213016271591186523e+00 -2.812309265136718750e-01 -2.538902163505554199e-01 -1.880990862846374512e-01
