1.028524398803710938e+00 -1.194399952888488770e+00 1.509056329727172852e+00 -1.755690425634384155e-01 -2.606371939182281494e-01 -1.884365230798721313e-01
1.030624985694885254e+00 -1.194741368293762207e+00 1.505628466606140137e+00 -1.758611202239990234e-01 -2.601802945137023926e-01 -1.885948181152343750e-01
1.036510229110717773e+00 -1.195652365684509277e+00 1.496307492256164551e+00 -1.765590310096740723e-01 -2.587988078594207764e-01 -1.891632080078125000e-01
1.052163124084472656e+00 -1.197955727577209473e+00 1.470760822296142578e+00 -1.781938374042510986e-01 -2.535302340984344482e-01 -1.925350129604339600e-01
1.089786291122436523e+00 -1.204625368118286133e+00 1.408306360244750977e+00 -1.826816201210021973e-01 -2.426386475563049316e-01 -1.981845498085021973e-01
1.157589077949523926e+00 -1.211491823196411133e+00 1.293588876724243164e+00 -1.916766166687011719e-01 -2.218583226203918457e-01 -2.055167704820632935e-01
1.197377681732177734e+00 -1.214349746704101562e+00 1.223171949386596680e+00 -1.997119039297103882e-01 -2.208944410085678101e-01 -1.933326125144958496e-01
1.206461310386657715e+00 -1.220503807067871094e+00 1.204610824584960938e+00 -2.021981477737426758e-01 -2.176994383335113525e-01 -1.979046761989593506e-01
1.207640171051025391e+00 -1.218604207038879395e+00 1.204196572303771973e+00 -2.019165307283401489e-01 -2.175176441669464111e-01 -1.977120339870452881e-01
1.208175778388977051e+00 -1.217786788940429688e+00 1.202052593231201172e+00 -2.009059041738510132e-01 -2.172207236289978027e-01 -1.974854022264480591e-01
1.208488702774047852e+00 -1.218284487724304199e+00 1.199731588363647461e+00 -2.002397775650024414e-01 -2.170858383178710938e-01 -1.963603496551513672e-01
