1.138278841972351074e+00 -1.032359004020690918e+00 1.070938110351562500e+00 -1.683837175369262695e-01 -1.742190718650817871e-01 -1.622976362705230713e-01
1.139045834541320801e+00 -1.034462809562683105e+00 1.072455406188964844e+00 -1.681650131940841675e-01 -1.743590235710144043e-01 -1.625533699989318848e-01
1.141100406646728516e+00 -1.040264964103698730e+00 1.076590895652770996e+00 -1.673911213874816895e-01 -1.744167655706405640e-01 -1.637226343154907227e-01
1.146801948547363281e+00 -1.055895686149597168e+00 1.087964415550231934e+00 -1.661551147699356079e-01 -1.764951050281524658e-01 -1.643555760383605957e-01
1.160362839698791504e+00 -1.095497965812683105e+00 1.116742849349975586e+00 -1.629998981952667236e-01 -1.808865666389465332e-01 -1.663320362567901611e-01
1.188157200813293457e+00 -1.158073425292968750e+00 1.158728599548339844e+00 -1.557817906141281128e-01 -1.856178343296051025e-01 -1.743271350860595703e-01
1.202970266342163086e+00 -1.209994912147521973e+00 1.198063373565673828e+00 -1.452444195747375488e-01 -1.840789914131164551e-01 -1.900828778743743896e-01
1.210516333580017090e+00 -1.212403655052185059e+00 1.194690823554992676e+00 -1.471399515867233276e-01 -1.888391971588134766e-01 -1.885620057582855225e-01
1.211207985877990723e+00 -1.213295340538024902e+00 1.196215271949768066e+00 -1.487015485763549805e-01 -1.919812262058258057e-01 -1.861089915037155151e-01
1.210836291313171387e+00 -1.214429020881652832e+00 1.197849273681640625e+00 -1.480992287397384644e-01 -1.936155259609222412e-01 -1.854232698678970337e-01
1.211184263229370117e+00 -1.215135931968688965e+00 1.198930621147155762e+00 -1.480971276760101318e-01 -1.955483853816986084e-01 -1.845731586217880249e-01
