1.300313591957092285e+00 -1.215927243232727051e+00 9.970840215682983398e-01 -2.386112958192825317e-01 -2.254048287868499756e-01 -2.110971212387084961e-01
1.299339056015014648e+00 -1.216054916381835938e+00 9.993733167648315430e-01 -2.381798177957534790e-01 -2.255080938339233398e-01 -2.112208753824234009e-01
1.296638011932373047e+00 -1.216402292251586914e+00 1.005707621574401855e+00 -2.368499785661697388e-01 -2.259539961814880371e-01 -2.114466130733489990e-01
1.289441585540771484e+00 -1.216992139816284180e+00 1.022579550743103027e+00 -2.344550788402557373e-01 -2.267589569091796875e-01 -2.117287218570709229e-01
1.270374536514282227e+00 -1.219443202018737793e+00 1.067033767700195312e+00 -2.238569557666778564e-01 -2.291652560234069824e-01 -2.123095095157623291e-01
1.237957119941711426e+00 -1.215655326843261719e+00 1.138475894927978516e+00 -2.051223665475845337e-01 -2.335071861743927002e-01 -2.135526686906814575e-01
1.216451644897460938e+00 -1.212322592735290527e+00 1.180791974067687988e+00 -1.979262381792068481e-01 -2.398839145898818970e-01 -2.084592282772064209e-01
1.213390231132507324e+00 -1.210297942161560059e+00 1.192652583122253418e+00 -1.961695104837417603e-01 -2.406801283359527588e-01 -2.083694785833358765e-01
1.209734320640563965e+00 -1.213327527046203613e+00 1.195415258407592773e+00 -1.950012594461441040e-01 -2.409095764160156250e-01 -2.086843550205230713e-01
1.208586812019348145e+00 -1.214694738388061523e+00 1.197676181793212891e+00 -1.945283859968185425e-01 -2.412022650241851807e-01 -2.080464214086532593e-01
1.208646297454833984e+00 -1.215204477310180664e+00 1.198916435241699219e+00 -1.939534246921539307e-01 -2.414551079273223877e-01 -2.091805487871170044e-01
