1.230273842811584473e+00 -1.243263959884643555e+00 1.048259973526000977e+00 -1.564800292253494263e-01 -1.570121049880981445e-01 -2.251148074865341187e-01
1.230033040046691895e+00 -1.243054628372192383e+00 1.049938559532165527e+00 -1.564372777938842773e-01 -1.574348807334899902e-01 -2.247406989336013794e-01
1.229362249374389648e+00 -1.242476463317871094e+00 1.054452538490295410e+00 -1.565806269645690918e-01 -1.587986052036285400e-01 -2.238604128360748291e-01
1.227488279342651367e+00 -1.240843534469604492e+00 1.067126393318176270e+00 -1.559305787086486816e-01 -1.621768027544021606e-01 -2.205923199653625488e-01
1.223225235939025879e+00 -1.235010623931884766e+00 1.097916960716247559e+00 -1.565921604633331299e-01 -1.713642030954360962e-01 -2.102564573287963867e-01
1.213985443115234375e+00 -1.228287339210510254e+00 1.155437827110290527e+00 -1.566372513771057129e-01 -1.880479156970977783e-01 -1.997544765472412109e-01
1.210158705711364746e+00 -1.219689011573791504e+00 1.189772963523864746e+00 -1.602183282375335693e-01 -1.985375881195068359e-01 -1.975550204515457153e-01
1.208674073219299316e+00 -1.217773437500000000e+00 1.197802186012268066e+00 -1.604557782411575317e-01 -2.010795176029205322e-01 -1.951197981834411621e-01
1.208272457122802734e+00 -1.218840718269348145e+00 1.200514316558837891e+00 -1.618128418922424316e-01 -2.032363265752792358e-01 -1.923790276050567627e-01
1.206447958946228027e+00 -1.220747828483581543e+00 1.201301932334899902e+00 -1.629833877086639404e-01 -2.047762572765350342e-01 -1.913191378116607666e-01
1.206541299819946289e+00 -1.220818519592285156e+00 1.203562378883361816e+00 -1.636603772640228271e-01 -2.064711600542068481e-01 -1.916392594575881958e-01
