1.192379832267761230e+00 -1.237898826599121094e+00 1.213779091835021973e+00 -2.304622232913970947e-01 -1.458417922258377075e-01 -1.466967761516571045e-01
1.150477051734924316e+00 -1.224491953849792480e+00 1.228039622306823730e+00 -2.284030318260192871e-01 -1.375720500946044922e-01 -1.612731069326400757e-01
1.159106969833374023e+00 -1.205793142318725586e+00 1.268259048461914062e+00 -2.285237312316894531e-01 -1.415327042341232300e-01 -1.651865243911743164e-01
1.165503025054931641e+00 -1.183474421501159668e+00 1.278357625007629395e+00 -2.290493100881576538e-01 -1.412237286567687988e-01 -1.640403270721435547e-01
1.183828473091125488e+00 -1.180914878845214844e+00 1.271351695060729980e+00 -2.322989404201507568e-01 -1.387792080640792847e-01 -1.606423407793045044e-01
1.193926215171813965e+00 -1.181454658508300781e+00 1.250631928443908691e+00 -2.373851835727691650e-01 -1.395132839679718018e-01 -1.550941169261932373e-01
1.201034784317016602e+00 -1.192328453063964844e+00 1.231337070465087891e+00 -2.426854074001312256e-01 -1.382465958595275879e-01 -1.538983583450317383e-01
1.192192792892456055e+00 -1.213178157806396484e+00 1.223297715187072754e+00 -2.432402223348617554e-01 -1.367452144622802734e-01 -1.517773717641830444e-01
1.176654338836669922e+00 -1.209144473075866699e+00 1.224057316780090332e+00 -2.437100112438201904e-01 -1.334900259971618652e-01 -1.509113460779190063e-01
1.178483963012695312e+00 -1.210189700126647949e+00 1.232876420021057129e+00 -2.441089302301406860e-01 -1.323399990797042847e-01 -1.503374576568603516e-01
