1.216056704521179199e+00 -1.212675809860229492e+00 1.174353599548339844e+00 -2.068054825067520142e-01 -2.293942123651504517e-01 -1.998242586851119995e-01
1.200261712074279785e+00 -1.219769120216369629e+00 1.181606411933898926e+00 -2.015332579612731934e-01 -2.228939235210418701e-01 -2.065911293029785156e-01
1.185564279556274414e+00 -1.216042757034301758e+00 1.199568390846252441e+00 -1.950643360614776611e-01 -2.207930088043212891e-01 -2.062946856021881104e-01
1.178313732147216797e+00 -1.215043425559997559e+00 1.230596780776977539e+00 -1.819471865892410278e-01 -2.137802392244338989e-01 -2.149379700422286987e-01
1.167537689208984375e+00 -1.198458194732666016e+00 1.250688195228576660e+00 -1.707374006509780884e-01 -2.075389474630355835e-01 -2.216159105300903320e-01
1.184062480926513672e+00 -1.178348541259765625e+00 1.261376023292541504e+00 -1.723083257675170898e-01 -2.067337632179260254e-01 -2.224150896072387695e-01
1.196686148643493652e+00 -1.173333406448364258e+00 1.254678010940551758e+00 -1.774647533893585205e-01 -2.039788514375686646e-01 -2.183362245559692383e-01
1.204550743103027344e+00 -1.180709242820739746e+00 1.242402911186218262e+00 -1.795013695955276489e-01 -2.036577016115188599e-01 -2.127978950738906860e-01
1.204472064971923828e+00 -1.182487249374389648e+00 1.228437304496765137e+00 -1.815833449363708496e-01 -1.989256292581558228e-01 -2.090065777301788330e-01
1.206520676612854004e+00 -1.192168712615966797e+00 1.217916011810302734e+00 -1.804405897855758667e-01 -1.943964064121246338e-01 -2.086605578660964966e-01
