1.201495051383972168e+00 -1.235973119735717773e+00 1.207949876785278320e+00 -2.333292365074157715e-01 -2.432968914508819580e-01 -2.098622024059295654e-01
1.124278068542480469e+00 -1.165614247322082520e+00 1.084612607955932617e+00 -2.472303360700607300e-01 -1.956455111503601074e-01 -2.217995971441268921e-01
1.187083840370178223e+00 -1.274160623550415039e+00 1.137618780136108398e+00 -2.407663017511367798e-01 -2.328578531742095947e-01 -1.739823222160339355e-01
1.072441339492797852e+00 -1.237707138061523438e+00 1.100219368934631348e+00 -2.248490452766418457e-01 -1.524757891893386841e-01 -2.260450422763824463e-01
1.124757528305053711e+00 -1.239871025085449219e+00 1.190253257751464844e+00 -2.219238579273223877e-01 -1.768838465213775635e-01 -1.800130903720855713e-01
1.097720861434936523e+00 -1.211771965026855469e+00 1.182921171188354492e+00 -2.101644575595855713e-01 -1.417806148529052734e-01 -2.123957425355911255e-01
1.130529403686523438e+00 -1.200172424316406250e+00 1.195044398307800293e+00 -2.183682024478912354e-01 -1.525145769119262695e-01 -1.927293390035629272e-01
1.133118510246276855e+00 -1.208583354949951172e+00 1.178495645523071289e+00 -2.181438207626342773e-01 -1.452973186969757080e-01 -1.910722404718399048e-01
1.131454825401306152e+00 -1.213894844055175781e+00 1.169713854789733887e+00 -2.166151404380798340e-01 -1.395749151706695557e-01 -1.888023167848587036e-01
1.130136609077453613e+00 -1.216692209243774414e+00 1.167997956275939941e+00 -2.158671915531158447e-01 -1.349244713783264160e-01 -1.875957548618316650e-01
