1.244907617568969727e+00 -1.174591779708862305e+00 1.171590924263000488e+00 -2.009768187999725342e-01 -2.137997597455978394e-01 -1.860119253396987915e-01
1.398630023002624512e+00 -1.212540507316589355e+00 1.168728947639465332e+00 -2.111097574234008789e-01 -2.510190904140472412e-01 -1.143525242805480957e-01
1.304552555084228516e+00 -1.284263730049133301e+00 1.113969326019287109e+00 -2.075106352567672729e-01 -1.937148123979568481e-01 -1.624475568532943726e-01
1.263814687728881836e+00 -1.298782229423522949e+00 1.151592850685119629e+00 -2.055298089981079102e-01 -1.952900141477584839e-01 -1.503604352474212646e-01
1.239292860031127930e+00 -1.280742764472961426e+00 1.209370732307434082e+00 -1.958624124526977539e-01 -1.837542951107025146e-01 -1.636268347501754761e-01
1.237057328224182129e+00 -1.247418642044067383e+00 1.260244607925415039e+00 -1.944387108087539673e-01 -1.849329471588134766e-01 -1.596605479717254639e-01
1.258097887039184570e+00 -1.203940629959106445e+00 1.281650900840759277e+00 -1.973678320646286011e-01 -1.846619397401809692e-01 -1.569021642208099365e-01
1.286704063415527344e+00 -1.200243830680847168e+00 1.280162453651428223e+00 -2.032977044582366943e-01 -1.836434602737426758e-01 -1.523846387863159180e-01
1.290843963623046875e+00 -1.200784087181091309e+00 1.253804326057434082e+00 -2.111280560493469238e-01 -1.806827634572982788e-01 -1.441715061664581299e-01
1.303069829940795898e+00 -1.209221601486206055e+00 1.225099563598632812e+00 -2.187710404396057129e-01 -1.747806072235107422e-01 -1.373654007911682129e-01
