1.175994873046875000e+00 -1.268637657165527344e+00 1.247948050498962402e+00 -1.795524954795837402e-01 -1.449520587921142578e-01 -1.440374702215194702e-01
1.191043138504028320e+00 -1.365339398384094238e+00 1.312160849571228027e+00 -1.888588964939117432e-01 -1.753893196582794189e-01 -1.116987764835357666e-01
1.104330658912658691e+00 -1.296928048133850098e+00 1.272369861602783203e+00 -2.022289782762527466e-01 -1.451762914657592773e-01 -1.498069614171981812e-01
1.153507709503173828e+00 -1.340943217277526855e+00 1.382125258445739746e+00 -2.207940816879272461e-01 -1.864480674266815186e-01 -1.138646081089973450e-01
1.121413350105285645e+00 -1.229511022567749023e+00 1.318651556968688965e+00 -2.345192879438400269e-01 -1.590302437543869019e-01 -1.306442171335220337e-01
1.208777904510498047e+00 -1.311793446540832520e+00 1.395645976066589355e+00 -2.578688561916351318e-01 -2.055690884590148926e-01 -7.935827970504760742e-02
1.159378886222839355e+00 -1.212404727935791016e+00 1.257647156715393066e+00 -2.727891504764556885e-01 -1.606813669204711914e-01 -1.054934039711952209e-01
1.244558930397033691e+00 -1.356887459754943848e+00 1.342148303985595703e+00 -2.943860888481140137e-01 -2.166792452335357666e-01 -4.793953150510787964e-02
1.124444842338562012e+00 -1.261781930923461914e+00 1.210737466812133789e+00 -2.871022820472717285e-01 -1.331948190927505493e-01 -9.721573442220687866e-02
1.169072031974792480e+00 -1.420230269432067871e+00 1.377464175224304199e+00 -3.035410046577453613e-01 -1.932922303676605225e-01 -5.679877102375030518e-02
