1.208208322525024414e+00 -1.243524193763732910e+00 1.227405548095703125e+00 -2.781314849853515625e-01 -1.612011194229125977e-01 -1.751376241445541382e-01
1.255028367042541504e+00 -1.237408161163330078e+00 1.371729254722595215e+00 -2.741049528121948242e-01 -2.006430625915527344e-01 -1.432616412639617920e-01
1.257792711257934570e+00 -1.097463130950927734e+00 1.326586008071899414e+00 -2.718111276626586914e-01 -1.713426262140274048e-01 -1.846704185009002686e-01
1.420184373855590820e+00 -1.111165642738342285e+00 1.304807186126708984e+00 -2.959415316581726074e-01 -2.095211297273635864e-01 -1.213579177856445312e-01
1.390579104423522949e+00 -1.144271373748779297e+00 1.163028836250305176e+00 -3.103030920028686523e-01 -1.781891584396362305e-01 -1.357946842908859253e-01
1.370450615882873535e+00 -1.282212972640991211e+00 1.169497966766357422e+00 -3.160358667373657227e-01 -1.965215504169464111e-01 -1.022787764668464661e-01
1.236946344375610352e+00 -1.286986351013183594e+00 1.200245380401611328e+00 -3.001914322376251221e-01 -1.579625606536865234e-01 -1.351753771305084229e-01
1.231490612030029297e+00 -1.249432921409606934e+00 1.317035198211669922e+00 -2.811707854270935059e-01 -1.653912365436553955e-01 -1.452597826719284058e-01
1.249678611755371094e+00 -1.148794174194335938e+00 1.352715492248535156e+00 -2.757758498191833496e-01 -1.611036062240600586e-01 -1.529046595096588135e-01
1.333920240402221680e+00 -1.114526271820068359e+00 1.347659587860107422e+00 -2.870047688484191895e-01 -1.670674234628677368e-01 -1.459867656230926514e-01
