1.234204888343811035e+00 -1.174163222312927246e+00 1.152645349502563477e+00 -2.523889839649200439e-01 -2.066742330789566040e-01 -1.839491873979568481e-01
1.230055928230285645e+00 -1.181403994560241699e+00 1.144920468330383301e+00 -2.523888647556304932e-01 -2.067214995622634888e-01 -1.830133348703384399e-01
1.225089669227600098e+00 -1.185641169548034668e+00 1.143150210380554199e+00 -2.516242265701293945e-01 -2.085927277803421021e-01 -1.839114427566528320e-01
1.215881466865539551e+00 -1.187909126281738281e+00 1.149084091186523438e+00 -2.511930167675018311e-01 -2.100376039743423462e-01 -1.842237710952758789e-01
1.215649366378784180e+00 -1.182889223098754883e+00 1.157770514488220215e+00 -2.509615421295166016e-01 -2.117966413497924805e-01 -1.833038926124572754e-01
1.218485236167907715e+00 -1.179415941238403320e+00 1.165935397148132324e+00 -2.486123740673065186e-01 -2.127497941255569458e-01 -1.848038882017135620e-01
1.219516992568969727e+00 -1.174923539161682129e+00 1.166610240936279297e+00 -2.482347041368484497e-01 -2.133184820413589478e-01 -1.851861923933029175e-01
1.224459886550903320e+00 -1.173273563385009766e+00 1.162622094154357910e+00 -2.480824142694473267e-01 -2.135386765003204346e-01 -1.855572462081909180e-01
1.227376580238342285e+00 -1.175292372703552246e+00 1.153663158416748047e+00 -2.489472031593322754e-01 -2.142767161130905151e-01 -1.849258840084075928e-01
1.225809454917907715e+00 -1.181004762649536133e+00 1.147050380706787109e+00 -2.493662536144256592e-01 -2.132742106914520264e-01 -1.862029135227203369e-01
