1.184002161026000977e+00 -1.252612233161926270e+00 1.232797980308532715e+00 -2.151730507612228394e-01 -1.335998326539993286e-01 -1.654832661151885986e-01
1.194290399551391602e+00 -1.237402558326721191e+00 1.248466968536376953e+00 -2.159371376037597656e-01 -1.362510025501251221e-01 -1.631714552640914917e-01
1.200055122375488281e+00 -1.234836101531982422e+00 1.253100752830505371e+00 -2.155373841524124146e-01 -1.364627331495285034e-01 -1.640795320272445679e-01
1.199602603912353516e+00 -1.235679030418395996e+00 1.250947594642639160e+00 -2.156728357076644897e-01 -1.363388001918792725e-01 -1.628831177949905396e-01
1.202136635780334473e+00 -1.234760761260986328e+00 1.250215411186218262e+00 -2.150493711233139038e-01 -1.355626285076141357e-01 -1.626272648572921753e-01
1.201909661293029785e+00 -1.236889719963073730e+00 1.248456239700317383e+00 -2.150641083717346191e-01 -1.348713338375091553e-01 -1.625259667634963989e-01
1.201390743255615234e+00 -1.234950304031372070e+00 1.246451377868652344e+00 -2.168337106704711914e-01 -1.347557604312896729e-01 -1.607437431812286377e-01
1.205274462699890137e+00 -1.235493183135986328e+00 1.242958664894104004e+00 -2.173715680837631226e-01 -1.349346041679382324e-01 -1.588827073574066162e-01
1.204886555671691895e+00 -1.236937165260314941e+00 1.239256739616394043e+00 -2.182859480381011963e-01 -1.362695097923278809e-01 -1.562095135450363159e-01
1.206528782844543457e+00 -1.237013339996337891e+00 1.235681653022766113e+00 -2.172259390354156494e-01 -1.347249001264572144e-01 -1.566858440637588501e-01
