1.196584105491638184e+00 -1.238054633140563965e+00 1.217183828353881836e+00 -2.244721800088882446e-01 -2.093899995088577271e-01 -1.778259575366973877e-01
1.152874469757080078e+00 -1.129555463790893555e+00 1.099591732025146484e+00 -2.320387065410614014e-01 -1.664664149284362793e-01 -1.904635727405548096e-01
1.247922778129577637e+00 -1.262646436691284180e+00 1.162827372550964355e+00 -2.319282740354537964e-01 -1.998201757669448853e-01 -1.631567180156707764e-01
1.110300898551940918e+00 -1.195466279983520508e+00 1.068636417388916016e+00 -2.362879663705825806e-01 -1.650433540344238281e-01 -1.846977323293685913e-01
1.183735609054565430e+00 -1.283855319023132324e+00 1.194370150566101074e+00 -2.292345762252807617e-01 -1.993296593427658081e-01 -1.699224561452865601e-01
1.094834327697753906e+00 -1.159525036811828613e+00 1.133577108383178711e+00 -2.296425253152847290e-01 -1.656676828861236572e-01 -1.894076019525527954e-01
1.223477721214294434e+00 -1.219429016113281250e+00 1.221671581268310547e+00 -2.264399528503417969e-01 -1.960895955562591553e-01 -1.663779914379119873e-01
1.167171359062194824e+00 -1.122970104217529297e+00 1.072354316711425781e+00 -2.346677035093307495e-01 -1.568302214145660400e-01 -1.737665235996246338e-01
1.252534627914428711e+00 -1.286123633384704590e+00 1.141463875770568848e+00 -2.323142737150192261e-01 -1.889184266328811646e-01 -1.570235192775726318e-01
1.090985298156738281e+00 -1.207280874252319336e+00 1.058143973350524902e+00 -2.366647273302078247e-01 -1.487596184015274048e-01 -1.888466477394104004e-01
