1.226891040802001953e+00 -1.179561734199523926e+00 1.172902941703796387e+00 -1.808947175741195679e-01 -2.272454947233200073e-01 -1.694267392158508301e-01
1.314388990402221680e+00 -1.321844458580017090e+00 9.053349494934082031e-01 -2.050947248935699463e-01 -2.198922187089920044e-01 -1.421691477298736572e-01
1.115156531333923340e+00 -1.562361001968383789e+00 8.190267682075500488e-01 -2.103480100631713867e-01 -1.838183701038360596e-01 -1.911354064941406250e-01
8.634843826293945312e-01 -1.570881366729736328e+00 9.774352908134460449e-01 -1.949948668479919434e-01 -1.706184595823287964e-01 -2.022257596254348755e-01
8.784938454627990723e-01 -1.438040733337402344e+00 1.240770697593688965e+00 -1.774022728204727173e-01 -1.858755946159362793e-01 -2.069167792797088623e-01
1.051750063896179199e+00 -1.241226196289062500e+00 1.266357064247131348e+00 -1.915979683399200439e-01 -2.105744332075119019e-01 -1.588125973939895630e-01
1.271373510360717773e+00 -1.232023000717163086e+00 1.107317090034484863e+00 -2.036890983581542969e-01 -2.047737389802932739e-01 -1.281682252883911133e-01
1.260646343231201172e+00 -1.363342285156250000e+00 8.535155057907104492e-01 -2.194804996252059937e-01 -1.815408021211624146e-01 -1.177527010440826416e-01
1.070727348327636719e+00 -1.588201880455017090e+00 8.414683341979980469e-01 -2.149770110845565796e-01 -1.541950702667236328e-01 -1.553162783384323120e-01
8.334583640098571777e-01 -1.552780270576477051e+00 1.015331625938415527e+00 -1.906943470239639282e-01 -1.193687543272972107e-01 -1.854047179222106934e-01
