1.224050164222717285e+00 -1.205264449119567871e+00 1.173667073249816895e+00 -2.049740552902221680e-01 -2.287405133247375488e-01 -1.840534657239913940e-01
1.424824714660644531e+00 -1.302768945693969727e+00 1.324565172195434570e+00 -1.917653530836105347e-01 -2.645156979560852051e-01 -1.715541332960128784e-01
1.285399675369262695e+00 -1.189377784729003906e+00 1.170050978660583496e+00 -2.037920951843261719e-01 -2.265988290309906006e-01 -1.781093329191207886e-01
1.437845706939697266e+00 -1.310880541801452637e+00 1.268741011619567871e+00 -1.990673243999481201e-01 -2.598210871219635010e-01 -1.595703661441802979e-01
1.308756113052368164e+00 -1.197998166084289551e+00 1.109927773475646973e+00 -2.111618071794509888e-01 -2.149867713451385498e-01 -1.771105676889419556e-01
1.437898397445678711e+00 -1.347639560699462891e+00 1.201614618301391602e+00 -2.059913575649261475e-01 -2.524483799934387207e-01 -1.597186475992202759e-01
1.277468085289001465e+00 -1.260902285575866699e+00 1.095976710319519043e+00 -2.162197083234786987e-01 -2.120562493801116943e-01 -1.767503321170806885e-01
1.382969021797180176e+00 -1.360878944396972656e+00 1.219725608825683594e+00 -2.064239382743835449e-01 -2.511155605316162109e-01 -1.595189571380615234e-01
1.243576645851135254e+00 -1.276491761207580566e+00 1.181424260139465332e+00 -2.067306190729141235e-01 -2.148714065551757812e-01 -1.877456158399581909e-01
1.340449810028076172e+00 -1.310874700546264648e+00 1.309089899063110352e+00 -1.985309123992919922e-01 -2.516740560531616211e-01 -1.678943336009979248e-01
