1.184170007705688477e+00 -1.089223027229309082e+00 1.501610279083251953e+00 -1.419623792171478271e-01 -3.259924650192260742e-01 -1.154707819223403931e-01
1.183653235435485840e+00 -1.091773033142089844e+00 1.499540209770202637e+00 -1.420500576496124268e-01 -3.255554437637329102e-01 -1.163001880049705505e-01
1.182248353958129883e+00 -1.098746180534362793e+00 1.493815064430236816e+00 -1.422888040542602539e-01 -3.243941068649291992e-01 -1.185075044631958008e-01
1.178362488746643066e+00 -1.117783904075622559e+00 1.478265285491943359e+00 -1.426319032907485962e-01 -3.210393786430358887e-01 -1.250744163990020752e-01
1.169086337089538574e+00 -1.165580272674560547e+00 1.437310576438903809e+00 -1.431289911270141602e-01 -3.108833432197570801e-01 -1.434363424777984619e-01
1.154594659805297852e+00 -1.246883869171142578e+00 1.360177636146545410e+00 -1.420061588287353516e-01 -2.862385809421539307e-01 -1.880366206169128418e-01
1.147426366806030273e+00 -1.299070358276367188e+00 1.307041883468627930e+00 -1.396524012088775635e-01 -2.648425698280334473e-01 -2.332075536251068115e-01
1.145506024360656738e+00 -1.312639951705932617e+00 1.295743227005004883e+00 -1.377809345722198486e-01 -2.571903765201568604e-01 -2.491423934698104858e-01
1.144865393638610840e+00 -1.316359877586364746e+00 1.295327663421630859e+00 -1.355088502168655396e-01 -2.525051534175872803e-01 -2.511101067066192627e-01
1.143152952194213867e+00 -1.319338560104370117e+00 1.296885371208190918e+00 -1.309898197650909424e-01 -2.469791769981384277e-01 -2.536253333091735840e-01
1.143331289291381836e+00 -1.320014715194702148e+00 1.296928048133850098e+00 -1.254531294107437134e-01 -2.395716905593872070e-01 -2.615350186824798584e-01
