1.172490954399108887e+00 -1.205108404159545898e+00 1.272775769233703613e+00 -2.038742452859878540e-01 -2.211768478155136108e-01 -2.507017552852630615e-01
1.172291398048400879e+00 -1.206242918968200684e+00 1.273145914077758789e+00 -2.039017975330352783e-01 -2.215795069932937622e-01 -2.503296434879302979e-01
1.171660304069519043e+00 -1.209446072578430176e+00 1.274236202239990234e+00 -2.039674818515777588e-01 -2.227088510990142822e-01 -2.492610216140747070e-01
1.169512510299682617e+00 -1.218689322471618652e+00 1.277845978736877441e+00 -2.043425589799880981e-01 -2.257146537303924561e-01 -2.465610802173614502e-01
1.163874983787536621e+00 -1.242188453674316406e+00 1.286706328392028809e+00 -2.056738287210464478e-01 -2.326820641756057739e-01 -2.419164180755615234e-01
1.153805851936340332e+00 -1.281729102134704590e+00 1.297290921211242676e+00 -2.095704674720764160e-01 -2.434559017419815063e-01 -2.356856912374496460e-01
1.145053744316101074e+00 -1.308362603187561035e+00 1.302389860153198242e+00 -2.146301716566085815e-01 -2.521034479141235352e-01 -2.311522066593170166e-01
1.141793251037597656e+00 -1.315988540649414062e+00 1.303851127624511719e+00 -2.174767702817916870e-01 -2.553578019142150879e-01 -2.321374714374542236e-01
1.144396424293518066e+00 -1.312532067298889160e+00 1.297972202301025391e+00 -2.196956127882003784e-01 -2.565331757068634033e-01 -2.350603640079498291e-01
1.143330454826354980e+00 -1.313886404037475586e+00 1.299574851989746094e+00 -2.222476601600646973e-01 -2.608136534690856934e-01 -2.374434173107147217e-01
1.141130685806274414e+00 -1.312584400177001953e+00 1.297623515129089355e+00 -2.310466915369033813e-01 -2.702302038669586182e-01 -2.322714030742645264e-01
