1.219604611396789551e+00 -1.198782324790954590e+00 1.180524110794067383e+00 -2.096550017595291138e-01 -1.270386576652526855e-01 -1.383842974901199341e-01
1.220807194709777832e+00 -1.135445952415466309e+00 1.319293141365051270e+00 -2.107284516096115112e-01 -1.503504663705825806e-01 -1.261418759822845459e-01
1.253432512283325195e+00 -1.013964772224426270e+00 1.333971858024597168e+00 -2.082206904888153076e-01 -1.531553566455841064e-01 -1.415950059890747070e-01
1.370109081268310547e+00 -9.864444136619567871e-01 1.294092297554016113e+00 -2.143910229206085205e-01 -1.607164293527603149e-01 -1.169047132134437561e-01
1.389679908752441406e+00 -1.031491994857788086e+00 1.180813074111938477e+00 -2.222649157047271729e-01 -1.464599072933197021e-01 -1.160423457622528076e-01
1.374559164047241211e+00 -1.122057795524597168e+00 1.135044932365417480e+00 -2.254093885421752930e-01 -1.489479243755340576e-01 -1.154896020889282227e-01
1.294962286949157715e+00 -1.166833639144897461e+00 1.148225665092468262e+00 -2.299057543277740479e-01 -1.534435153007507324e-01 -1.103999242186546326e-01
1.253648757934570312e+00 -1.159887313842773438e+00 1.233606815338134766e+00 -2.265214622020721436e-01 -1.643313467502593994e-01 -1.235412433743476868e-01
1.245779633522033691e+00 -1.092957377433776855e+00 1.294584393501281738e+00 -2.191143780946731567e-01 -1.696836352348327637e-01 -1.406545937061309814e-01
1.297023653984069824e+00 -1.035617113113403320e+00 1.308469295501708984e+00 -2.264116257429122925e-01 -1.829216480255126953e-01 -1.279615163803100586e-01
