1.203143835067749023e+00 -1.224166631698608398e+00 1.205740690231323242e+00 -2.060548663139343262e-01 -2.383597791194915771e-01 -2.025618851184844971e-01
1.257292866706848145e+00 -1.238075971603393555e+00 1.169993162155151367e+00 -2.058134526014328003e-01 -2.363402545452117920e-01 -2.066378295421600342e-01
1.240181326866149902e+00 -1.273877263069152832e+00 1.118788361549377441e+00 -2.097571492195129395e-01 -2.366980165243148804e-01 -2.030854225158691406e-01
1.217878818511962891e+00 -1.295475482940673828e+00 1.102192997932434082e+00 -2.150474041700363159e-01 -2.345873862504959106e-01 -2.074574828147888184e-01
1.202911615371704102e+00 -1.298921108245849609e+00 1.111610293388366699e+00 -2.155555933713912964e-01 -2.409998774528503418e-01 -2.021791338920593262e-01
1.197615027427673340e+00 -1.295534253120422363e+00 1.131526589393615723e+00 -2.111419141292572021e-01 -2.459120601415634155e-01 -2.065907418727874756e-01
1.197997689247131348e+00 -1.284260869026184082e+00 1.147780179977416992e+00 -2.079972624778747559e-01 -2.513344585895538330e-01 -2.088173329830169678e-01
1.204799771308898926e+00 -1.277726531028747559e+00 1.156177163124084473e+00 -2.059659659862518311e-01 -2.519789040088653564e-01 -2.156925797462463379e-01
1.207472801208496094e+00 -1.276411175727844238e+00 1.157212972640991211e+00 -2.081088870763778687e-01 -2.546906173229217529e-01 -2.150903642177581787e-01
1.208411335945129395e+00 -1.276418447494506836e+00 1.156390547752380371e+00 -2.102044820785522461e-01 -2.587638795375823975e-01 -2.166256457567214966e-01
