1.215971946716308594e+00 -1.204167246818542480e+00 1.184408068656921387e+00 -2.060978710651397705e-01 -1.473747491836547852e-01 -1.480357944965362549e-01
1.308495402336120605e+00 -1.211728096008300781e+00 1.199416041374206543e+00 -2.122105062007904053e-01 -1.671806126832962036e-01 -1.219654530286788940e-01
1.290003657341003418e+00 -1.202840447425842285e+00 1.120076537132263184e+00 -2.171027064323425293e-01 -1.578486561775207520e-01 -1.142162755131721497e-01
1.311702847480773926e+00 -1.264050364494323730e+00 1.110500931739807129e+00 -2.171357870101928711e-01 -1.611980944871902466e-01 -1.161039322614669800e-01
1.247541666030883789e+00 -1.271417856216430664e+00 1.092773556709289551e+00 -2.238456159830093384e-01 -1.537430882453918457e-01 -1.142430976033210754e-01
1.252644062042236328e+00 -1.275957703590393066e+00 1.135880470275878906e+00 -2.203409373760223389e-01 -1.625023484230041504e-01 -1.128152012825012207e-01
1.241036295890808105e+00 -1.247274041175842285e+00 1.150180339813232422e+00 -2.197481244802474976e-01 -1.585994958877563477e-01 -1.241842210292816162e-01
1.271096944808959961e+00 -1.234790325164794922e+00 1.160897254943847656e+00 -2.213229835033416748e-01 -1.658667922019958496e-01 -1.197107806801795959e-01
1.270047783851623535e+00 -1.240916490554809570e+00 1.152084112167358398e+00 -2.226729691028594971e-01 -1.647811084985733032e-01 -1.236445233225822449e-01
1.267926454544067383e+00 -1.243724465370178223e+00 1.147582173347473145e+00 -2.269727587699890137e-01 -1.680192649364471436e-01 -1.184364408254623413e-01
