1.227013587951660156e+00 -1.224085927009582520e+00 1.186562418937683105e+00 -2.285553663969039917e-01 -2.297032177448272705e-01 -1.993418186902999878e-01
1.091733098030090332e+00 -1.570424675941467285e+00 1.156736254692077637e+00 -2.201935052871704102e-01 -2.307404130697250366e-01 -2.188182771205902100e-01
7.328723669052124023e-01 -1.550100445747375488e+00 1.223692297935485840e+00 -1.946052610874176025e-01 -1.814201176166534424e-01 -2.602466642856597900e-01
6.709697246551513672e-01 -1.469623565673828125e+00 1.552766680717468262e+00 -1.595499515533447266e-01 -2.116697132587432861e-01 -2.636881470680236816e-01
7.660447955131530762e-01 -1.119772553443908691e+00 1.578130960464477539e+00 -1.688804030418395996e-01 -1.957674622535705566e-01 -2.386181801557540894e-01
1.165023326873779297e+00 -1.068429946899414062e+00 1.541117191314697266e+00 -2.007580399513244629e-01 -2.001244127750396729e-01 -2.018098533153533936e-01
1.270578503608703613e+00 -1.231198906898498535e+00 1.216449379920959473e+00 -2.342809140682220459e-01 -1.694014370441436768e-01 -1.782821565866470337e-01
1.090306043624877930e+00 -1.547004580497741699e+00 1.119724750518798828e+00 -2.353474050760269165e-01 -1.725139915943145752e-01 -1.741302907466888428e-01
7.428050637245178223e-01 -1.594099998474121094e+00 1.229372739791870117e+00 -2.106525003910064697e-01 -1.316774487495422363e-01 -2.258517742156982422e-01
6.185039281845092773e-01 -1.469129681587219238e+00 1.533986091613769531e+00 -1.810287386178970337e-01 -1.465272903442382812e-01 -2.366466075181961060e-01
