1.205629348754882812e+00 -1.216153144836425781e+00 1.202415943145751953e+00 -1.760789453983306885e-01 -2.508099079132080078e-01 -2.208227515220642090e-01
1.244748473167419434e+00 -1.209364771842956543e+00 1.183747649192810059e+00 -1.805464476346969604e-01 -2.510761022567749023e-01 -2.174969911575317383e-01
1.249064326286315918e+00 -1.231161355972290039e+00 1.146671772003173828e+00 -1.858997642993927002e-01 -2.469716072082519531e-01 -2.211571633815765381e-01
1.224327206611633301e+00 -1.265875816345214844e+00 1.138989090919494629e+00 -1.872503161430358887e-01 -2.487656325101852417e-01 -2.190718948841094971e-01
1.190005540847778320e+00 -1.273462414741516113e+00 1.167292714118957520e+00 -1.849918067455291748e-01 -2.522085607051849365e-01 -2.183227390050888062e-01
1.181397557258605957e+00 -1.249091386795043945e+00 1.204644322395324707e+00 -1.814387738704681396e-01 -2.548879086971282959e-01 -2.196027934551239014e-01
1.208929777145385742e+00 -1.208220958709716797e+00 1.211208343505859375e+00 -1.819136887788772583e-01 -2.574144303798675537e-01 -2.149712443351745605e-01
1.249624013900756836e+00 -1.204733014106750488e+00 1.185995697975158691e+00 -1.857878118753433228e-01 -2.561951279640197754e-01 -2.149343192577362061e-01
1.253908634185791016e+00 -1.227086186408996582e+00 1.141407132148742676e+00 -1.931163370609283447e-01 -2.544122636318206787e-01 -2.100712358951568604e-01
1.229211330413818359e+00 -1.271159768104553223e+00 1.135812044143676758e+00 -1.936668604612350464e-01 -2.527637183666229248e-01 -2.158310264348983765e-01
