1.187173604965209961e+00 -1.247333884239196777e+00 1.229137420654296875e+00 -1.885869950056076050e-01 -2.177620679140090942e-01 -1.973833143711090088e-01
1.167517900466918945e+00 -1.229856610298156738e+00 1.300026059150695801e+00 -1.814357042312622070e-01 -2.229047566652297974e-01 -2.031036615371704102e-01
1.113483309745788574e+00 -1.245232820510864258e+00 1.407286167144775391e+00 -1.681129038333892822e-01 -2.316662371158599854e-01 -2.142200767993927002e-01
9.691908955574035645e-01 -1.257023930549621582e+00 1.569932579994201660e+00 -1.409147977828979492e-01 -2.420585900545120239e-01 -2.324422001838684082e-01
8.018859028816223145e-01 -1.163030505180358887e+00 1.750347256660461426e+00 -1.009236276149749756e-01 -2.424250245094299316e-01 -2.479203641414642334e-01
7.854688763618469238e-01 -9.332982897758483887e-01 1.885056972503662109e+00 -9.838780760765075684e-02 -2.623954117298126221e-01 -2.176556289196014404e-01
8.739649653434753418e-01 -7.893317937850952148e-01 1.798969626426696777e+00 -1.161107346415519714e-01 -2.572696805000305176e-01 -2.068109214305877686e-01
1.120352506637573242e+00 -8.072372674942016602e-01 1.861099243164062500e+00 -1.338351964950561523e-01 -2.708930969238281250e-01 -1.952240318059921265e-01
1.148975849151611328e+00 -8.633345365524291992e-01 1.612067699432373047e+00 -1.620782911777496338e-01 -2.452613860368728638e-01 -1.978672295808792114e-01
1.180740833282470703e+00 -1.099775910377502441e+00 1.692828893661499023e+00 -1.587253063917160034e-01 -2.683151066303253174e-01 -1.930940747261047363e-01
