1.203596830368041992e+00 -1.221850395202636719e+00 1.206540346145629883e+00 -2.609756290912628174e-01 -2.273097634315490723e-01 -2.058770507574081421e-01
1.150785088539123535e+00 -1.199395895004272461e+00 1.175093770027160645e+00 -2.607427537441253662e-01 -2.133177667856216431e-01 -2.158108502626419067e-01
1.171645045280456543e+00 -1.232282400131225586e+00 1.228660464286804199e+00 -2.575618326663970947e-01 -2.298040390014648438e-01 -2.115496098995208740e-01
1.141971588134765625e+00 -1.173368573188781738e+00 1.205146670341491699e+00 -2.582937777042388916e-01 -2.185554355382919312e-01 -2.145396173000335693e-01
1.200598597526550293e+00 -1.199548959732055664e+00 1.235012173652648926e+00 -2.593626677989959717e-01 -2.350737899541854858e-01 -2.024861276149749756e-01
1.176351666450500488e+00 -1.169347286224365234e+00 1.174351215362548828e+00 -2.620691359043121338e-01 -2.162926942110061646e-01 -2.126825153827667236e-01
1.199859738349914551e+00 -1.237766146659851074e+00 1.205639243125915527e+00 -2.618327140808105469e-01 -2.354705035686492920e-01 -2.003968209028244019e-01
1.137352347373962402e+00 -1.195572376251220703e+00 1.177743673324584961e+00 -2.600129246711730957e-01 -2.168963402509689331e-01 -2.135337889194488525e-01
1.178165555000305176e+00 -1.226214647293090820e+00 1.239126086235046387e+00 -2.560541033744812012e-01 -2.342677414417266846e-01 -2.114243805408477783e-01
1.149924993515014648e+00 -1.161901473999023438e+00 1.196945548057556152e+00 -2.603047490119934082e-01 -2.217006981372833252e-01 -2.097299098968505859e-01
