1.205630779266357422e+00 -1.227507829666137695e+00 1.212095260620117188e+00 -2.101490348577499390e-01 -2.423669844865798950e-01 -2.151408195495605469e-01
1.061549544334411621e+00 -1.223093032836914062e+00 1.049559950828552246e+00 -2.305452376604080200e-01 -2.106322199106216431e-01 -2.205134928226470947e-01
1.062003850936889648e+00 -1.340736865997314453e+00 1.168145656585693359e+00 -2.149480879306793213e-01 -2.476750910282135010e-01 -2.137188017368316650e-01
9.472213983535766602e-01 -1.225161910057067871e+00 1.174921512603759766e+00 -2.061576396226882935e-01 -2.104483544826507568e-01 -2.388824522495269775e-01
1.058012843132019043e+00 -1.228139758110046387e+00 1.298602104187011719e+00 -2.050724327564239502e-01 -2.668075561523437500e-01 -1.969301402568817139e-01
1.060370445251464844e+00 -1.135953545570373535e+00 1.196722984313964844e+00 -2.072754353284835815e-01 -2.201251536607742310e-01 -2.386118322610855103e-01
1.154348731040954590e+00 -1.224170088768005371e+00 1.190016746520996094e+00 -2.186643481254577637e-01 -2.587263882160186768e-01 -1.893416792154312134e-01
1.061097383499145508e+00 -1.244387745857238770e+00 1.104856491088867188e+00 -2.202233374118804932e-01 -2.097367048263549805e-01 -2.481428682804107666e-01
1.039356350898742676e+00 -1.295581936836242676e+00 1.179305791854858398e+00 -2.149879187345504761e-01 -2.484862357378005981e-01 -2.207271456718444824e-01
1.001606345176696777e+00 -1.203325748443603516e+00 1.189395904541015625e+00 -2.125573903322219849e-01 -2.343277335166931152e-01 -2.301066815853118896e-01
