1.204858183860778809e+00 -1.209085583686828613e+00 1.195567727088928223e+00 -2.012042105197906494e-01 -2.159214466810226440e-01 -1.897039264440536499e-01
1.313012480735778809e+00 -1.245935440063476562e+00 9.704796671867370605e-01 -2.307824343442916870e-01 -2.084940522909164429e-01 -1.508251130580902100e-01
1.235388398170471191e+00 -1.446102261543273926e+00 8.434139490127563477e-01 -2.424492686986923218e-01 -2.033891081809997559e-01 -1.457101553678512573e-01
9.936270117759704590e-01 -1.550321578979492188e+00 9.155989885330200195e-01 -2.347642630338668823e-01 -1.695509552955627441e-01 -1.946404427289962769e-01
9.232639670372009277e-01 -1.481484293937683105e+00 1.164119601249694824e+00 -2.119577378034591675e-01 -1.779346466064453125e-01 -2.060815989971160889e-01
1.023984074592590332e+00 -1.249676704406738281e+00 1.252010822296142578e+00 -2.112542986869812012e-01 -1.930415481328964233e-01 -1.743086874485015869e-01
1.269960165023803711e+00 -1.187365651130676270e+00 1.159803509712219238e+00 -2.291090488433837891e-01 -1.946319788694381714e-01 -1.477548927068710327e-01
1.335870265960693359e+00 -1.266968727111816406e+00 8.922789096832275391e-01 -2.562294900417327881e-01 -1.820734143257141113e-01 -1.092558056116104126e-01
1.189863324165344238e+00 -1.511290431022644043e+00 8.160954713821411133e-01 -2.645254135131835938e-01 -1.741185933351516724e-01 -1.222082823514938354e-01
9.119124412536621094e-01 -1.583711504936218262e+00 9.637245535850524902e-01 -2.496550530195236206e-01 -1.316173523664474487e-01 -1.803806424140930176e-01
