1.201952457427978516e+00 -1.224568009376525879e+00 1.207373023033142090e+00 -2.182035297155380249e-01 -2.113275825977325439e-01 -2.047029286623001099e-01
1.151170730590820312e+00 -1.279348015785217285e+00 1.137054324150085449e+00 -2.228490114212036133e-01 -2.006785422563552856e-01 -2.096887677907943726e-01
1.094849705696105957e+00 -1.334994673728942871e+00 1.176285028457641602e+00 -2.175497561693191528e-01 -2.067092806100845337e-01 -2.137773483991622925e-01
1.035317778587341309e+00 -1.296942234039306641e+00 1.236985921859741211e+00 -2.074807286262512207e-01 -2.030223309993743896e-01 -2.273622900247573853e-01
1.072745442390441895e+00 -1.237264871597290039e+00 1.297372937202453613e+00 -2.065173536539077759e-01 -2.168058454990386963e-01 -2.135267257690429688e-01
1.131413221359252930e+00 -1.190907001495361328e+00 1.267686367034912109e+00 -2.093425244092941284e-01 -2.119900882244110107e-01 -2.114454209804534912e-01
1.185190439224243164e+00 -1.217664003372192383e+00 1.206139683723449707e+00 -2.191117405891418457e-01 -2.163431346416473389e-01 -1.921142488718032837e-01
1.159078359603881836e+00 -1.279714703559875488e+00 1.152010798454284668e+00 -2.188696265220642090e-01 -2.017425149679183960e-01 -2.121848762035369873e-01
1.094246625900268555e+00 -1.323456048965454102e+00 1.172672390937805176e+00 -2.162867784500122070e-01 -2.053280919790267944e-01 -2.136578857898712158e-01
1.047220110893249512e+00 -1.302012681961059570e+00 1.239632964134216309e+00 -2.090339511632919312e-01 -2.085303664207458496e-01 -2.210200428962707520e-01
