1.198533058166503906e+00 -1.231496572494506836e+00 1.213022708892822266e+00 -9.275807440280914307e-02 -2.599745392799377441e-01 -1.989060491323471069e-01
1.191927671432495117e+00 -1.238123297691345215e+00 1.014927268028259277e+00 -1.191649213433265686e-01 -2.407110482454299927e-01 -2.031603157520294189e-01
1.150765061378479004e+00 -1.433280229568481445e+00 1.021224260330200195e+00 -1.092402935028076172e-01 -2.423324882984161377e-01 -2.150467932224273682e-01
9.586411118507385254e-01 -1.402292490005493164e+00 1.055971026420593262e+00 -9.774810820817947388e-02 -2.067634016275405884e-01 -2.475847601890563965e-01
9.767716526985168457e-01 -1.378506660461425781e+00 1.250452876091003418e+00 -8.180002868175506592e-02 -2.527306079864501953e-01 -2.113528847694396973e-01
1.036440610885620117e+00 -1.171708464622497559e+00 1.220231056213378906e+00 -8.858620375394821167e-02 -2.379746586084365845e-01 -2.142685204744338989e-01
1.246230006217956543e+00 -1.228393673896789551e+00 1.179568648338317871e+00 -1.049659624695777893e-01 -2.643622159957885742e-01 -1.703500300645828247e-01
1.190471291542053223e+00 -1.270178914070129395e+00 9.663396477699279785e-01 -1.244837194681167603e-01 -2.250748872756958008e-01 -2.137867957353591919e-01
1.108613610267639160e+00 -1.476004481315612793e+00 1.016781330108642578e+00 -1.078453809022903442e-01 -2.396459728479385376e-01 -2.110449373722076416e-01
9.072677493095397949e-01 -1.399692296981811523e+00 1.094732165336608887e+00 -8.899419754743576050e-02 -1.963927298784255981e-01 -2.483458071947097778e-01
