1.202307581901550293e+00 -1.226642251014709473e+00 1.211420893669128418e+00 -2.460818886756896973e-01 -1.933223307132720947e-01 -1.890391707420349121e-01
1.183257341384887695e+00 -1.216875672340393066e+00 1.235801219940185547e+00 -2.471062541007995605e-01 -2.075087130069732666e-01 -1.861553788185119629e-01
1.191573500633239746e+00 -1.193031787872314453e+00 1.255846500396728516e+00 -2.499607205390930176e-01 -2.132147848606109619e-01 -1.839658617973327637e-01
1.213494300842285156e+00 -1.177491188049316406e+00 1.253248095512390137e+00 -2.536274492740631104e-01 -2.160958498716354370e-01 -1.798096746206283569e-01
1.231001615524291992e+00 -1.179454088211059570e+00 1.227546334266662598e+00 -2.596566081047058105e-01 -2.149467319250106812e-01 -1.775869727134704590e-01
1.229667901992797852e+00 -1.203663825988769531e+00 1.210871577262878418e+00 -2.609224915504455566e-01 -2.157995253801345825e-01 -1.689263284206390381e-01
1.204416990280151367e+00 -1.219761371612548828e+00 1.212118506431579590e+00 -2.611987888813018799e-01 -2.150696963071823120e-01 -1.729574799537658691e-01
1.189961075782775879e+00 -1.217147469520568848e+00 1.236364960670471191e+00 -2.573264837265014648e-01 -2.123470157384872437e-01 -1.807429343461990356e-01
1.189389824867248535e+00 -1.197198033332824707e+00 1.253997564315795898e+00 -2.600618004798889160e-01 -2.172733843326568604e-01 -1.805578172206878662e-01
1.209220170974731445e+00 -1.178611397743225098e+00 1.256728649139404297e+00 -2.617901563644409180e-01 -2.201800495386123657e-01 -1.761571913957595825e-01
