1.197698593139648438e+00 -1.237399935722351074e+00 1.216121554374694824e+00 -1.532088220119476318e-01 -1.977588981389999390e-01 -2.115537375211715698e-01
1.159752249717712402e+00 -1.207060933113098145e+00 1.328297615051269531e+00 -9.291052818298339844e-02 -1.791466027498245239e-01 -2.575271129608154297e-01
1.158838152885437012e+00 -1.119466304779052734e+00 1.388365507125854492e+00 -5.843675881624221802e-02 -1.654874831438064575e-01 -2.712682187557220459e-01
1.238822102546691895e+00 -1.052031755447387695e+00 1.388193726539611816e+00 -6.366395950317382812e-02 -1.725921630859375000e-01 -2.688980400562286377e-01
1.306863307952880859e+00 -1.049400687217712402e+00 1.309516429901123047e+00 -7.326878607273101807e-02 -1.725272983312606812e-01 -2.556014060974121094e-01
1.326340675354003906e+00 -1.122628927230834961e+00 1.235849022865295410e+00 -6.306704133749008179e-02 -1.585257202386856079e-01 -2.713866829872131348e-01
1.267187356948852539e+00 -1.193393230438232422e+00 1.209258079528808594e+00 -5.487197637557983398e-02 -1.583458483219146729e-01 -2.838357388973236084e-01
1.209896326065063477e+00 -1.211615443229675293e+00 1.254308342933654785e+00 -4.359053447842597961e-02 -1.605966687202453613e-01 -2.855911254882812500e-01
1.178462266921997070e+00 -1.177061319351196289e+00 1.324659109115600586e+00 -2.452928200364112854e-02 -1.642312705516815186e-01 -2.834390401840209961e-01
1.186329364776611328e+00 -1.125794053077697754e+00 1.376808524131774902e+00 -9.548731148242950439e-03 -1.749740540981292725e-01 -2.941103875637054443e-01
