1.210505723953247070e+00 -1.213947415351867676e+00 1.195120692253112793e+00 -2.820963859558105469e-01 -2.357912063598632812e-01 -2.105359882116317749e-01
1.215994834899902344e+00 -1.341436743736267090e+00 1.256973266601562500e+00 -2.738786935806274414e-01 -2.538446187973022461e-01 -2.097229212522506714e-01
1.085761785507202148e+00 -1.282708287239074707e+00 1.244878530502319336e+00 -2.744585573673248291e-01 -2.160529196262359619e-01 -2.214512526988983154e-01
1.131547808647155762e+00 -1.291748881340026855e+00 1.377924799919128418e+00 -2.836478650569915771e-01 -2.583157718181610107e-01 -2.046498656272888184e-01
1.130345106124877930e+00 -1.153124332427978516e+00 1.318660259246826172e+00 -2.560953199863433838e-01 -1.975751221179962158e-01 -1.773462444543838501e-01
1.271144986152648926e+00 -1.205227613449096680e+00 1.333723068237304688e+00 -2.618421316146850586e-01 -2.085891664028167725e-01 -1.763853728771209717e-01
1.229201078414916992e+00 -1.190601110458374023e+00 1.185142993927001953e+00 -2.503889203071594238e-01 -1.696806401014328003e-01 -1.734751164913177490e-01
1.241870403289794922e+00 -1.345488429069519043e+00 1.233073949813842773e+00 -2.469893097877502441e-01 -1.763275563716888428e-01 -1.938416659832000732e-01
1.085963606834411621e+00 -1.300767064094543457e+00 1.212685585021972656e+00 -2.047564685344696045e-01 -1.197208687663078308e-01 -1.724784672260284424e-01
1.113819479942321777e+00 -1.323717951774597168e+00 1.376581549644470215e+00 -1.813272088766098022e-01 -1.350743919610977173e-01 -2.308330237865447998e-01
