1.201402783393859863e+00 -1.226925134658813477e+00 1.211393237113952637e+00 -2.249763906002044678e-01 -1.834726929664611816e-01 -1.620685607194900513e-01
1.144278287887573242e+00 -1.189335107803344727e+00 1.127798557281494141e+00 -2.339015901088714600e-01 -1.572347879409790039e-01 -1.754957735538482666e-01
1.176291465759277344e+00 -1.272426128387451172e+00 1.186949729919433594e+00 -2.461425065994262695e-01 -1.878877431154251099e-01 -1.520845443010330200e-01
1.099289417266845703e+00 -1.209523558616638184e+00 1.155137658119201660e+00 -2.558257281780242920e-01 -1.821712106466293335e-01 -1.928829848766326904e-01
1.152591109275817871e+00 -1.248071193695068359e+00 1.241134285926818848e+00 -2.690773606300354004e-01 -2.197820842266082764e-01 -1.518824696540832520e-01
1.121893286705017090e+00 -1.161118865013122559e+00 1.179505705833435059e+00 -2.481948882341384888e-01 -1.721969246864318848e-01 -1.686895042657852173e-01
1.208378314971923828e+00 -1.221718430519104004e+00 1.211884498596191406e+00 -2.617479264736175537e-01 -1.963545978069305420e-01 -1.571692377328872681e-01
1.150040268898010254e+00 -1.189190387725830078e+00 1.122656226158142090e+00 -2.719956040382385254e-01 -1.832872033119201660e-01 -1.587011218070983887e-01
1.175337553024291992e+00 -1.278730034828186035e+00 1.184887528419494629e+00 -2.732432186603546143e-01 -2.051397562026977539e-01 -1.470790803432464600e-01
1.091855406761169434e+00 -1.210652589797973633e+00 1.156998276710510254e+00 -2.854436635971069336e-01 -1.809847205877304077e-01 -1.652681976556777954e-01
