1.200901269912719727e+00 -1.227573156356811523e+00 1.211436867713928223e+00 -1.937946081161499023e-01 -2.525246739387512207e-01 -2.254731804132461548e-01
1.192399024963378906e+00 -1.273317933082580566e+00 1.160838365554809570e+00 -1.942449361085891724e-01 -2.414209246635437012e-01 -2.408766895532608032e-01
1.145412087440490723e+00 -1.318167567253112793e+00 1.162983775138854980e+00 -1.939900666475296021e-01 -2.439938932657241821e-01 -2.465040981769561768e-01
1.098004698753356934e+00 -1.315181255340576172e+00 1.209602832794189453e+00 -2.161612957715988159e-01 -2.488561868667602539e-01 -2.586927413940429688e-01
1.099910736083984375e+00 -1.268701434135437012e+00 1.259539127349853516e+00 -2.295202165842056274e-01 -2.639637589454650879e-01 -2.272710204124450684e-01
1.148241519927978516e+00 -1.220021605491638184e+00 1.259109735488891602e+00 -2.414167374372482300e-01 -2.703557908535003662e-01 -2.131249606609344482e-01
1.195789337158203125e+00 -1.228552579879760742e+00 1.216118693351745605e+00 -2.528790831565856934e-01 -2.680586576461791992e-01 -2.119890302419662476e-01
1.190164327621459961e+00 -1.269581794738769531e+00 1.167744517326354980e+00 -2.602103054523468018e-01 -2.663996815681457520e-01 -2.115973234176635742e-01
1.149299025535583496e+00 -1.310495615005493164e+00 1.163979530334472656e+00 -2.590551674365997314e-01 -2.645398974418640137e-01 -2.190247178077697754e-01
1.107598423957824707e+00 -1.310636639595031738e+00 1.203126072883605957e+00 -2.601576149463653564e-01 -2.511439621448516846e-01 -2.134118676185607910e-01
