1.204418063163757324e+00 -1.221663475036621094e+00 1.203235626220703125e+00 -2.034802883863449097e-01 -2.217346131801605225e-01 -2.057154178619384766e-01
1.159226417541503906e+00 -1.215525627136230469e+00 1.256408095359802246e+00 -2.027155011892318726e-01 -2.306957542896270752e-01 -2.220011949539184570e-01
1.158770442008972168e+00 -1.162836909294128418e+00 1.306292772293090820e+00 -1.987072676420211792e-01 -2.529183030128479004e-01 -2.065434455871582031e-01
1.207391738891601562e+00 -1.113993763923645020e+00 1.302484869956970215e+00 -2.043909877538681030e-01 -2.511834800243377686e-01 -2.066966593265533447e-01
1.257479190826416016e+00 -1.120140433311462402e+00 1.254812240600585938e+00 -2.022725045680999756e-01 -2.431967109441757202e-01 -1.998942196369171143e-01
1.254734516143798828e+00 -1.168116807937622070e+00 1.203839778900146484e+00 -2.053878605365753174e-01 -2.380078434944152832e-01 -2.015378773212432861e-01
1.210716485977172852e+00 -1.218794226646423340e+00 1.205402731895446777e+00 -2.024710625410079956e-01 -2.368631809949874878e-01 -2.127450406551361084e-01
1.159984230995178223e+00 -1.216240286827087402e+00 1.251223206520080566e+00 -1.951752305030822754e-01 -2.363804280757904053e-01 -2.245750725269317627e-01
1.156376838684082031e+00 -1.169916510581970215e+00 1.307333230972290039e+00 -1.902102231979370117e-01 -2.527826428413391113e-01 -2.200001031160354614e-01
1.200449109077453613e+00 -1.114119291305541992e+00 1.306440711021423340e+00 -1.955089718103408813e-01 -2.559637427330017090e-01 -2.146097719669342041e-01
