1.202720046043395996e+00 -1.227101922035217285e+00 1.200981259346008301e+00 -2.490606904029846191e-01 -2.448778450489044189e-01 -2.167237401008605957e-01
1.314778685569763184e+00 -9.968856573104858398e-01 1.264699935913085938e+00 -2.157554924488067627e-01 -2.597286105155944824e-01 -1.469166874885559082e-01
1.521744132041931152e+00 -9.133973121643066406e-01 1.122268915176391602e+00 -2.161317169666290283e-01 -2.215197235345840454e-01 -1.501785367727279663e-01
1.567854881286621094e+00 -1.032768130302429199e+00 8.999856710433959961e-01 -2.366559058427810669e-01 -2.152488529682159424e-01 -1.048544496297836304e-01
1.457394003868103027e+00 -1.238550662994384766e+00 8.355922698974609375e-01 -2.408487945795059204e-01 -1.812488883733749390e-01 -1.470800191164016724e-01
1.278703212738037109e+00 -1.324443340301513672e+00 9.667958021163940430e-01 -2.349154800176620483e-01 -1.670937985181808472e-01 -1.723517030477523804e-01
1.214198589324951172e+00 -1.232388257980346680e+00 1.177324414253234863e+00 -2.487377524375915527e-01 -2.068375051021575928e-01 -2.081640064716339111e-01
1.308083772659301758e+00 -1.024054169654846191e+00 1.254858613014221191e+00 -2.229956835508346558e-01 -2.246097028255462646e-01 -1.464731693267822266e-01
1.500398755073547363e+00 -9.221013188362121582e-01 1.131235957145690918e+00 -2.426365464925765991e-01 -2.011328041553497314e-01 -1.345204263925552368e-01
1.563852667808532715e+00 -1.023862123489379883e+00 9.255161285400390625e-01 -2.671638131141662598e-01 -2.045893818140029907e-01 -7.071562856435775757e-02
