1.213958382606506348e+00 -1.213857889175415039e+00 1.196203947067260742e+00 -2.201071828603744507e-01 -2.035730928182601929e-01 -1.868453621864318848e-01
1.444112300872802734e+00 -1.230561256408691406e+00 1.122766852378845215e+00 -2.272700518369674683e-01 -2.123276293277740479e-01 -1.542892605066299438e-01
1.406319975852966309e+00 -1.276148676872253418e+00 9.086297154426574707e-01 -2.966571748256683350e-01 -2.346827238798141479e-01 -1.016556471586227417e-01
1.375306725502014160e+00 -1.402917861938476562e+00 8.167039752006530762e-01 -3.055184781551361084e-01 -2.654255926609039307e-01 -3.495140373706817627e-02
1.245286703109741211e+00 -1.458190441131591797e+00 8.109189271926879883e-01 -2.589809596538543701e-01 -1.616406887769699097e-01 -5.878932029008865356e-02
1.206926941871643066e+00 -1.452789306640625000e+00 9.093748331069946289e-01 -2.252107858657836914e-01 -1.268844306468963623e-01 -6.474821269512176514e-02
1.217358469963073730e+00 -1.412265062332153320e+00 1.010887861251831055e+00 -1.740182787179946899e-01 -1.102589517831802368e-01 -7.687959074974060059e-02
1.253941297531127930e+00 -1.361982941627502441e+00 1.062398433685302734e+00 -1.695505082607269287e-01 -1.070463955402374268e-01 -1.228840723633766174e-01
1.294769644737243652e+00 -1.339639306068420410e+00 1.059165477752685547e+00 -1.793197989463806152e-01 -1.125300452113151550e-01 -1.121524795889854431e-01
1.316478610038757324e+00 -1.335004806518554688e+00 1.018070340156555176e+00 -2.026230990886688232e-01 -1.218338608741760254e-01 -9.558059275150299072e-02
