1.193486809730529785e+00 -1.238729715347290039e+00 1.219288706779479980e+00 -2.172390371561050415e-01 -2.234713137149810791e-01 -2.129133641719818115e-01
1.054057717323303223e+00 -1.169661521911621094e+00 1.316910862922668457e+00 -1.973268836736679077e-01 -1.884218305349349976e-01 -2.356154024600982666e-01
1.120146870613098145e+00 -1.043585896492004395e+00 1.447667002677917480e+00 -2.130262106657028198e-01 -2.203051447868347168e-01 -2.304157614707946777e-01
1.233361601829528809e+00 -9.122593998908996582e-01 1.363627076148986816e+00 -2.285884916782379150e-01 -2.099663019180297852e-01 -1.761181950569152832e-01
1.368587970733642578e+00 -9.965851902961730957e-01 1.258964300155639648e+00 -2.596777677536010742e-01 -2.194720208644866943e-01 -1.518388092517852783e-01
1.287786602973937988e+00 -1.122674226760864258e+00 1.131670236587524414e+00 -2.567082643508911133e-01 -1.852883547544479370e-01 -1.662552952766418457e-01
1.169027209281921387e+00 -1.256766915321350098e+00 1.232158541679382324e+00 -2.345990538597106934e-01 -1.841637343168258667e-01 -1.814442425966262817e-01
1.038311839103698730e+00 -1.145920634269714355e+00 1.330556869506835938e+00 -2.208464890718460083e-01 -1.542596518993377686e-01 -2.330211549997329712e-01
1.137827157974243164e+00 -1.027675747871398926e+00 1.467163443565368652e+00 -2.191199958324432373e-01 -1.878745555877685547e-01 -1.706448197364807129e-01
1.246457576751708984e+00 -8.913451433181762695e-01 1.339036226272583008e+00 -2.114739418029785156e-01 -1.393555104732513428e-01 -1.832732111215591431e-01
