1.210366487503051758e+00 -1.213003039360046387e+00 1.189292550086975098e+00 -2.393754720687866211e-01 -1.767022609710693359e-01 -1.647233366966247559e-01
1.350190281867980957e+00 -1.269249677658081055e+00 1.258427500724792480e+00 -1.937905251979827881e-01 -1.439923048019409180e-01 -2.434869557619094849e-01
1.296591639518737793e+00 -1.186643481254577637e+00 1.121016621589660645e+00 -1.628531515598297119e-01 -1.145204007625579834e-01 -2.478005886077880859e-01
1.381344914436340332e+00 -1.328752398490905762e+00 1.163141608238220215e+00 -1.491417586803436279e-01 -1.139838844537734985e-01 -2.621434628963470459e-01
1.242079973220825195e+00 -1.273253083229064941e+00 1.074974060058593750e+00 -1.345144212245941162e-01 -1.551732718944549561e-01 -3.329848647117614746e-01
1.292812108993530273e+00 -1.382182240486145020e+00 1.211968779563903809e+00 -1.455894559621810913e-01 -2.027999758720397949e-01 -3.028787076473236084e-01
1.191307187080383301e+00 -1.233230948448181152e+00 1.162203192710876465e+00 -9.771703183650970459e-02 -2.375845909118652344e-01 -3.735926151275634766e-01
1.330006599426269531e+00 -1.295987129211425781e+00 1.280501365661621094e+00 -1.096554845571517944e-01 -2.751744389533996582e-01 -3.272179067134857178e-01
1.270746350288391113e+00 -1.169641971588134766e+00 1.139862895011901855e+00 -1.287326812744140625e-01 -2.855404615402221680e-01 -4.043628275394439697e-01
1.389635562896728516e+00 -1.315870404243469238e+00 1.205457329750061035e+00 -1.279013454914093018e-01 -3.327492177486419678e-01 -3.124104142189025879e-01
