1.429591536521911621e+00 -1.215529918670654297e+00 1.110240697860717773e+00 -2.289860844612121582e-01 -2.505787611007690430e-01 -2.306774705648422241e-01
1.427215337753295898e+00 -1.215587377548217773e+00 1.111369490623474121e+00 -2.288617491722106934e-01 -2.508959174156188965e-01 -2.306582927703857422e-01
1.420711278915405273e+00 -1.215703129768371582e+00 1.114437341690063477e+00 -2.283556014299392700e-01 -2.516063749790191650e-01 -2.306616157293319702e-01
1.402888536453247070e+00 -1.215919613838195801e+00 1.122461318969726562e+00 -2.263718247413635254e-01 -2.529654204845428467e-01 -2.307086735963821411e-01
1.356494069099426270e+00 -1.217225909233093262e+00 1.142084717750549316e+00 -2.201954126358032227e-01 -2.548629641532897949e-01 -2.311877012252807617e-01
1.275139927864074707e+00 -1.219340205192565918e+00 1.176138401031494141e+00 -2.082899063825607300e-01 -2.523871660232543945e-01 -2.283941656351089478e-01
1.221663117408752441e+00 -1.218743801116943359e+00 1.196911096572875977e+00 -2.029255628585815430e-01 -2.529341280460357666e-01 -2.200070768594741821e-01
1.210305213928222656e+00 -1.217986464500427246e+00 1.200228452682495117e+00 -1.998701840639114380e-01 -2.554369866847991943e-01 -2.232311367988586426e-01
1.209204435348510742e+00 -1.217311143875122070e+00 1.200118422508239746e+00 -1.959523558616638184e-01 -2.565674483776092529e-01 -2.288946211338043213e-01
1.208937048912048340e+00 -1.216996192932128906e+00 1.199689030647277832e+00 -1.925050914287567139e-01 -2.560020983219146729e-01 -2.310784906148910522e-01
1.209875106811523438e+00 -1.216899991035461426e+00 1.200682640075683594e+00 -1.905645728111267090e-01 -2.545384764671325684e-01 -2.297417372465133667e-01
