1.361210346221923828e+00 -1.171244382858276367e+00 1.114808917045593262e+00 -2.251378595829010010e-01 -1.953464001417160034e-01 -1.740174889564514160e-01
1.359660625457763672e+00 -1.171662330627441406e+00 1.115727663040161133e+00 -2.248651385307312012e-01 -1.953311562538146973e-01 -1.742228865623474121e-01
1.355365991592407227e+00 -1.172842144966125488e+00 1.118272304534912109e+00 -2.240763753652572632e-01 -1.953520774841308594e-01 -1.747824698686599731e-01
1.343649506568908691e+00 -1.175936818122863770e+00 1.125086426734924316e+00 -2.222900539636611938e-01 -1.958610862493515015e-01 -1.763742417097091675e-01
1.313514113426208496e+00 -1.183656811714172363e+00 1.141897678375244141e+00 -2.188580632209777832e-01 -1.973838508129119873e-01 -1.797533333301544189e-01
1.259547829627990723e+00 -1.197181582450866699e+00 1.171124100685119629e+00 -2.146104872226715088e-01 -2.015535533428192139e-01 -1.832574903964996338e-01
1.224786043167114258e+00 -1.204664826393127441e+00 1.187907338142395020e+00 -2.128681242465972900e-01 -2.085392773151397705e-01 -1.840809881687164307e-01
1.215438842773437500e+00 -1.207626700401306152e+00 1.191167235374450684e+00 -2.100649327039718628e-01 -2.136222422122955322e-01 -1.864707022905349731e-01
1.213236451148986816e+00 -1.209172129631042480e+00 1.192568659782409668e+00 -2.076800763607025146e-01 -2.161691188812255859e-01 -1.881979852914810181e-01
1.212401747703552246e+00 -1.210208654403686523e+00 1.193527936935424805e+00 -2.062527388334274292e-01 -2.174908816814422607e-01 -1.893790066242218018e-01
1.212895989418029785e+00 -1.210584640502929688e+00 1.194815278053283691e+00 -2.047281414270401001e-01 -2.196247130632400513e-01 -1.912552416324615479e-01
