1.204764246940612793e+00 -1.223344683647155762e+00 1.205675482749938965e+00 -2.087074369192123413e-01 -2.244469672441482544e-01 -1.998535096645355225e-01
1.174438714981079102e+00 -1.238636255264282227e+00 1.231310963630676270e+00 -2.083861380815505981e-01 -2.291049361228942871e-01 -1.989144086837768555e-01
1.147915244102478027e+00 -1.230556249618530273e+00 1.278212785720825195e+00 -2.056992948055267334e-01 -2.342095673084259033e-01 -1.984402239322662354e-01
1.143089413642883301e+00 -1.198651790618896484e+00 1.321980476379394531e+00 -1.997843384742736816e-01 -2.344487607479095459e-01 -2.059757262468338013e-01
1.164039731025695801e+00 -1.164688706398010254e+00 1.335487723350524902e+00 -2.017440795898437500e-01 -2.375196814537048340e-01 -1.999911963939666748e-01
1.193276643753051758e+00 -1.155672430992126465e+00 1.319456219673156738e+00 -2.057137191295623779e-01 -2.378936558961868286e-01 -1.976897567510604858e-01
1.215070009231567383e+00 -1.161212682723999023e+00 1.282938003540039062e+00 -2.115263491868972778e-01 -2.350174486637115479e-01 -1.994604617357254028e-01
1.222320556640625000e+00 -1.181020855903625488e+00 1.243584513664245605e+00 -2.203293144702911377e-01 -2.377601861953735352e-01 -1.916772723197937012e-01
1.215586304664611816e+00 -1.203083992004394531e+00 1.227807044982910156e+00 -2.241295576095581055e-01 -2.376302480697631836e-01 -1.941155940294265747e-01
1.197485923767089844e+00 -1.215064287185668945e+00 1.223261713981628418e+00 -2.276137024164199829e-01 -2.392636090517044067e-01 -1.915690898895263672e-01
