1.232791900634765625e+00 -1.187748908996582031e+00 1.172253727912902832e+00 -2.130051851272583008e-01 -2.157268077135086060e-01 -1.857594996690750122e-01
1.245679497718811035e+00 -1.177414774894714355e+00 1.200104713439941406e+00 -2.120422124862670898e-01 -2.211180478334426880e-01 -1.854118406772613525e-01
1.247270822525024414e+00 -1.170664072036743164e+00 1.207157254219055176e+00 -2.124255597591400146e-01 -2.217855006456375122e-01 -1.863343417644500732e-01
1.250534653663635254e+00 -1.166454792022705078e+00 1.209837317466735840e+00 -2.140606194734573364e-01 -2.238305658102035522e-01 -1.849740743637084961e-01
1.252269983291625977e+00 -1.165488243103027344e+00 1.209054470062255859e+00 -2.157937139272689819e-01 -2.247472852468490601e-01 -1.847169250249862671e-01
1.255337953567504883e+00 -1.165946841239929199e+00 1.206519961357116699e+00 -2.173426449298858643e-01 -2.244547009468078613e-01 -1.856277137994766235e-01
1.256607890129089355e+00 -1.166399121284484863e+00 1.203205466270446777e+00 -2.194507420063018799e-01 -2.255512177944183350e-01 -1.848000288009643555e-01
1.257124185562133789e+00 -1.166358828544616699e+00 1.199482440948486328e+00 -2.217816561460494995e-01 -2.268751114606857300e-01 -1.835269331932067871e-01
1.259653091430664062e+00 -1.166251778602600098e+00 1.197153925895690918e+00 -2.237382382154464722e-01 -2.279346436262130737e-01 -1.830337643623352051e-01
1.261023044586181641e+00 -1.167363286018371582e+00 1.192701697349548340e+00 -2.258976399898529053e-01 -2.286866456270217896e-01 -1.826928704977035522e-01
