1.217577338218688965e+00 -1.201830983161926270e+00 1.187436819076538086e+00 -2.717573046684265137e-01 -2.239066809415817261e-01 -1.504307985305786133e-01
1.214427709579467773e+00 -1.187850713729858398e+00 1.195651173591613770e+00 -2.694047093391418457e-01 -2.202717661857604980e-01 -1.580497175455093384e-01
1.221076607704162598e+00 -1.184113979339599609e+00 1.201361179351806641e+00 -2.700686454772949219e-01 -2.212786376476287842e-01 -1.588450372219085693e-01
1.224028229713439941e+00 -1.181667923927307129e+00 1.202059984207153320e+00 -2.710973322391510010e-01 -2.210046499967575073e-01 -1.601415574550628662e-01
1.226330876350402832e+00 -1.181987643241882324e+00 1.201514244079589844e+00 -2.724943161010742188e-01 -2.217061519622802734e-01 -1.604713499546051025e-01
1.226887106895446777e+00 -1.183661222457885742e+00 1.197013616561889648e+00 -2.738600075244903564e-01 -2.200396060943603516e-01 -1.628286540508270264e-01
1.227123141288757324e+00 -1.184391856193542480e+00 1.193763613700866699e+00 -2.753430306911468506e-01 -2.198959290981292725e-01 -1.634067893028259277e-01
1.227913975715637207e+00 -1.185205340385437012e+00 1.191152334213256836e+00 -2.765648961067199707e-01 -2.192622721195220947e-01 -1.647884249687194824e-01
1.229254484176635742e+00 -1.185591220855712891e+00 1.188882827758789062e+00 -2.779423892498016357e-01 -2.190097570419311523e-01 -1.656638979911804199e-01
1.229791998863220215e+00 -1.187267303466796875e+00 1.185544371604919434e+00 -2.794258594512939453e-01 -2.187727987766265869e-01 -1.665496826171875000e-01
