1.126589059829711914e+00 -1.338012337684631348e+00 1.313536286354064941e+00 -2.369405776262283325e-01 -2.482578456401824951e-01 -1.656825244426727295e-01
1.015035390853881836e+00 -1.459358096122741699e+00 1.160813689231872559e+00 -2.398859113454818726e-01 -2.116744220256805420e-01 -1.869105994701385498e-01
9.310649633407592773e-01 -1.461658477783203125e+00 1.135533094406127930e+00 -2.419951558113098145e-01 -2.000123262405395508e-01 -1.878676265478134155e-01
9.337484836578369141e-01 -1.435923337936401367e+00 1.172850728034973145e+00 -2.393351197242736816e-01 -2.047356963157653809e-01 -1.888720691204071045e-01
9.491973519325256348e-01 -1.427568078041076660e+00 1.196931242942810059e+00 -2.387740761041641235e-01 -2.091094851493835449e-01 -1.885865926742553711e-01
9.552329182624816895e-01 -1.426389455795288086e+00 1.203220963478088379e+00 -2.390904575586318970e-01 -2.101170122623443604e-01 -1.890516579151153564e-01
9.560720920562744141e-01 -1.427796721458435059e+00 1.201827287673950195e+00 -2.396383434534072876e-01 -2.086709141731262207e-01 -1.907280683517456055e-01
9.551464319229125977e-01 -1.427888274192810059e+00 1.200813531875610352e+00 -2.405858188867568970e-01 -2.087090164422988892e-01 -1.910538226366043091e-01
9.545155167579650879e-01 -1.427915692329406738e+00 1.200546026229858398e+00 -2.415577322244644165e-01 -2.091436386108398438e-01 -1.912956237792968750e-01
9.548457264900207520e-01 -1.427818655967712402e+00 1.200685381889343262e+00 -2.424581795930862427e-01 -2.094799280166625977e-01 -1.915594041347503662e-01
