1.221122860908508301e+00 -1.197993397712707520e+00 1.185992360115051270e+00 -2.337760776281356812e-01 -2.124681621789932251e-01 -1.987272202968597412e-01
1.177894711494445801e+00 -1.150599360466003418e+00 1.174737095832824707e+00 -2.297627776861190796e-01 -1.997099667787551880e-01 -2.050560712814331055e-01
1.223183870315551758e+00 -1.150802850723266602e+00 1.208459734916687012e+00 -2.272138446569442749e-01 -2.084202468395233154e-01 -2.051264047622680664e-01
1.212191104888916016e+00 -1.146976947784423828e+00 1.189506411552429199e+00 -2.315753102302551270e-01 -2.088507264852523804e-01 -2.022929340600967407e-01
1.221980571746826172e+00 -1.149223685264587402e+00 1.185449481010437012e+00 -2.330109626054763794e-01 -2.089225649833679199e-01 -2.036295533180236816e-01
1.220958471298217773e+00 -1.153096675872802734e+00 1.176799774169921875e+00 -2.351543605327606201e-01 -2.090879380702972412e-01 -2.044204026460647583e-01
1.220350146293640137e+00 -1.156266689300537109e+00 1.171499967575073242e+00 -2.367196381092071533e-01 -2.091633826494216919e-01 -2.052370756864547729e-01
1.220117449760437012e+00 -1.157353401184082031e+00 1.169125437736511230e+00 -2.379183918237686157e-01 -2.094246447086334229e-01 -2.061613202095031738e-01
1.219936728477478027e+00 -1.158321619033813477e+00 1.167492985725402832e+00 -2.393052875995635986e-01 -2.103630155324935913e-01 -2.064318060874938965e-01
1.219577670097351074e+00 -1.158285140991210938e+00 1.165701985359191895e+00 -2.408292740583419800e-01 -2.112964689731597900e-01 -2.062473893165588379e-01
