1.099287748336791992e+00 -1.272636055946350098e+00 1.177143335342407227e+00 -4.490087181329727173e-02 -1.790764480829238892e-01 -2.419013679027557373e-01
1.188459277153015137e+00 -1.248657941818237305e+00 1.237253546714782715e+00 -6.954447925090789795e-02 -2.410085946321487427e-01 -1.718189120292663574e-01
1.167662262916564941e+00 -1.283824682235717773e+00 1.278586268424987793e+00 -6.142846494913101196e-02 -2.388144284486770630e-01 -1.945997923612594604e-01
1.172747492790222168e+00 -1.269200205802917480e+00 1.263613581657409668e+00 -5.518288910388946533e-02 -2.480504661798477173e-01 -1.962538361549377441e-01
1.219757676124572754e+00 -1.208798527717590332e+00 1.206677198410034180e+00 -7.486560195684432983e-02 -2.575644254684448242e-01 -1.628252267837524414e-01
1.203830003738403320e+00 -1.226863503456115723e+00 1.212853193283081055e+00 -7.907502353191375732e-02 -2.374160736799240112e-01 -1.693687140941619873e-01
1.208564758300781250e+00 -1.220448255538940430e+00 1.208962798118591309e+00 -7.796728610992431641e-02 -2.413203418254852295e-01 -1.752952039241790771e-01
1.177682161331176758e+00 -1.263839721679687500e+00 1.254206657409667969e+00 -7.189202308654785156e-02 -2.346970587968826294e-01 -1.980275064706802368e-01
1.176009297370910645e+00 -1.267893791198730469e+00 1.257678866386413574e+00 -7.733067870140075684e-02 -2.345008403062820435e-01 -1.913548409938812256e-01
1.178457736968994141e+00 -1.266640543937683105e+00 1.254680752754211426e+00 -6.994581222534179688e-02 -2.375965565443038940e-01 -1.943473219871520996e-01
1.185878276824951172e+00 -1.253308892250061035e+00 1.245102643966674805e+00 -7.810632884502410889e-02 -2.448474168777465820e-01 -1.834216415882110596e-01
