1.206447839736938477e+00 -1.217819571495056152e+00 1.199868798255920410e+00 -2.991941571235656738e-01 -2.164500206708908081e-01 -6.758002191781997681e-02
1.208143949508666992e+00 -1.214586377143859863e+00 1.198293328285217285e+00 -3.128662705421447754e-01 -1.878122091293334961e-01 -1.918161511421203613e-01
1.210061788558959961e+00 -1.214100003242492676e+00 1.196146607398986816e+00 -2.984980344772338867e-01 -1.875542551279067993e-01 -1.758256107568740845e-01
1.204754233360290527e+00 -1.222396135330200195e+00 1.207098126411437988e+00 -2.843507528305053711e-01 -1.889990568161010742e-01 -1.816976368427276611e-01
1.199308753013610840e+00 -1.224395036697387695e+00 1.210235476493835449e+00 -3.008351922035217285e-01 -2.077577412128448486e-01 -1.884090453386306763e-01
1.205941438674926758e+00 -1.218858003616333008e+00 1.202132225036621094e+00 -2.955121695995330811e-01 -1.789774000644683838e-01 -1.569611430168151855e-01
1.209447979927062988e+00 -1.212936639785766602e+00 1.198335289955139160e+00 -2.967828512191772461e-01 -1.830623447895050049e-01 -1.675361245870590210e-01
1.205930590629577637e+00 -1.219398856163024902e+00 1.203119039535522461e+00 -3.000055551528930664e-01 -1.920242905616760254e-01 -1.754773855209350586e-01
1.212247133255004883e+00 -1.208334326744079590e+00 1.190750122070312500e+00 -2.851171493530273438e-01 -1.797870695590972900e-01 -1.661295443773269653e-01
1.246160268783569336e+00 -1.156280994415283203e+00 1.141764640808105469e+00 -3.006386160850524902e-01 -1.800337731838226318e-01 -1.458673626184463501e-01
1.245451688766479492e+00 -1.157419085502624512e+00 1.140218973159790039e+00 -3.011031150817871094e-01 -1.809763014316558838e-01 -1.481991261243820190e-01
