1.351653933525085449e+00 -1.031134247779846191e+00 1.230398297309875488e+00 -2.093157172203063965e-01 -1.959004253149032593e-01 -1.740066409111022949e-01
1.223259449005126953e+00 -1.193076014518737793e+00 1.177957653999328613e+00 -2.214244604110717773e-01 -1.998302638530731201e-01 -1.551916897296905518e-01
1.293881297111511230e+00 -1.074253439903259277e+00 1.056163311004638672e+00 -2.111979573965072632e-01 -1.884872019290924072e-01 -1.565844565629959106e-01
1.311049222946166992e+00 -1.040837645530700684e+00 1.023263454437255859e+00 -2.119271010160446167e-01 -1.891887485980987549e-01 -1.407126784324645996e-01
1.308151006698608398e+00 -1.045934796333312988e+00 1.028666257858276367e+00 -2.157090157270431519e-01 -1.917677521705627441e-01 -1.436947584152221680e-01
1.230476021766662598e+00 -1.182452082633972168e+00 1.166277527809143066e+00 -2.214789241552352905e-01 -1.940694451332092285e-01 -1.627106517553329468e-01
1.197855591773986816e+00 -1.231979370117187500e+00 1.213860988616943359e+00 -2.188699841499328613e-01 -2.173478752374649048e-01 -1.847161054611206055e-01
1.185447931289672852e+00 -1.252240419387817383e+00 1.235612750053405762e+00 -2.138492614030838013e-01 -2.111019045114517212e-01 -1.912477910518646240e-01
1.205088853836059570e+00 -1.222991347312927246e+00 1.206579804420471191e+00 -2.140921205282211304e-01 -2.188699096441268921e-01 -1.825845688581466675e-01
1.201082110404968262e+00 -1.228342771530151367e+00 1.210535883903503418e+00 -2.031668424606323242e-01 -2.050980031490325928e-01 -1.801681816577911377e-01
1.202931642532348633e+00 -1.225227236747741699e+00 1.208376765251159668e+00 -2.102482914924621582e-01 -2.019557356834411621e-01 -1.734761297702789307e-01
