1.116486549377441406e+00 -1.173941969871520996e+00 1.200165271759033203e+00 -1.140787526965141296e-01 -2.492363005876541138e-01 -7.476677745580673218e-02
1.212103962898254395e+00 -1.212810873985290527e+00 1.193343281745910645e+00 -7.971914857625961304e-02 -1.974661499261856079e-01 -1.734608709812164307e-01
1.213527083396911621e+00 -1.216535806655883789e+00 1.193747639656066895e+00 -4.352413117885589600e-02 -1.685930490493774414e-01 -2.103515565395355225e-01
1.210782647132873535e+00 -1.215010523796081543e+00 1.194322705268859863e+00 -7.315859198570251465e-02 -1.971742808818817139e-01 -1.875555962324142456e-01
1.205053448677062988e+00 -1.218352794647216797e+00 1.198012709617614746e+00 -9.943950921297073364e-02 -1.957974731922149658e-01 -1.888944804668426514e-01
1.209324836730957031e+00 -1.217810988426208496e+00 1.194271206855773926e+00 -7.475522160530090332e-02 -1.718181073665618896e-01 -1.911821365356445312e-01
1.209776878356933594e+00 -1.214633703231811523e+00 1.196377396583557129e+00 -7.987821847200393677e-02 -1.942519694566726685e-01 -1.681702136993408203e-01
1.209849238395690918e+00 -1.212589144706726074e+00 1.194498419761657715e+00 -1.305580139160156250e-01 -1.977447271347045898e-01 -1.749311387538909912e-01
1.208751440048217773e+00 -1.213289976119995117e+00 1.195334196090698242e+00 -1.307335048913955688e-01 -1.935186386108398438e-01 -1.735618114471435547e-01
1.207646608352661133e+00 -1.215362787246704102e+00 1.198904991149902344e+00 -1.410893499851226807e-01 -2.085946500301361084e-01 -1.646464765071868896e-01
1.209545254707336426e+00 -1.214150309562683105e+00 1.197882175445556641e+00 -1.383718997240066528e-01 -2.153743505477905273e-01 -1.862529814243316650e-01
