1.152715921401977539e+00 -1.134969115257263184e+00 1.122230529785156250e+00 -1.261054128408432007e-01 -1.413087397813796997e-01 -2.260520160198211670e-01
1.203693747520446777e+00 -1.223885774612426758e+00 1.208050847053527832e+00 -1.357931643724441528e-01 -1.981354951858520508e-01 -1.486271768808364868e-01
1.201283574104309082e+00 -1.225107789039611816e+00 1.210023999214172363e+00 -1.488499343395233154e-01 -1.830034703016281128e-01 -1.817384213209152222e-01
1.205634951591491699e+00 -1.221214652061462402e+00 1.206889033317565918e+00 -1.359447985887527466e-01 -1.822158694267272949e-01 -1.721794605255126953e-01
1.204435348510742188e+00 -1.222696542739868164e+00 1.205255031585693359e+00 -1.372997164726257324e-01 -1.891831904649734497e-01 -1.869493424892425537e-01
1.209373116493225098e+00 -1.215045452117919922e+00 1.199808001518249512e+00 -1.486315876245498657e-01 -2.020376324653625488e-01 -1.447215676307678223e-01
1.205170273780822754e+00 -1.221314191818237305e+00 1.205145478248596191e+00 -1.379236429929733276e-01 -1.997829377651214600e-01 -1.459209024906158447e-01
1.205354094505310059e+00 -1.222876906394958496e+00 1.205324292182922363e+00 -1.480306088924407959e-01 -1.866485178470611572e-01 -1.535307765007019043e-01
1.210629582405090332e+00 -1.214068412780761719e+00 1.196779370307922363e+00 -1.469849497079849243e-01 -1.881736218929290771e-01 -1.504472792148590088e-01
1.204090952873229980e+00 -1.222553491592407227e+00 1.207037329673767090e+00 -1.446997374296188354e-01 -1.918429136276245117e-01 -1.468440741300582886e-01
1.205794572830200195e+00 -1.221333503723144531e+00 1.203094840049743652e+00 -1.463696360588073730e-01 -1.922255754470825195e-01 -1.522072404623031616e-01
