1.234883308410644531e+00 -1.276426553726196289e+00 1.052177906036376953e+00 -1.863390505313873291e-01 -3.228566348552703857e-01 -2.788840234279632568e-01
1.234614968299865723e+00 -1.275811076164245605e+00 1.053816199302673340e+00 -1.859715282917022705e-01 -3.229968547821044922e-01 -2.789019942283630371e-01
1.233890175819396973e+00 -1.274085164070129395e+00 1.058293938636779785e+00 -1.849897801876068115e-01 -3.233837187290191650e-01 -2.788790464401245117e-01
1.231983661651611328e+00 -1.269129872322082520e+00 1.070287466049194336e+00 -1.827802658081054688e-01 -3.246487975120544434e-01 -2.785520851612091064e-01
1.226863980293273926e+00 -1.256574153900146484e+00 1.100828766822814941e+00 -1.769248545169830322e-01 -3.277293443679809570e-01 -2.779968380928039551e-01
1.216816067695617676e+00 -1.235048770904541016e+00 1.154914379119873047e+00 -1.664575636386871338e-01 -3.338347375392913818e-01 -2.744749784469604492e-01
1.211183309555053711e+00 -1.219049096107482910e+00 1.189294815063476562e+00 -1.619902998208999634e-01 -3.387348353862762451e-01 -2.711928188800811768e-01
1.210686326026916504e+00 -1.214439272880554199e+00 1.196503281593322754e+00 -1.635394990444183350e-01 -3.406152427196502686e-01 -2.707973420619964600e-01
1.210786461830139160e+00 -1.212963581085205078e+00 1.197236537933349609e+00 -1.649828553199768066e-01 -3.416516482830047607e-01 -2.714524269104003906e-01
1.210830807685852051e+00 -1.212365269660949707e+00 1.197102904319763184e+00 -1.651217639446258545e-01 -3.419911265373229980e-01 -2.724615633487701416e-01
1.210356593132019043e+00 -1.213808298110961914e+00 1.198427081108093262e+00 -1.640429198741912842e-01 -3.412539362907409668e-01 -2.749838232994079590e-01
