1.189772248268127441e+00 -1.224061846733093262e+00 1.229152321815490723e+00 -2.045017182826995850e-01 -2.269107252359390259e-01 -2.017285525798797607e-01
1.190025568008422852e+00 -1.223908662796020508e+00 1.228746056556701660e+00 -2.045131921768188477e-01 -2.269465476274490356e-01 -2.016853094100952148e-01
1.190690755844116211e+00 -1.223530292510986328e+00 1.227670907974243164e+00 -2.045604735612869263e-01 -2.270594239234924316e-01 -2.015629112720489502e-01
1.192456603050231934e+00 -1.222614049911499023e+00 1.224888920783996582e+00 -2.048543393611907959e-01 -2.273797690868377686e-01 -2.012545466423034668e-01
1.197290420532226562e+00 -1.219774127006530762e+00 1.217306256294250488e+00 -2.058297097682952881e-01 -2.279022783041000366e-01 -2.002991139888763428e-01
1.205834507942199707e+00 -1.214289784431457520e+00 1.203641295433044434e+00 -2.073719501495361328e-01 -2.291489988565444946e-01 -1.981989145278930664e-01
1.210594296455383301e+00 -1.211621403694152832e+00 1.196063995361328125e+00 -2.092749625444412231e-01 -2.319508641958236694e-01 -1.975660175085067749e-01
1.211929440498352051e+00 -1.211044073104858398e+00 1.194541692733764648e+00 -2.104005664587020874e-01 -2.346899360418319702e-01 -1.974730938673019409e-01
1.212206840515136719e+00 -1.210876345634460449e+00 1.193745136260986328e+00 -2.100710570812225342e-01 -2.359459996223449707e-01 -1.980848759412765503e-01
1.212521910667419434e+00 -1.210374236106872559e+00 1.193030357360839844e+00 -2.101123034954071045e-01 -2.371676564216613770e-01 -1.983729600906372070e-01
1.213288784027099609e+00 -1.209435820579528809e+00 1.192791223526000977e+00 -2.103821486234664917e-01 -2.378603965044021606e-01 -1.986324787139892578e-01
