1.540785312652587891e+00 -1.194512963294982910e+00 1.183890938758850098e+00 -1.869258284568786621e-01 -1.942140907049179077e-01 -1.753239631652832031e-01
1.537123441696166992e+00 -1.194878220558166504e+00 1.184147357940673828e+00 -1.872737705707550049e-01 -1.942895203828811646e-01 -1.753915697336196899e-01
1.527058362960815430e+00 -1.195849776268005371e+00 1.184839248657226562e+00 -1.882091909646987915e-01 -1.946144700050354004e-01 -1.755849719047546387e-01
1.499806523323059082e+00 -1.198339223861694336e+00 1.186682581901550293e+00 -1.908717602491378784e-01 -1.954165995121002197e-01 -1.762506365776062012e-01
1.429964542388916016e+00 -1.204972505569458008e+00 1.191678643226623535e+00 -1.967967301607131958e-01 -1.967283785343170166e-01 -1.772637665271759033e-01
1.307339906692504883e+00 -1.214120149612426758e+00 1.198837995529174805e+00 -2.053639292716979980e-01 -1.981938332319259644e-01 -1.760634779930114746e-01
1.230263590812683105e+00 -1.214869260787963867e+00 1.199615836143493652e+00 -2.167257815599441528e-01 -1.941345930099487305e-01 -1.742377728223800659e-01
1.212062835693359375e+00 -1.216330289840698242e+00 1.200106263160705566e+00 -2.290609925985336304e-01 -1.948656588792800903e-01 -1.783602833747863770e-01
1.208814978599548340e+00 -1.217787742614746094e+00 1.201246738433837891e+00 -2.358232289552688599e-01 -1.998308598995208740e-01 -1.821869313716888428e-01
1.208376646041870117e+00 -1.217480897903442383e+00 1.201439142227172852e+00 -2.374626845121383667e-01 -2.036687135696411133e-01 -1.836903691291809082e-01
1.208554625511169434e+00 -1.217353463172912598e+00 1.200606584548950195e+00 -2.362991571426391602e-01 -2.034225612878799438e-01 -1.846457421779632568e-01
