1.166646361351013184e+00 -1.204146623611450195e+00 1.307384014129638672e+00 -2.088740766048431396e-01 -2.299460619688034058e-01 -1.915821433067321777e-01
1.167045235633850098e+00 -1.204410195350646973e+00 1.306308865547180176e+00 -2.088106721639633179e-01 -2.297559380531311035e-01 -1.918105483055114746e-01
1.168142080307006836e+00 -1.205126523971557617e+00 1.303354024887084961e+00 -2.086028754711151123e-01 -2.292325794696807861e-01 -1.924771964550018311e-01
1.171025514602661133e+00 -1.207211136817932129e+00 1.295450687408447266e+00 -2.079237103462219238e-01 -2.277043461799621582e-01 -1.943937987089157104e-01
1.178292989730834961e+00 -1.212532043457031250e+00 1.275226116180419922e+00 -2.074919044971466064e-01 -2.238822728395462036e-01 -2.003772407770156860e-01
1.190747737884521484e+00 -1.221937894821166992e+00 1.240139245986938477e+00 -2.095059901475906372e-01 -2.202435135841369629e-01 -2.104133516550064087e-01
1.198456048965454102e+00 -1.228694558143615723e+00 1.218075394630432129e+00 -2.107408046722412109e-01 -2.206184566020965576e-01 -2.154698818922042847e-01
1.200808405876159668e+00 -1.229545116424560547e+00 1.212693929672241211e+00 -2.108718007802963257e-01 -2.218619436025619507e-01 -2.179026156663894653e-01
1.201714396476745605e+00 -1.228832006454467773e+00 1.211352229118347168e+00 -2.120129168033599854e-01 -2.260279953479766846e-01 -2.202788144350051880e-01
1.201979160308837891e+00 -1.228571176528930664e+00 1.211017966270446777e+00 -2.138183563947677612e-01 -2.318237274885177612e-01 -2.219461649656295776e-01
1.201512813568115234e+00 -1.229091644287109375e+00 1.210981965065002441e+00 -2.155670523643493652e-01 -2.365653216838836670e-01 -2.220143973827362061e-01
