1.215478658676147461e+00 -1.214660882949829102e+00 1.224600911140441895e+00 -2.940015792846679688e-01 -2.975302934646606445e-01 -2.051738202571868896e-01
1.215302109718322754e+00 -1.214808702468872070e+00 1.224473237991333008e+00 -2.941709160804748535e-01 -2.974094450473785400e-01 -2.052004635334014893e-01
1.214818835258483887e+00 -1.215219497680664062e+00 1.224125027656555176e+00 -2.946074306964874268e-01 -2.970963120460510254e-01 -2.053011953830718994e-01
1.213504076004028320e+00 -1.216324806213378906e+00 1.223164319992065430e+00 -2.957018017768859863e-01 -2.962929904460906982e-01 -2.057167291641235352e-01
1.210202693939208984e+00 -1.218919992446899414e+00 1.220579743385314941e+00 -2.994133532047271729e-01 -2.941084206104278564e-01 -2.066117227077484131e-01
1.204687595367431641e+00 -1.223133087158203125e+00 1.215906500816345215e+00 -3.097929954528808594e-01 -2.895418405532836914e-01 -2.079710960388183594e-01
1.200988054275512695e+00 -1.225924611091613770e+00 1.212588429450988770e+00 -3.228233456611633301e-01 -2.843550741672515869e-01 -2.086969316005706787e-01
1.199897527694702148e+00 -1.226885437965393066e+00 1.212058663368225098e+00 -3.319778740406036377e-01 -2.814299464225769043e-01 -2.071114778518676758e-01
1.199421167373657227e+00 -1.227347731590270996e+00 1.212242364883422852e+00 -3.384075462818145752e-01 -2.798708081245422363e-01 -2.049353420734405518e-01
1.199266552925109863e+00 -1.227565646171569824e+00 1.212471485137939453e+00 -3.449084460735321045e-01 -2.786712646484375000e-01 -2.028825879096984863e-01
1.198645472526550293e+00 -1.227716684341430664e+00 1.212703108787536621e+00 -3.521855473518371582e-01 -2.772341966629028320e-01 -2.031333744525909424e-01
