1.070875883102416992e+00 -1.525797724723815918e+00 1.111275553703308105e+00 -1.990315169095993042e-01 -1.945164799690246582e-01 -2.416325807571411133e-01
1.072432279586791992e+00 -1.522520065307617188e+00 1.112422943115234375e+00 -1.997893899679183960e-01 -1.953016966581344604e-01 -2.412049025297164917e-01
1.076731920242309570e+00 -1.513500690460205078e+00 1.115554332733154297e+00 -2.018628269433975220e-01 -1.973736435174942017e-01 -2.400625348091125488e-01
1.088540792465209961e+00 -1.488847970962524414e+00 1.124239563941955566e+00 -2.065223753452301025e-01 -2.023139446973800659e-01 -2.364716380834579468e-01
1.118431448936462402e+00 -1.426117062568664551e+00 1.146582245826721191e+00 -2.104343771934509277e-01 -2.075927704572677612e-01 -2.263649553060531616e-01
1.166231155395507812e+00 -1.317345619201660156e+00 1.183189868927001953e+00 -2.068818658590316772e-01 -2.091795355081558228e-01 -2.095873206853866577e-01
1.195995211601257324e+00 -1.243102431297302246e+00 1.201970219612121582e+00 -2.117526978254318237e-01 -2.158883810043334961e-01 -1.981668621301651001e-01
1.202490210533142090e+00 -1.226844787597656250e+00 1.207059741020202637e+00 -2.194664031267166138e-01 -2.274010330438613892e-01 -2.004609853029251099e-01
1.203252434730529785e+00 -1.224077463150024414e+00 1.207303404808044434e+00 -2.219074368476867676e-01 -2.356306314468383789e-01 -2.038075178861618042e-01
1.204173922538757324e+00 -1.222394585609436035e+00 1.205944657325744629e+00 -2.185596525669097900e-01 -2.383230477571487427e-01 -2.062790244817733765e-01
1.205776691436767578e+00 -1.220431089401245117e+00 1.204576849937438965e+00 -2.135262191295623779e-01 -2.371711283922195435e-01 -2.080766856670379639e-01
