1.231608867645263672e+00 -1.309648871421813965e+00 1.382553577423095703e+00 -2.157629281282424927e-01 -4.146452844142913818e-01 -2.144704312086105347e-01
1.231404304504394531e+00 -1.308631539344787598e+00 1.380587220191955566e+00 -2.159419059753417969e-01 -4.140303730964660645e-01 -2.152819335460662842e-01
1.230824232101440430e+00 -1.305841088294982910e+00 1.375194549560546875e+00 -2.164173126220703125e-01 -4.122889935970306396e-01 -2.174819558858871460e-01
1.229328513145446777e+00 -1.298036456108093262e+00 1.360358357429504395e+00 -2.176800221204757690e-01 -4.069187045097351074e-01 -2.231858372688293457e-01
1.225656867027282715e+00 -1.277705073356628418e+00 1.322278261184692383e+00 -2.224371731281280518e-01 -3.918356895446777344e-01 -2.364732623100280762e-01
1.217454552650451660e+00 -1.242577195167541504e+00 1.256320118904113770e+00 -2.385545074939727783e-01 -3.627570569515228271e-01 -2.529315948486328125e-01
1.209371805191040039e+00 -1.222382545471191406e+00 1.214797735214233398e+00 -2.525320053100585938e-01 -3.382614552974700928e-01 -2.609545886516571045e-01
1.206020236015319824e+00 -1.220524668693542480e+00 1.207017302513122559e+00 -2.495740205049514771e-01 -3.300876021385192871e-01 -2.640154063701629639e-01
1.206237077713012695e+00 -1.219070792198181152e+00 1.204245686531066895e+00 -2.422575205564498901e-01 -3.283593952655792236e-01 -2.659022808074951172e-01
1.207313776016235352e+00 -1.217598795890808105e+00 1.202871918678283691e+00 -2.383543699979782104e-01 -3.278104066848754883e-01 -2.670621871948242188e-01
1.207045197486877441e+00 -1.217318296432495117e+00 1.202291727066040039e+00 -2.395654916763305664e-01 -3.273363113403320312e-01 -2.673740983009338379e-01
