1.126507997512817383e+00 -1.341083884239196777e+00 1.271148681640625000e+00 -1.695789098739624023e-01 -1.740076541900634766e-01 -2.056725919246673584e-01
1.126701712608337402e+00 -1.340793013572692871e+00 1.271381378173828125e+00 -1.696850955486297607e-01 -1.741209030151367188e-01 -2.055111229419708252e-01
1.127220869064331055e+00 -1.340018033981323242e+00 1.272046327590942383e+00 -1.699261069297790527e-01 -1.744401752948760986e-01 -2.050841897726058960e-01
1.128619432449340820e+00 -1.337921500205993652e+00 1.273882865905761719e+00 -1.706053316593170166e-01 -1.752674728631973267e-01 -2.039483934640884399e-01
1.132387042045593262e+00 -1.332182407379150391e+00 1.278243422508239746e+00 -1.734680533409118652e-01 -1.772968024015426636e-01 -2.008424848318099976e-01
1.138188004493713379e+00 -1.322907805442810059e+00 1.286647319793701172e+00 -1.789783090353012085e-01 -1.820020973682403564e-01 -1.946630924940109253e-01
1.141031980514526367e+00 -1.317970156669616699e+00 1.293607592582702637e+00 -1.829494237899780273e-01 -1.866523623466491699e-01 -1.909466236829757690e-01
1.141470432281494141e+00 -1.316630125045776367e+00 1.295368790626525879e+00 -1.862723380327224731e-01 -1.873866617679595947e-01 -1.902574449777603149e-01
1.141993045806884766e+00 -1.315428853034973145e+00 1.294804573059082031e+00 -1.910044848918914795e-01 -1.876124590635299683e-01 -1.884637326002120972e-01
1.142439842224121094e+00 -1.314295053482055664e+00 1.293869853019714355e+00 -1.956897079944610596e-01 -1.882320940494537354e-01 -1.869504749774932861e-01
1.143035769462585449e+00 -1.313462495803833008e+00 1.293519020080566406e+00 -1.992430686950683594e-01 -1.895067691802978516e-01 -1.863487660884857178e-01
