1.210388779640197754e+00 -1.222851037979125977e+00 1.200669407844543457e+00 -1.881487667560577393e-01 -1.862273961305618286e-01 -1.923028379678726196e-01
1.210346221923828125e+00 -1.222834110260009766e+00 1.200674891471862793e+00 -1.881391704082489014e-01 -1.862488985061645508e-01 -1.922745406627655029e-01
1.210227131843566895e+00 -1.222789883613586426e+00 1.200692176818847656e+00 -1.881089955568313599e-01 -1.863085180521011353e-01 -1.922016739845275879e-01
1.209889769554138184e+00 -1.222685813903808594e+00 1.200740575790405273e+00 -1.879935860633850098e-01 -1.864627152681350708e-01 -1.920532435178756714e-01
1.209061980247497559e+00 -1.222387671470642090e+00 1.200841784477233887e+00 -1.875446140766143799e-01 -1.869653910398483276e-01 -1.917518526315689087e-01
1.207908272743225098e+00 -1.221480965614318848e+00 1.200877547264099121e+00 -1.863848567008972168e-01 -1.881326735019683838e-01 -1.914156973361968994e-01
1.207519769668579102e+00 -1.220256209373474121e+00 1.200670242309570312e+00 -1.856871843338012695e-01 -1.894466727972030640e-01 -1.910879909992218018e-01
1.207592368125915527e+00 -1.219325304031372070e+00 1.200116753578186035e+00 -1.859513968229293823e-01 -1.917928755283355713e-01 -1.907641738653182983e-01
1.207797765731811523e+00 -1.218563318252563477e+00 1.199406147003173828e+00 -1.859225183725357056e-01 -1.944859921932220459e-01 -1.902865022420883179e-01
1.208177447319030762e+00 -1.217729330062866211e+00 1.198825955390930176e+00 -1.855323761701583862e-01 -1.967129111289978027e-01 -1.905848681926727295e-01
1.208742499351501465e+00 -1.217231988906860352e+00 1.198276042938232422e+00 -1.849760115146636963e-01 -1.980900466442108154e-01 -1.918925642967224121e-01
