1.155025601387023926e+00 -1.132545590400695801e+00 1.442722320556640625e+00 -1.852782815694808960e-01 -3.415805399417877197e-01 -3.364852666854858398e-01
1.155512690544128418e+00 -1.133772730827331543e+00 1.440304994583129883e+00 -1.856865137815475464e-01 -3.413297235965728760e-01 -3.361372947692871094e-01
1.156869053840637207e+00 -1.137107849121093750e+00 1.433626770973205566e+00 -1.868409514427185059e-01 -3.406054973602294922e-01 -3.352035284042358398e-01
1.160623550415039062e+00 -1.145990967750549316e+00 1.415287017822265625e+00 -1.901806890964508057e-01 -3.381829261779785156e-01 -3.327701091766357422e-01
1.169832706451416016e+00 -1.168114066123962402e+00 1.368485093116760254e+00 -1.988418847322463989e-01 -3.316931724548339844e-01 -3.250061869621276855e-01
1.184716343879699707e+00 -1.205424666404724121e+00 1.285994887351989746e+00 -2.092134058475494385e-01 -3.229409754276275635e-01 -3.043021261692047119e-01
1.194087862968444824e+00 -1.228864789009094238e+00 1.231487631797790527e+00 -2.090171128511428833e-01 -3.190329968929290771e-01 -2.851064503192901611e-01
1.195036768913269043e+00 -1.235475540161132812e+00 1.220452904701232910e+00 -2.057590782642364502e-01 -3.183368146419525146e-01 -2.782399654388427734e-01
1.195233106613159180e+00 -1.236499190330505371e+00 1.219304084777832031e+00 -2.051574885845184326e-01 -3.185814619064331055e-01 -2.764391601085662842e-01
1.195925951004028320e+00 -1.235683202743530273e+00 1.218245506286621094e+00 -2.049736231565475464e-01 -3.199019432067871094e-01 -2.744979560375213623e-01
1.196300506591796875e+00 -1.234193921089172363e+00 1.216971635818481445e+00 -2.034880071878433228e-01 -3.222336769104003906e-01 -2.701366245746612549e-01
