1.420719027519226074e+00 -1.187266945838928223e+00 9.691461920738220215e-01 -2.205720394849777222e-01 -1.743554025888442993e-01 -1.973386853933334351e-01
1.418508410453796387e+00 -1.187675714492797852e+00 9.717104434967041016e-01 -2.208961397409439087e-01 -1.746297478675842285e-01 -1.973540037870407104e-01
1.412404417991638184e+00 -1.188770055770874023e+00 9.787431955337524414e-01 -2.217724472284317017e-01 -1.753950119018554688e-01 -1.973366439342498779e-01
1.395531296730041504e+00 -1.191771864891052246e+00 9.979831576347351074e-01 -2.253866791725158691e-01 -1.778242588043212891e-01 -1.971558630466461182e-01
1.352127671241760254e+00 -1.198583364486694336e+00 1.046303510665893555e+00 -2.352055907249450684e-01 -1.858254969120025635e-01 -1.961097717285156250e-01
1.275235533714294434e+00 -1.207923769950866699e+00 1.128305554389953613e+00 -2.397483885288238525e-01 -1.982162594795227051e-01 -1.881856471300125122e-01
1.223905086517333984e+00 -1.213125348091125488e+00 1.182445764541625977e+00 -2.299872338771820068e-01 -2.030921578407287598e-01 -1.844644844532012939e-01
1.212943792343139648e+00 -1.213049769401550293e+00 1.193128347396850586e+00 -2.288453131914138794e-01 -2.072977572679519653e-01 -1.843507587909698486e-01
1.211434602737426758e+00 -1.212742805480957031e+00 1.194303154945373535e+00 -2.346953898668289185e-01 -2.122689783573150635e-01 -1.858528107404708862e-01
1.210534930229187012e+00 -1.213395118713378906e+00 1.195470452308654785e+00 -2.388022094964981079e-01 -2.155028432607650757e-01 -1.880464553833007812e-01
1.209747672080993652e+00 -1.214316368103027344e+00 1.196820616722106934e+00 -2.384555190801620483e-01 -2.156416326761245728e-01 -1.889089643955230713e-01
