1.217356085777282715e+00 -1.112986207008361816e+00 1.397923827171325684e+00 -2.505887746810913086e-01 -1.618678271770477295e-01 -2.194059938192367554e-01
1.217172026634216309e+00 -1.114438533782958984e+00 1.396041274070739746e+00 -2.509554624557495117e-01 -1.620056331157684326e-01 -2.185601890087127686e-01
1.216364502906799316e+00 -1.118848681449890137e+00 1.391262292861938477e+00 -2.517864704132080078e-01 -1.623524278402328491e-01 -2.165427505970001221e-01
1.215529441833496094e+00 -1.129076838493347168e+00 1.376389622688293457e+00 -2.541500627994537354e-01 -1.624645143747329712e-01 -2.116023451089859009e-01
1.212332487106323242e+00 -1.155650138854980469e+00 1.338363885879516602e+00 -2.596642374992370605e-01 -1.637492775917053223e-01 -1.990549117326736450e-01
1.201419591903686523e+00 -1.206888675689697266e+00 1.279481530189514160e+00 -2.680291235446929932e-01 -1.662321090698242188e-01 -1.789306700229644775e-01
1.199443221092224121e+00 -1.230082511901855469e+00 1.231197834014892578e+00 -2.721026539802551270e-01 -1.646725535392761230e-01 -1.707016229629516602e-01
1.195544123649597168e+00 -1.239854335784912109e+00 1.224703550338745117e+00 -2.717166244983673096e-01 -1.674151867628097534e-01 -1.666531115770339966e-01
1.193365812301635742e+00 -1.242428898811340332e+00 1.225306272506713867e+00 -2.709470391273498535e-01 -1.676032245159149170e-01 -1.676584929227828979e-01
1.191254258155822754e+00 -1.247616052627563477e+00 1.229504585266113281e+00 -2.697486281394958496e-01 -1.685385107994079590e-01 -1.690695285797119141e-01
1.195534944534301758e+00 -1.240354061126708984e+00 1.222140550613403320e+00 -2.696619033813476562e-01 -1.684103310108184814e-01 -1.670506596565246582e-01
