1.237959384918212891e+00 -1.192082166671752930e+00 1.163195729255676270e+00 -2.487151771783828735e-01 -1.576330661773681641e-01 -1.842549145221710205e-01
1.237273335456848145e+00 -1.192994117736816406e+00 1.164208173751831055e+00 -2.485974282026290894e-01 -1.577709019184112549e-01 -1.843834817409515381e-01
1.235448718070983887e+00 -1.195471644401550293e+00 1.166989445686340332e+00 -2.482976764440536499e-01 -1.581443399190902710e-01 -1.847387850284576416e-01
1.229915499687194824e+00 -1.202921152114868164e+00 1.174929141998291016e+00 -2.472659647464752197e-01 -1.589282900094985962e-01 -1.864567548036575317e-01
1.217119216918945312e+00 -1.219650149345397949e+00 1.193954825401306152e+00 -2.455426156520843506e-01 -1.618080139160156250e-01 -1.883538961410522461e-01
1.183883666992187500e+00 -1.262488126754760742e+00 1.238929629325866699e+00 -2.397652119398117065e-01 -1.690676957368850708e-01 -1.932134479284286499e-01
1.168238043785095215e+00 -1.285915017127990723e+00 1.267897248268127441e+00 -2.375648617744445801e-01 -1.754854768514633179e-01 -1.933917105197906494e-01
1.165600419044494629e+00 -1.286093473434448242e+00 1.268811464309692383e+00 -2.367726862430572510e-01 -1.761833131313323975e-01 -1.925091445446014404e-01
1.161296248435974121e+00 -1.293010950088500977e+00 1.276266813278198242e+00 -2.351352274417877197e-01 -1.760790050029754639e-01 -1.965004801750183105e-01
1.164593219757080078e+00 -1.287327766418457031e+00 1.270861506462097168e+00 -2.363872230052947998e-01 -1.771908402442932129e-01 -1.936547309160232544e-01
1.162377953529357910e+00 -1.291307806968688965e+00 1.272098064422607422e+00 -2.348089814186096191e-01 -1.762583404779434204e-01 -1.973344832658767700e-01
