1.153357863426208496e+00 -1.160868048667907715e+00 1.119542717933654785e+00 -2.139615416526794434e-01 -1.964822858572006226e-01 -1.831322610378265381e-01
1.153876185417175293e+00 -1.161557674407958984e+00 1.120236754417419434e+00 -2.138747870922088623e-01 -1.965531557798385620e-01 -1.832253783941268921e-01
1.155296683311462402e+00 -1.163457870483398438e+00 1.122145891189575195e+00 -2.136366665363311768e-01 -1.967478543519973755e-01 -1.834807693958282471e-01
1.159144997596740723e+00 -1.168679475784301758e+00 1.127314686775207520e+00 -2.129901945590972900e-01 -1.972633600234985352e-01 -1.842015236616134644e-01
1.169113159179687500e+00 -1.181672573089599609e+00 1.140707969665527344e+00 -2.113537639379501343e-01 -1.985990852117538452e-01 -1.859947144985198975e-01
1.187691926956176758e+00 -1.203059792518615723e+00 1.165537476539611816e+00 -2.085827589035034180e-01 -2.012422680854797363e-01 -1.885035634040832520e-01
1.199733734130859375e+00 -1.217158794403076172e+00 1.180603027343750000e+00 -2.074022144079208374e-01 -2.032059878110885620e-01 -1.887621283531188965e-01
1.201261639595031738e+00 -1.221395373344421387e+00 1.181323170661926270e+00 -2.079816311597824097e-01 -2.036952972412109375e-01 -1.868559122085571289e-01
1.201108455657958984e+00 -1.224133491516113281e+00 1.180520057678222656e+00 -2.087083160877227783e-01 -2.039271593093872070e-01 -1.850265860557556152e-01
1.200839996337890625e+00 -1.226091742515563965e+00 1.181051254272460938e+00 -2.093097865581512451e-01 -2.042727172374725342e-01 -1.836023926734924316e-01
1.200526833534240723e+00 -1.226868510246276855e+00 1.182627797126770020e+00 -2.098392397165298462e-01 -2.047419548034667969e-01 -1.825323849916458130e-01
