1.457597970962524414e+00 -1.155275225639343262e+00 1.197106957435607910e+00 -1.964300721883773804e-01 -2.112967520952224731e-01 -3.442128896713256836e-01
1.454891324043273926e+00 -1.156151175498962402e+00 1.197325825691223145e+00 -1.963594257831573486e-01 -2.114702463150024414e-01 -3.441074192523956299e-01
1.447405219078063965e+00 -1.158581376075744629e+00 1.197896122932434082e+00 -1.961676925420761108e-01 -2.119435817003250122e-01 -3.438030481338500977e-01
1.426767110824584961e+00 -1.165154933929443359e+00 1.199255824089050293e+00 -1.956861615180969238e-01 -2.132266014814376831e-01 -3.428647816181182861e-01
1.373384237289428711e+00 -1.181654691696166992e+00 1.202181339263916016e+00 -1.945446133613586426e-01 -2.165776640176773071e-01 -3.401436507701873779e-01
1.279692888259887695e+00 -1.209751844406127930e+00 1.204435467720031738e+00 -1.928008794784545898e-01 -2.224686443805694580e-01 -3.347722589969635010e-01
1.222949028015136719e+00 -1.221883296966552734e+00 1.201354265213012695e+00 -1.929188072681427002e-01 -2.261476218700408936e-01 -3.299083411693572998e-01
1.212085604667663574e+00 -1.221602320671081543e+00 1.200608372688293457e+00 -1.938370913267135620e-01 -2.275038063526153564e-01 -3.269474506378173828e-01
1.207988739013671875e+00 -1.223198413848876953e+00 1.200559020042419434e+00 -1.946220397949218750e-01 -2.283340096473693848e-01 -3.245169222354888916e-01
1.206050157546997070e+00 -1.225152254104614258e+00 1.201041579246520996e+00 -1.951507478952407837e-01 -2.290144413709640503e-01 -3.225232958793640137e-01
1.206470370292663574e+00 -1.225316405296325684e+00 1.201885342597961426e+00 -1.955582946538925171e-01 -2.296575158834457397e-01 -3.207709491252899170e-01
