1.234477877616882324e+00 -1.157828569412231445e+00 1.145085811614990234e+00 -3.265783786773681641e-01 -2.269557118415832520e-01 -2.350527048110961914e-01
1.234316468238830566e+00 -1.158408164978027344e+00 1.145623207092285156e+00 -3.265065550804138184e-01 -2.270423471927642822e-01 -2.351654767990112305e-01
1.233873844146728516e+00 -1.160006165504455566e+00 1.147098898887634277e+00 -3.263097405433654785e-01 -2.272808849811553955e-01 -2.354732751846313477e-01
1.232578873634338379e+00 -1.164457678794860840e+00 1.151118040084838867e+00 -3.257706761360168457e-01 -2.279309630393981934e-01 -2.363259494304656982e-01
1.229142069816589355e+00 -1.175628900527954102e+00 1.161344170570373535e+00 -3.244126439094543457e-01 -2.296029031276702881e-01 -2.384708225727081299e-01
1.224013447761535645e+00 -1.192002177238464355e+00 1.177663564682006836e+00 -3.224585950374603271e-01 -2.323947399854660034e-01 -2.414014339447021484e-01
1.221155524253845215e+00 -1.199518322944641113e+00 1.186411619186401367e+00 -3.219505250453948975e-01 -2.341009378433227539e-01 -2.422095239162445068e-01
1.220448970794677734e+00 -1.202077269554138184e+00 1.190030455589294434e+00 -3.222810328006744385e-01 -2.349902093410491943e-01 -2.419961541891098022e-01
1.220075011253356934e+00 -1.204170942306518555e+00 1.192710876464843750e+00 -3.226959109306335449e-01 -2.357425689697265625e-01 -2.417020499706268311e-01
1.219602108001708984e+00 -1.205232977867126465e+00 1.194212436676025391e+00 -3.232150971889495850e-01 -2.363010942935943604e-01 -2.411805689334869385e-01
1.219627618789672852e+00 -1.204878449440002441e+00 1.194467782974243164e+00 -3.238715231418609619e-01 -2.366269081830978394e-01 -2.404754161834716797e-01
