1.223750591278076172e+00 -1.292913436889648438e+00 1.178228616714477539e+00 -1.867203712463378906e-01 -2.459705173969268799e-01 -2.453429847955703735e-01
1.223540782928466797e+00 -1.292097806930541992e+00 1.178454399108886719e+00 -1.867564171552658081e-01 -2.460396885871887207e-01 -2.451857328414916992e-01
1.222976684570312500e+00 -1.289853096008300781e+00 1.179087996482849121e+00 -1.868535727262496948e-01 -2.462305128574371338e-01 -2.447573840618133545e-01
1.221403479576110840e+00 -1.283796906471252441e+00 1.180759787559509277e+00 -1.871204525232315063e-01 -2.467430382966995239e-01 -2.435939610004425049e-01
1.217114210128784180e+00 -1.268711447715759277e+00 1.185454726219177246e+00 -1.877263486385345459e-01 -2.481391578912734985e-01 -2.405913472175598145e-01
1.208757638931274414e+00 -1.243704795837402344e+00 1.197371006011962891e+00 -1.882748901844024658e-01 -2.511318027973175049e-01 -2.355152964591979980e-01
1.201235294342041016e+00 -1.231578588485717773e+00 1.205452322959899902e+00 -1.887703239917755127e-01 -2.533618211746215820e-01 -2.318701148033142090e-01
1.199858665466308594e+00 -1.230536580085754395e+00 1.205509185791015625e+00 -1.897630095481872559e-01 -2.542116045951843262e-01 -2.295886725187301636e-01
1.200406193733215332e+00 -1.228674888610839844e+00 1.204938173294067383e+00 -1.909120827913284302e-01 -2.550057172775268555e-01 -2.272007316350936890e-01
1.200991153717041016e+00 -1.226746082305908203e+00 1.205169558525085449e+00 -1.919220089912414551e-01 -2.558413743972778320e-01 -2.249609977006912231e-01
1.201014876365661621e+00 -1.226229786872863770e+00 1.205858349800109863e+00 -1.927199214696884155e-01 -2.566274404525756836e-01 -2.230302393436431885e-01
