1.256243944168090820e+00 -1.153554320335388184e+00 9.927188754081726074e-01 -2.617975175380706787e-01 -6.391628086566925049e-02 -8.977119624614715576e-02
1.258563756942749023e+00 -1.139323592185974121e+00 1.118025302886962891e+00 -2.661012709140777588e-01 -7.201707363128662109e-02 -1.005550399422645569e-01
1.240948557853698730e+00 -1.175107717514038086e+00 1.178781509399414062e+00 -2.457794994115829468e-01 -6.826821714639663696e-02 -1.412421762943267822e-01
1.325234413146972656e+00 -1.011109709739685059e+00 1.000331044197082520e+00 -2.687580883502960205e-01 -5.473481863737106323e-02 -6.450019776821136475e-02
1.254850387573242188e+00 -1.132167100906372070e+00 1.116954207420349121e+00 -2.800236046314239502e-01 -6.019221618771553040e-02 -9.309504926204681396e-02
1.240026473999023438e+00 -1.163865089416503906e+00 1.138532280921936035e+00 -2.871088683605194092e-01 -6.549500674009323120e-02 -1.029029935598373413e-01
1.276298522949218750e+00 -1.105508804321289062e+00 1.083231687545776367e+00 -3.068712651729583740e-01 -6.893311440944671631e-02 -9.239327907562255859e-02
1.280267238616943359e+00 -1.094168186187744141e+00 1.076067924499511719e+00 -2.931675612926483154e-01 -6.552938371896743774e-02 -8.514153212308883667e-02
1.286956191062927246e+00 -1.093480467796325684e+00 1.076666116714477539e+00 -2.842678725719451904e-01 -7.269323617219924927e-02 -8.224290609359741211e-02
1.285297870635986328e+00 -1.089042425155639648e+00 1.072603106498718262e+00 -2.818213701248168945e-01 -7.624956965446472168e-02 -9.171103686094284058e-02
1.263836860656738281e+00 -1.136103034019470215e+00 1.116050124168395996e+00 -2.787600159645080566e-01 -7.413829863071441650e-02 -9.843392670154571533e-02
