1.177259683609008789e+00 -1.290891528129577637e+00 1.222920775413513184e+00 -2.034141868352890015e-01 -2.239025533199310303e-01 -2.003136724233627319e-01
1.186696052551269531e+00 -1.253591775894165039e+00 1.239521265029907227e+00 -2.011516988277435303e-01 -2.231525629758834839e-01 -2.002246528863906860e-01
1.194177269935607910e+00 -1.254426002502441406e+00 1.236996889114379883e+00 -1.918293982744216919e-01 -2.064788043498992920e-01 -2.021212875843048096e-01
1.203558683395385742e+00 -1.235544562339782715e+00 1.220612645149230957e+00 -2.083349972963333130e-01 -2.102352082729339600e-01 -2.010671943426132202e-01
1.192947745323181152e+00 -1.245518326759338379e+00 1.230327844619750977e+00 -1.904274970293045044e-01 -2.159997224807739258e-01 -1.992368400096893311e-01
1.173345327377319336e+00 -1.277153134346008301e+00 1.263185381889343262e+00 -1.829944252967834473e-01 -2.230105549097061157e-01 -2.063801884651184082e-01
1.169175624847412109e+00 -1.280549526214599609e+00 1.261667728424072266e+00 -1.776758134365081787e-01 -2.369907200336456299e-01 -2.008382529020309448e-01
1.189176321029663086e+00 -1.259592175483703613e+00 1.232814192771911621e+00 -1.855370104312896729e-01 -2.200971841812133789e-01 -2.186962515115737915e-01
1.200359225273132324e+00 -1.241237401962280273e+00 1.214017748832702637e+00 -1.855823844671249390e-01 -2.098908126354217529e-01 -2.135232686996459961e-01
1.199668049812316895e+00 -1.237205862998962402e+00 1.219541668891906738e+00 -1.988995820283889771e-01 -2.123361229896545410e-01 -2.045291066169738770e-01
1.195641756057739258e+00 -1.238742351531982422e+00 1.225514411926269531e+00 -2.001036554574966431e-01 -2.219947129487991333e-01 -2.018320411443710327e-01
