1.206038475036621094e+00 -1.182293653488159180e+00 1.225942134857177734e+00 -1.790813356637954712e-01 -1.618573069572448730e-01 -3.183493614196777344e-01
1.211065053939819336e+00 -1.227173924446105957e+00 1.210097670555114746e+00 -1.840711683034896851e-01 -1.827559620141983032e-01 -2.880286574363708496e-01
1.201283931732177734e+00 -1.234760880470275879e+00 1.220351338386535645e+00 -1.873174607753753662e-01 -2.034098803997039795e-01 -2.767210602760314941e-01
1.251195907592773438e+00 -1.162460923194885254e+00 1.142107367515563965e+00 -2.087062299251556396e-01 -1.955349892377853394e-01 -2.678725421428680420e-01
1.239055156707763672e+00 -1.158841133117675781e+00 1.137350916862487793e+00 -2.132740020751953125e-01 -1.857263147830963135e-01 -2.535152137279510498e-01
1.265978932380676270e+00 -1.131380558013916016e+00 1.116497993469238281e+00 -2.155342847108840942e-01 -1.993045359849929810e-01 -2.559246420860290527e-01
1.215540766716003418e+00 -1.195586323738098145e+00 1.176845788955688477e+00 -2.167585343122482300e-01 -1.911383867263793945e-01 -2.493937313556671143e-01
1.249904036521911621e+00 -1.160205960273742676e+00 1.148609519004821777e+00 -2.177451103925704956e-01 -2.059620767831802368e-01 -2.465440332889556885e-01
1.215200424194335938e+00 -1.209193825721740723e+00 1.195590972900390625e+00 -2.098938971757888794e-01 -2.120544463396072388e-01 -2.509877383708953857e-01
1.202668190002441406e+00 -1.231825828552246094e+00 1.205264329910278320e+00 -1.969747543334960938e-01 -1.973357945680618286e-01 -2.653193473815917969e-01
1.217635631561279297e+00 -1.218233585357666016e+00 1.197693586349487305e+00 -1.930938959121704102e-01 -2.033438682556152344e-01 -2.690069079399108887e-01
