1.251515865325927734e+00 -1.186094880104064941e+00 9.104117751121520996e-01 -2.309278398752212524e-01 -1.508016735315322876e-01 -2.025339156389236450e-01
1.203892111778259277e+00 -1.209562301635742188e+00 1.197450637817382812e+00 -2.232653498649597168e-01 -1.663423180580139160e-01 -2.025184780359268188e-01
1.356135010719299316e+00 -9.602420330047607422e-01 9.492280483245849609e-01 -2.374442070722579956e-01 -1.493009179830551147e-01 -1.598011255264282227e-01
1.228295683860778809e+00 -1.173912525177001953e+00 1.159663081169128418e+00 -2.197672575712203979e-01 -1.754743903875350952e-01 -1.874998956918716431e-01
1.190682530403137207e+00 -1.237441658973693848e+00 1.222686886787414551e+00 -2.181231677532196045e-01 -1.816683113574981689e-01 -1.642313897609710693e-01
1.225933909416198730e+00 -1.169276356697082520e+00 1.162656068801879883e+00 -2.158149778842926025e-01 -1.722142398357391357e-01 -1.589183509349822998e-01
1.202384233474731445e+00 -1.229119062423706055e+00 1.214724659919738770e+00 -2.312124520540237427e-01 -1.654253453016281128e-01 -1.788625568151473999e-01
1.188524961471557617e+00 -1.260973215103149414e+00 1.243229866027832031e+00 -2.397818714380264282e-01 -1.708638966083526611e-01 -1.858110427856445312e-01
1.184443831443786621e+00 -1.251748323440551758e+00 1.226614594459533691e+00 -2.403452694416046143e-01 -1.738557964563369751e-01 -1.770029515027999878e-01
1.183382272720336914e+00 -1.254988074302673340e+00 1.238636612892150879e+00 -2.376671433448791504e-01 -1.752905249595642090e-01 -1.795773804187774658e-01
1.202593922615051270e+00 -1.223923087120056152e+00 1.211908459663391113e+00 -2.343628704547882080e-01 -1.846226304769515991e-01 -1.622161716222763062e-01
