1.286662340164184570e+00 -1.265265226364135742e+00 1.143825292587280273e+00 -2.332706302404403687e-01 -1.233053505420684814e-01 -2.594315111637115479e-01
1.235241651535034180e+00 -1.197417497634887695e+00 1.193943023681640625e+00 -2.501596510410308838e-01 -1.681840121746063232e-01 -2.088775634765625000e-01
1.245489358901977539e+00 -1.171236515045166016e+00 1.148714900016784668e+00 -2.444859296083450317e-01 -1.648211777210235596e-01 -2.087717056274414062e-01
1.214023947715759277e+00 -1.208362340927124023e+00 1.222148656845092773e+00 -2.520595192909240723e-01 -1.556204706430435181e-01 -2.120308429002761841e-01
1.219710707664489746e+00 -1.219178676605224609e+00 1.205521345138549805e+00 -2.350251823663711548e-01 -1.655897349119186401e-01 -2.253140807151794434e-01
1.226030349731445312e+00 -1.204916834831237793e+00 1.197936773300170898e+00 -2.591228485107421875e-01 -1.775125861167907715e-01 -2.046125531196594238e-01
1.223417639732360840e+00 -1.206574440002441406e+00 1.199116587638854980e+00 -2.394838929176330566e-01 -1.790432333946228027e-01 -2.095769643783569336e-01
1.220535039901733398e+00 -1.213162779808044434e+00 1.197439074516296387e+00 -2.560173571109771729e-01 -1.649457514286041260e-01 -2.196532636880874634e-01
1.230336666107177734e+00 -1.202950954437255859e+00 1.187842249870300293e+00 -2.521702945232391357e-01 -1.697207540273666382e-01 -2.119049131870269775e-01
1.225505948066711426e+00 -1.206401944160461426e+00 1.200513362884521484e+00 -2.481573075056076050e-01 -1.713505089282989502e-01 -2.212138026952743530e-01
1.236217856407165527e+00 -1.190787315368652344e+00 1.195071578025817871e+00 -2.584008574485778809e-01 -1.694180071353912354e-01 -2.097529172897338867e-01
