1.223750591278076172e+00 -1.292913436889648438e+00 1.178228616714477539e+00 -1.867203712463378906e-01 -2.459705173969268799e-01 -2.453429847955703735e-01
1.217002868652343750e+00 -1.206758499145507812e+00 1.203487277030944824e+00 -1.870114058256149292e-01 -2.575303614139556885e-01 -2.248235642910003662e-01
1.219884634017944336e+00 -1.204740047454833984e+00 1.173152685165405273e+00 -1.873791068792343140e-01 -2.730081081390380859e-01 -2.485789507627487183e-01
1.242314219474792480e+00 -1.165197491645812988e+00 1.146507024765014648e+00 -1.989903151988983154e-01 -2.538317143917083740e-01 -2.069893330335617065e-01
1.227255821228027344e+00 -1.186573386192321777e+00 1.185755372047424316e+00 -1.880559921264648438e-01 -2.525337338447570801e-01 -1.999238431453704834e-01
1.243330478668212891e+00 -1.165486931800842285e+00 1.150099635124206543e+00 -2.026359438896179199e-01 -2.513690590858459473e-01 -2.031370997428894043e-01
1.209994435310363770e+00 -1.217402696609497070e+00 1.203329086303710938e+00 -1.871616542339324951e-01 -2.521592974662780762e-01 -2.269059568643569946e-01
1.219980359077453613e+00 -1.208917856216430664e+00 1.200322866439819336e+00 -1.759411245584487915e-01 -2.500870525836944580e-01 -2.283090949058532715e-01
1.218352913856506348e+00 -1.197899580001831055e+00 1.184679627418518066e+00 -1.940282583236694336e-01 -2.592158317565917969e-01 -2.163655012845993042e-01
1.209328055381774902e+00 -1.218322992324829102e+00 1.214574098587036133e+00 -1.869370341300964355e-01 -2.609780132770538330e-01 -2.290985584259033203e-01
1.205330610275268555e+00 -1.218693852424621582e+00 1.206473946571350098e+00 -1.890988945960998535e-01 -2.655200064182281494e-01 -2.278918176889419556e-01
