1.174931764602661133e+00 -1.237840890884399414e+00 1.208458304405212402e+00 -2.101652175188064575e-01 -2.417149245738983154e-01 -2.044860571622848511e-01
1.197883486747741699e+00 -1.235917806625366211e+00 1.222111225128173828e+00 -2.084913551807403564e-01 -2.390453815460205078e-01 -2.145233750343322754e-01
1.123789787292480469e+00 -1.334590554237365723e+00 1.330173730850219727e+00 -1.879438459873199463e-01 -2.695595920085906982e-01 -2.355581372976303101e-01
1.109169363975524902e+00 -1.360845446586608887e+00 1.352609872817993164e+00 -2.000626027584075928e-01 -2.312962263822555542e-01 -2.519268095493316650e-01
1.122752308845520020e+00 -1.350779533386230469e+00 1.318904399871826172e+00 -2.109522521495819092e-01 -2.443503737449645996e-01 -2.362954765558242798e-01
1.051219224929809570e+00 -1.434845805168151855e+00 1.417586326599121094e+00 -1.806782931089401245e-01 -2.404364049434661865e-01 -2.769525349140167236e-01
1.059102773666381836e+00 -1.418087244033813477e+00 1.411644101142883301e+00 -1.876954585313796997e-01 -2.314601242542266846e-01 -2.728121876716613770e-01
1.061431050300598145e+00 -1.415280938148498535e+00 1.410936236381530762e+00 -1.889416575431823730e-01 -2.322618663311004639e-01 -2.551246881484985352e-01
1.100779294967651367e+00 -1.373057961463928223e+00 1.358820319175720215e+00 -1.979834437370300293e-01 -2.303031384944915771e-01 -2.440464347600936890e-01
1.083936810493469238e+00 -1.398295879364013672e+00 1.375292062759399414e+00 -1.944668889045715332e-01 -2.338654994964599609e-01 -2.578928768634796143e-01
1.106101989746093750e+00 -1.362455248832702637e+00 1.346970796585083008e+00 -1.967896521091461182e-01 -2.386964410543441772e-01 -2.392551153898239136e-01
