1.073519468307495117e+00 -1.437134146690368652e+00 1.269601941108703613e+00 -2.168847471475601196e-01 -2.045523077249526978e-01 -2.456203550100326538e-01
1.164455175399780273e+00 -1.288214802742004395e+00 1.287894010543823242e+00 -2.279414087533950806e-01 -2.113275527954101562e-01 -2.322410941123962402e-01
1.176485538482666016e+00 -1.234606146812438965e+00 1.213310956954956055e+00 -2.474898397922515869e-01 -2.212298214435577393e-01 -2.598614990711212158e-01
1.201700806617736816e+00 -1.223176598548889160e+00 1.211108088493347168e+00 -2.269770205020904541e-01 -2.206191867589950562e-01 -2.307504117488861084e-01
1.141442179679870605e+00 -1.315992832183837891e+00 1.303940653800964355e+00 -2.166837155818939209e-01 -2.114732861518859863e-01 -2.391760647296905518e-01
1.135091185569763184e+00 -1.326726913452148438e+00 1.310831189155578613e+00 -2.175506502389907837e-01 -2.176034748554229736e-01 -2.344581335783004761e-01
1.181459665298461914e+00 -1.264723300933837891e+00 1.248769998550415039e+00 -2.262092232704162598e-01 -2.137828022241592407e-01 -2.259696722030639648e-01
1.176088094711303711e+00 -1.271169900894165039e+00 1.242281079292297363e+00 -2.121478617191314697e-01 -2.332576811313629150e-01 -2.089431583881378174e-01
1.162649631500244141e+00 -1.293842434883117676e+00 1.277708053588867188e+00 -2.151311933994293213e-01 -2.144738137722015381e-01 -2.162605822086334229e-01
1.156108856201171875e+00 -1.300907731056213379e+00 1.285866737365722656e+00 -2.213807255029678345e-01 -2.129877060651779175e-01 -2.203070074319839478e-01
1.180585503578186035e+00 -1.266867160797119141e+00 1.250001788139343262e+00 -2.266678363084793091e-01 -2.150754481554031372e-01 -2.155299782752990723e-01
