1.332958936691284180e+00 -1.189872264862060547e+00 1.095986962318420410e+00 -2.129557281732559204e-01 -1.999683231115341187e-01 -2.001692652702331543e-01
1.331614971160888672e+00 -1.190174818038940430e+00 1.097103595733642578e+00 -2.128643989562988281e-01 -2.001210898160934448e-01 -2.001788616180419922e-01
1.327960848808288574e+00 -1.190930247306823730e+00 1.100273251533508301e+00 -2.126060873270034790e-01 -2.005595862865447998e-01 -2.001926451921463013e-01
1.317882418632507324e+00 -1.193385362625122070e+00 1.108939409255981445e+00 -2.118852734565734863e-01 -2.017185240983963013e-01 -2.003123909235000610e-01
1.292365312576293945e+00 -1.198733210563659668e+00 1.131580352783203125e+00 -2.100125253200531006e-01 -2.050282508134841919e-01 -2.001409381628036499e-01
1.248209118843078613e+00 -1.207306623458862305e+00 1.166698455810546875e+00 -2.069969475269317627e-01 -2.102962434291839600e-01 -1.995216459035873413e-01
1.215626955032348633e+00 -1.213839769363403320e+00 1.194639086723327637e+00 -2.043363451957702637e-01 -2.146051973104476929e-01 -1.991296112537384033e-01
1.209278464317321777e+00 -1.215472698211669922e+00 1.195873975753784180e+00 -2.044570893049240112e-01 -2.148706465959548950e-01 -1.989453434944152832e-01
1.208101987838745117e+00 -1.216524481773376465e+00 1.198593854904174805e+00 -2.044329196214675903e-01 -2.151646912097930908e-01 -1.991259157657623291e-01
1.206085681915283203e+00 -1.217639923095703125e+00 1.199017047882080078e+00 -2.045809626579284668e-01 -2.153376042842864990e-01 -1.989738643169403076e-01
1.207781910896301270e+00 -1.217576146125793457e+00 1.199621796607971191e+00 -2.047074735164642334e-01 -2.155814170837402344e-01 -1.988096833229064941e-01
