1.075108766555786133e+00 -1.073195099830627441e+00 1.253826856613159180e+00 -1.736774444580078125e-01 -2.335920333862304688e-01 -1.330600976943969727e-01
1.076595306396484375e+00 -1.074674606323242188e+00 1.253235578536987305e+00 -1.736797988414764404e-01 -2.335347235202789307e-01 -1.333204507827758789e-01
1.080709338188171387e+00 -1.078778028488159180e+00 1.251602768898010254e+00 -1.736872792243957520e-01 -2.333734929561614990e-01 -1.340445429086685181e-01
1.091769814491271973e+00 -1.089789271354675293e+00 1.247386813163757324e+00 -1.737113893032073975e-01 -2.329488992691040039e-01 -1.359713673591613770e-01
1.118991971015930176e+00 -1.117331743240356445e+00 1.237378358840942383e+00 -1.738018393516540527e-01 -2.318942546844482422e-01 -1.407341808080673218e-01
1.165750384330749512e+00 -1.170852303504943848e+00 1.214085698127746582e+00 -1.744115799665451050e-01 -2.294255346059799194e-01 -1.496838480234146118e-01
1.196285843849182129e+00 -1.203891396522521973e+00 1.203024387359619141e+00 -1.741151809692382812e-01 -2.291548848152160645e-01 -1.544497758150100708e-01
1.203765749931335449e+00 -1.207978248596191406e+00 1.202318906784057617e+00 -1.737744510173797607e-01 -2.300343811511993408e-01 -1.541126072406768799e-01
1.206259608268737793e+00 -1.211429953575134277e+00 1.200184583663940430e+00 -1.735647916793823242e-01 -2.304937839508056641e-01 -1.534830033779144287e-01
1.204677224159240723e+00 -1.210974812507629395e+00 1.200725555419921875e+00 -1.732400953769683838e-01 -2.316623926162719727e-01 -1.517772972583770752e-01
1.205032706260681152e+00 -1.211826324462890625e+00 1.200551033020019531e+00 -1.729670315980911255e-01 -2.324975430965423584e-01 -1.507060378789901733e-01
