1.141993761062622070e+00 -1.252955794334411621e+00 1.180140495300292969e+00 -2.564597129821777344e-01 -4.122023880481719971e-01 -2.442072033882141113e-01
1.142822861671447754e+00 -1.252498269081115723e+00 1.180313825607299805e+00 -2.562118172645568848e-01 -4.118672311305999756e-01 -2.449334561824798584e-01
1.145138025283813477e+00 -1.251266598701477051e+00 1.180838346481323242e+00 -2.554925382137298584e-01 -4.109139144420623779e-01 -2.470198571681976318e-01
1.151451349258422852e+00 -1.247789621353149414e+00 1.182009816169738770e+00 -2.534419894218444824e-01 -4.081498980522155762e-01 -2.528825402259826660e-01
1.166835308074951172e+00 -1.238981485366821289e+00 1.183703541755676270e+00 -2.486864626407623291e-01 -4.005757868289947510e-01 -2.670214176177978516e-01
1.191653966903686523e+00 -1.224417090415954590e+00 1.189617633819580078e+00 -2.409059107303619385e-01 -3.874154984951019287e-01 -2.900113165378570557e-01
1.205452561378479004e+00 -1.216159939765930176e+00 1.199849843978881836e+00 -2.360358834266662598e-01 -3.819794058799743652e-01 -3.030218482017517090e-01
1.208979129791259766e+00 -1.216536641120910645e+00 1.204539775848388672e+00 -2.343004941940307617e-01 -3.814868927001953125e-01 -3.089172244071960449e-01
1.210245490074157715e+00 -1.217351078987121582e+00 1.205022335052490234e+00 -2.330975979566574097e-01 -3.796082139015197754e-01 -3.149589300155639648e-01
1.210488319396972656e+00 -1.217815041542053223e+00 1.204897165298461914e+00 -2.323938906192779541e-01 -3.777830302715301514e-01 -3.194476664066314697e-01
1.209931135177612305e+00 -1.217345833778381348e+00 1.207488179206848145e+00 -2.321826964616775513e-01 -3.778074085712432861e-01 -3.207909464836120605e-01
