1.229674339294433594e+00 -1.367020130157470703e+00 1.118015408515930176e+00 -2.340380549430847168e-01 -2.109939604997634888e-01 -2.022699564695358276e-01
1.228373765945434570e+00 -1.367188215255737305e+00 1.120543718338012695e+00 -2.338447421789169312e-01 -2.109173536300659180e-01 -2.027221918106079102e-01
1.224692821502685547e+00 -1.367750287055969238e+00 1.127588868141174316e+00 -2.333429157733917236e-01 -2.107691764831542969e-01 -2.038395702838897705e-01
1.214368700981140137e+00 -1.369472622871398926e+00 1.147120833396911621e+00 -2.319188863039016724e-01 -2.103511691093444824e-01 -2.069414705038070679e-01
1.187744498252868652e+00 -1.372520685195922852e+00 1.197468757629394531e+00 -2.281934320926666260e-01 -2.082541435956954956e-01 -2.158252894878387451e-01
1.137214064598083496e+00 -1.377998113632202148e+00 1.285456180572509766e+00 -2.256275564432144165e-01 -2.074024677276611328e-01 -2.225952744483947754e-01
1.113020181655883789e+00 -1.372964739799499512e+00 1.340221285820007324e+00 -2.247692644596099854e-01 -2.082900106906890869e-01 -2.251108437776565552e-01
1.113771557807922363e+00 -1.366127848625183105e+00 1.347384691238403320e+00 -2.245349884033203125e-01 -2.087319791316986084e-01 -2.269484400749206543e-01
1.113151431083679199e+00 -1.364282965660095215e+00 1.347389459609985352e+00 -2.250965386629104614e-01 -2.089718580245971680e-01 -2.281353920698165894e-01
1.111400961875915527e+00 -1.365307331085205078e+00 1.348925590515136719e+00 -2.267235666513442993e-01 -2.094023972749710083e-01 -2.280524671077728271e-01
1.112912893295288086e+00 -1.365615129470825195e+00 1.353447198867797852e+00 -2.292397618293762207e-01 -2.106405496597290039e-01 -2.263200283050537109e-01
