1.140906572341918945e+00 -1.342607736587524414e+00 1.349190592765808105e+00 -1.676454842090606689e-01 -2.613990604877471924e-01 -3.145453035831451416e-01
1.141667008399963379e+00 -1.341291785240173340e+00 1.347562313079833984e+00 -1.681059449911117554e-01 -2.614165246486663818e-01 -3.138163685798645020e-01
1.143748879432678223e+00 -1.337665557861328125e+00 1.343077421188354492e+00 -1.694786697626113892e-01 -2.615325152873992920e-01 -3.117965757846832275e-01
1.149216532707214355e+00 -1.328061938285827637e+00 1.331148505210876465e+00 -1.736106574535369873e-01 -2.621629238128662109e-01 -3.064405620098114014e-01
1.162198543548583984e+00 -1.304747819900512695e+00 1.302031159400939941e+00 -1.832497715950012207e-01 -2.629242837429046631e-01 -2.928780317306518555e-01
1.183080792427062988e+00 -1.265223503112792969e+00 1.251924276351928711e+00 -1.874229162931442261e-01 -2.587269544601440430e-01 -2.688529491424560547e-01
1.195914268493652344e+00 -1.239868521690368652e+00 1.221062898635864258e+00 -1.893484741449356079e-01 -2.581148743629455566e-01 -2.561201453208923340e-01
1.197235822677612305e+00 -1.236225724220275879e+00 1.217301726341247559e+00 -1.939003765583038330e-01 -2.627789080142974854e-01 -2.526144087314605713e-01
1.197035312652587891e+00 -1.235516548156738281e+00 1.216501951217651367e+00 -1.976111233234405518e-01 -2.659459710121154785e-01 -2.485604435205459595e-01
1.197961688041687012e+00 -1.233619809150695801e+00 1.214578747749328613e+00 -1.975368112325668335e-01 -2.658557891845703125e-01 -2.445692270994186401e-01
1.199318170547485352e+00 -1.231878161430358887e+00 1.212927699089050293e+00 -1.941996216773986816e-01 -2.629822492599487305e-01 -2.417118400335311890e-01
