1.275639057159423828e+00 -1.235707640647888184e+00 1.049178004264831543e+00 -2.156519293785095215e-01 -4.345590993762016296e-02 -1.890069842338562012e-01
1.274745106697082520e+00 -1.235928535461425781e+00 1.051250338554382324e+00 -2.157302796840667725e-01 -4.411724209785461426e-02 -1.883891373872756958e-01
1.272276043891906738e+00 -1.236521124839782715e+00 1.056917190551757812e+00 -2.160096317529678345e-01 -4.579659178853034973e-02 -1.865858137607574463e-01
1.265546798706054688e+00 -1.237952470779418945e+00 1.072136640548706055e+00 -2.157841920852661133e-01 -5.006792396306991577e-02 -1.819290667772293091e-01
1.247474789619445801e+00 -1.242435693740844727e+00 1.111600875854492188e+00 -2.128818929195404053e-01 -6.121196597814559937e-02 -1.714624166488647461e-01
1.216189980506896973e+00 -1.246879816055297852e+00 1.177142620086669922e+00 -2.124863862991333008e-01 -7.979073375463485718e-02 -1.521394550800323486e-01
1.195240736007690430e+00 -1.247768640518188477e+00 1.217651605606079102e+00 -2.141942828893661499e-01 -9.229763597249984741e-02 -1.358584612607955933e-01
1.191680312156677246e+00 -1.244805216789245605e+00 1.224040031433105469e+00 -2.135025709867477417e-01 -9.463597834110260010e-02 -1.320299655199050903e-01
1.191548347473144531e+00 -1.244172573089599609e+00 1.224855661392211914e+00 -2.108022570610046387e-01 -9.535314142704010010e-02 -1.317504644393920898e-01
1.190149664878845215e+00 -1.245582222938537598e+00 1.226404070854187012e+00 -2.084572762250900269e-01 -9.659294784069061279e-02 -1.312588900327682495e-01
1.190123915672302246e+00 -1.246158361434936523e+00 1.227768898010253906e+00 -2.071531414985656738e-01 -9.846816211938858032e-02 -1.291747540235519409e-01
