1.201087594032287598e+00 -1.267575383186340332e+00 1.149096846580505371e+00 -2.168738543987274170e-01 -2.244657129049301147e-01 -2.854256331920623779e-01
1.201156139373779297e+00 -1.267044663429260254e+00 1.149670720100402832e+00 -2.168243080377578735e-01 -2.247334569692611694e-01 -2.846564352512359619e-01
1.201366186141967773e+00 -1.265557765960693359e+00 1.151231765747070312e+00 -2.167810201644897461e-01 -2.254330217838287354e-01 -2.826407849788665771e-01
1.202020525932312012e+00 -1.261407971382141113e+00 1.155423521995544434e+00 -2.168187797069549561e-01 -2.271065115928649902e-01 -2.775065898895263672e-01
1.203358054161071777e+00 -1.251326799392700195e+00 1.166567921638488770e+00 -2.175590544939041138e-01 -2.328725755214691162e-01 -2.649048268795013428e-01
1.205262064933776855e+00 -1.233586430549621582e+00 1.185840129852294922e+00 -2.231662273406982422e-01 -2.472729831933975220e-01 -2.459362000226974487e-01
1.206100940704345703e+00 -1.222417116165161133e+00 1.198029279708862305e+00 -2.264494001865386963e-01 -2.559128701686859131e-01 -2.377721965312957764e-01
1.206708192825317383e+00 -1.220091581344604492e+00 1.201460123062133789e+00 -2.253489643335342407e-01 -2.557979226112365723e-01 -2.352766394615173340e-01
1.206408023834228516e+00 -1.219655275344848633e+00 1.202230095863342285e+00 -2.242728471755981445e-01 -2.553482651710510254e-01 -2.323606014251708984e-01
1.206133246421813965e+00 -1.219393134117126465e+00 1.202460050582885742e+00 -2.243493795394897461e-01 -2.560171484947204590e-01 -2.305584102869033813e-01
1.206903696060180664e+00 -1.219229698181152344e+00 1.202989220619201660e+00 -2.251276522874832153e-01 -2.575172185897827148e-01 -2.305711209774017334e-01
