1.184178113937377930e+00 -1.171949028968811035e+00 1.164955735206604004e+00 -2.584658563137054443e-01 -2.357199639081954956e-01 -1.813464164733886719e-01
1.184488892555236816e+00 -1.172351121902465820e+00 1.165263533592224121e+00 -2.583369016647338867e-01 -2.356592118740081787e-01 -1.816165447235107422e-01
1.185330271720886230e+00 -1.173478364944458008e+00 1.166113376617431641e+00 -2.580019235610961914e-01 -2.355844974517822266e-01 -1.823021322488784790e-01
1.187606215476989746e+00 -1.176572680473327637e+00 1.168408155441284180e+00 -2.572139501571655273e-01 -2.355014085769653320e-01 -1.840125322341918945e-01
1.193730354309082031e+00 -1.184075593948364258e+00 1.173981189727783203e+00 -2.552662789821624756e-01 -2.346546947956085205e-01 -1.889969110488891602e-01
1.204827070236206055e+00 -1.196490764617919922e+00 1.182708024978637695e+00 -2.529731988906860352e-01 -2.343098670244216919e-01 -1.966449320316314697e-01
1.212935686111450195e+00 -1.202846407890319824e+00 1.187898159027099609e+00 -2.516408562660217285e-01 -2.352062016725540161e-01 -1.984875500202178955e-01
1.214123725891113281e+00 -1.204198837280273438e+00 1.188317060470581055e+00 -2.509770989418029785e-01 -2.349623441696166992e-01 -1.985836029052734375e-01
1.214118242263793945e+00 -1.205170989036560059e+00 1.188656568527221680e+00 -2.504361867904663086e-01 -2.340809851884841919e-01 -1.998641639947891235e-01
1.214336514472961426e+00 -1.205789446830749512e+00 1.189594149589538574e+00 -2.502369880676269531e-01 -2.337391078472137451e-01 -2.014420330524444580e-01
1.214244723320007324e+00 -1.206270694732666016e+00 1.189923286437988281e+00 -2.506490647792816162e-01 -2.338054180145263672e-01 -2.025821059942245483e-01
