1.400122284889221191e+00 -1.025367259979248047e+00 1.182742238044738770e+00 -1.253081858158111572e-01 -2.273067981004714966e-01 -1.570686399936676025e-01
1.398644685745239258e+00 -1.026546239852905273e+00 1.181979656219482422e+00 -1.254485845565795898e-01 -2.272218167781829834e-01 -1.574471592903137207e-01
1.394622921943664551e+00 -1.029705405235290527e+00 1.179792165756225586e+00 -1.258589029312133789e-01 -2.269572466611862183e-01 -1.585191041231155396e-01
1.383791327476501465e+00 -1.038019061088562012e+00 1.173556447029113770e+00 -1.270591914653778076e-01 -2.261423468589782715e-01 -1.610528826713562012e-01
1.355993390083312988e+00 -1.059131741523742676e+00 1.157905220985412598e+00 -1.313755214214324951e-01 -2.241460531949996948e-01 -1.661448776721954346e-01
1.305664539337158203e+00 -1.097783565521240234e+00 1.132287025451660156e+00 -1.377751082181930542e-01 -2.209124565124511719e-01 -1.762323975563049316e-01
1.272760272026062012e+00 -1.122137665748596191e+00 1.115038871765136719e+00 -1.383248716592788696e-01 -2.193437814712524414e-01 -1.804289370775222778e-01
1.265917778015136719e+00 -1.126455068588256836e+00 1.110325813293457031e+00 -1.366183161735534668e-01 -2.195098400115966797e-01 -1.808593869209289551e-01
1.265188932418823242e+00 -1.126423478126525879e+00 1.109152078628540039e+00 -1.375138461589813232e-01 -2.197608053684234619e-01 -1.808411777019500732e-01
1.264880061149597168e+00 -1.126549839973449707e+00 1.108854293823242188e+00 -1.399880498647689819e-01 -2.203870862722396851e-01 -1.803273409605026245e-01
1.264279365539550781e+00 -1.127131700515747070e+00 1.108919262886047363e+00 -1.441082060337066650e-01 -2.216137051582336426e-01 -1.791795343160629272e-01
