1.150256395339965820e+00 -1.286270856857299805e+00 1.181629061698913574e+00 -2.032353878021240234e-01 -2.116677314043045044e-01 -2.058193832635879517e-01
1.150734543800354004e+00 -1.285757303237915039e+00 1.182056784629821777e+00 -2.032839655876159668e-01 -2.118113338947296143e-01 -2.057254016399383545e-01
1.152083396911621094e+00 -1.284287810325622559e+00 1.183171272277832031e+00 -2.034801095724105835e-01 -2.121676504611968994e-01 -2.054561972618103027e-01
1.155861020088195801e+00 -1.280135512351989746e+00 1.186075091361999512e+00 -2.043663859367370605e-01 -2.131211459636688232e-01 -2.047835737466812134e-01
1.165266275405883789e+00 -1.269813179969787598e+00 1.193876624107360840e+00 -2.059452533721923828e-01 -2.161639779806137085e-01 -2.031898945569992065e-01
1.181694030761718750e+00 -1.251439929008483887e+00 1.207726001739501953e+00 -2.086775004863739014e-01 -2.209023684263229370e-01 -2.008562833070755005e-01
1.191176772117614746e+00 -1.241348028182983398e+00 1.218544960021972656e+00 -2.101054042577743530e-01 -2.231775969266891479e-01 -1.995487660169601440e-01
1.192837357521057129e+00 -1.239890456199645996e+00 1.221700787544250488e+00 -2.104659527540206909e-01 -2.241553217172622681e-01 -1.988810300827026367e-01
1.193232059478759766e+00 -1.239195227622985840e+00 1.221705675125122070e+00 -2.106621861457824707e-01 -2.262975275516510010e-01 -1.971552520990371704e-01
1.193690896034240723e+00 -1.238204121589660645e+00 1.220787048339843750e+00 -2.126469314098358154e-01 -2.285037785768508911e-01 -1.961484551429748535e-01
1.194424033164978027e+00 -1.236953973770141602e+00 1.220041513442993164e+00 -2.172422856092453003e-01 -2.283048927783966064e-01 -1.991774290800094604e-01
