1.205187439918518066e+00 -1.220283031463623047e+00 1.204915285110473633e+00 -2.081790417432785034e-01 -2.264358401298522949e-01 -1.926772594451904297e-01
1.255130887031555176e+00 -1.128552436828613281e+00 1.256524682044982910e+00 -2.071241736412048340e-01 -2.392144203186035156e-01 -1.942965835332870483e-01
1.340532183647155762e+00 -1.071463346481323242e+00 1.201212048530578613e+00 -2.116266191005706787e-01 -2.402586340904235840e-01 -1.823233217000961304e-01
1.393503785133361816e+00 -1.121300578117370605e+00 1.110615849494934082e+00 -2.158602476119995117e-01 -2.356183528900146484e-01 -1.755541712045669556e-01
1.343827366828918457e+00 -1.210135817527770996e+00 1.058350801467895508e+00 -2.172876000404357910e-01 -2.327954918146133423e-01 -1.748787909746170044e-01
1.261764407157897949e+00 -1.263897657394409180e+00 1.107768177986145020e+00 -2.231359779834747314e-01 -2.313294708728790283e-01 -1.937411129474639893e-01
1.211343050003051758e+00 -1.223627686500549316e+00 1.199630618095397949e+00 -2.045366913080215454e-01 -2.440377771854400635e-01 -1.968646794557571411e-01
1.252589344978332520e+00 -1.133004188537597656e+00 1.250489354133605957e+00 -2.041018903255462646e-01 -2.613566517829895020e-01 -2.038386315107345581e-01
1.337816357612609863e+00 -1.076896309852600098e+00 1.202250003814697266e+00 -2.121466696262359619e-01 -2.628305256366729736e-01 -1.892861723899841309e-01
1.387883543968200684e+00 -1.121891736984252930e+00 1.116087079048156738e+00 -2.173347473144531250e-01 -2.597441375255584717e-01 -1.710430979728698730e-01
