1.086652874946594238e+00 -1.384959340095520020e+00 1.193279981613159180e+00 -1.926227658987045288e-01 -1.908334642648696899e-01 -6.141365319490432739e-02
1.220930457115173340e+00 -1.183293223381042480e+00 1.175853371620178223e+00 -1.738127917051315308e-01 -1.558557897806167603e-01 -1.343635469675064087e-01
1.220736265182495117e+00 -1.201473474502563477e+00 1.182275414466857910e+00 -1.522810161113739014e-01 -1.686072349548339844e-01 -1.440947502851486206e-01
1.219066500663757324e+00 -1.197654247283935547e+00 1.188111901283264160e+00 -1.474579125642776489e-01 -1.453024744987487793e-01 -1.495410501956939697e-01
1.218846559524536133e+00 -1.189818143844604492e+00 1.179098963737487793e+00 -1.543834209442138672e-01 -1.433237493038177490e-01 -1.358195692300796509e-01
1.221327304840087891e+00 -1.197054505348205566e+00 1.183251619338989258e+00 -1.644252389669418335e-01 -1.550858318805694580e-01 -1.488767117261886597e-01
1.222577333450317383e+00 -1.195811867713928223e+00 1.180818200111389160e+00 -1.777707636356353760e-01 -1.632101833820343018e-01 -1.702186912298202515e-01
1.219294667243957520e+00 -1.194866061210632324e+00 1.181828379631042480e+00 -1.705920994281768799e-01 -1.630867123603820801e-01 -1.621151566505432129e-01
1.220761060714721680e+00 -1.201544046401977539e+00 1.185734868049621582e+00 -1.659872084856033325e-01 -1.509901881217956543e-01 -1.562944352626800537e-01
1.220468282699584961e+00 -1.195797085762023926e+00 1.179808378219604492e+00 -1.768485158681869507e-01 -1.514749079942703247e-01 -1.623709052801132202e-01
1.220866560935974121e+00 -1.192591071128845215e+00 1.178496241569519043e+00 -1.746391505002975464e-01 -1.558633595705032349e-01 -1.575983762741088867e-01
