1.281026244163513184e+00 -1.184244036674499512e+00 1.157812356948852539e+00 -1.892116218805313110e-01 -1.858275532722473145e-01 -1.979107260704040527e-01
1.209187865257263184e+00 -1.213373064994812012e+00 1.199659228324890137e+00 -1.866822391748428345e-01 -1.910731643438339233e-01 -1.923327744007110596e-01
1.214138388633728027e+00 -1.206517100334167480e+00 1.191430568695068359e+00 -1.867503225803375244e-01 -1.764941066503524780e-01 -1.956353783607482910e-01
1.210406064987182617e+00 -1.209094166755676270e+00 1.190791249275207520e+00 -1.824805587530136108e-01 -1.947123408317565918e-01 -2.050908058881759644e-01
1.212320923805236816e+00 -1.210765600204467773e+00 1.196416974067687988e+00 -1.928821355104446411e-01 -1.857540607452392578e-01 -1.977869421243667603e-01
1.210888981819152832e+00 -1.212053060531616211e+00 1.191508531570434570e+00 -1.968244612216949463e-01 -1.880905926227569580e-01 -1.924434453248977661e-01
1.211179256439208984e+00 -1.212012410163879395e+00 1.190530061721801758e+00 -1.849789619445800781e-01 -1.835178583860397339e-01 -1.913904845714569092e-01
1.214775800704956055e+00 -1.208541393280029297e+00 1.192247867584228516e+00 -1.857056766748428345e-01 -1.834554225206375122e-01 -1.953839212656021118e-01
1.211759567260742188e+00 -1.210773468017578125e+00 1.193422675132751465e+00 -1.876535862684249878e-01 -1.912209093570709229e-01 -1.983520090579986572e-01
1.208799719810485840e+00 -1.214747905731201172e+00 1.198266863822937012e+00 -1.860868036746978760e-01 -1.919202357530593872e-01 -1.971203237771987915e-01
1.211878061294555664e+00 -1.211424589157104492e+00 1.193982481956481934e+00 -1.777442693710327148e-01 -1.882785558700561523e-01 -2.007224857807159424e-01
