1.216228723526000977e+00 -1.217714309692382812e+00 1.191410303115844727e+00 -1.655012071132659912e-01 -2.005853503942489624e-01 -2.858064174652099609e-01
1.200801610946655273e+00 -1.221497058868408203e+00 1.201776504516601562e+00 -1.810377687215805054e-01 -2.464172095060348511e-01 -2.190579175949096680e-01
1.204781055450439453e+00 -1.226525783538818359e+00 1.195721983909606934e+00 -1.977561116218566895e-01 -2.638118565082550049e-01 -2.210915982723236084e-01
1.196804404258728027e+00 -1.222658753395080566e+00 1.210063219070434570e+00 -2.008875757455825806e-01 -2.489463090896606445e-01 -2.153883874416351318e-01
1.197572588920593262e+00 -1.224029779434204102e+00 1.203957796096801758e+00 -1.940528303384780884e-01 -2.475197911262512207e-01 -2.041845619678497314e-01
1.203601241111755371e+00 -1.220939397811889648e+00 1.206246614456176758e+00 -1.840858459472656250e-01 -2.470650821924209595e-01 -1.958301663398742676e-01
1.200589060783386230e+00 -1.223828434944152832e+00 1.203208923339843750e+00 -1.807159185409545898e-01 -2.470214962959289551e-01 -1.988212317228317261e-01
1.202514171600341797e+00 -1.221866965293884277e+00 1.201806664466857910e+00 -1.843595206737518311e-01 -2.357948273420333862e-01 -2.077856361865997314e-01
1.201678752899169922e+00 -1.220718502998352051e+00 1.200958490371704102e+00 -1.815183460712432861e-01 -2.452716082334518433e-01 -2.059792280197143555e-01
1.201733350753784180e+00 -1.223426342010498047e+00 1.202340841293334961e+00 -1.792445182800292969e-01 -2.513213753700256348e-01 -2.023563683032989502e-01
1.201567530632019043e+00 -1.222923517227172852e+00 1.205110907554626465e+00 -1.774631440639495850e-01 -2.478973418474197388e-01 -2.191999703645706177e-01
