1.356926798820495605e+00 -1.141996860504150391e+00 1.399771094322204590e+00 -8.457730710506439209e-02 -5.123471841216087341e-02 -2.068130075931549072e-01
1.221678853034973145e+00 -1.206032633781433105e+00 1.172724485397338867e+00 -1.513478159904479980e-01 -9.958886355161666870e-02 -1.068905666470527649e-01
1.194256544113159180e+00 -1.236164450645446777e+00 1.244090914726257324e+00 -8.740103244781494141e-02 -5.084610730409622192e-02 -2.423377335071563721e-01
1.219798564910888672e+00 -1.202868342399597168e+00 1.178436875343322754e+00 -1.348451077938079834e-01 -1.012921854853630066e-01 -9.677539765834808350e-02
1.207100510597229004e+00 -1.224181652069091797e+00 1.195399403572082520e+00 -1.134153828024864197e-01 -6.793104112148284912e-02 -1.133475676178932190e-01
1.214552521705627441e+00 -1.217126250267028809e+00 1.194298744201660156e+00 -1.181684285402297974e-01 -8.666954189538955688e-02 -9.778312593698501587e-02
1.208669543266296387e+00 -1.218729615211486816e+00 1.199447274208068848e+00 -1.236271187663078308e-01 -9.460973739624023438e-02 -1.021608933806419373e-01
1.210419535636901855e+00 -1.221493601799011230e+00 1.194590806961059570e+00 -1.267779469490051270e-01 -9.705631434917449951e-02 -9.558692574501037598e-02
1.205071687698364258e+00 -1.223590612411499023e+00 1.200546741485595703e+00 -1.298769116401672363e-01 -9.492313861846923828e-02 -9.307610988616943359e-02
1.216255784034729004e+00 -1.215999126434326172e+00 1.188214898109436035e+00 -1.410777717828750610e-01 -1.055177226662635803e-01 -8.493953943252563477e-02
1.205171704292297363e+00 -1.223589062690734863e+00 1.203153371810913086e+00 -1.382218152284622192e-01 -9.918292611837387085e-02 -1.079080775380134583e-01
