1.272731065750122070e+00 -1.374999761581420898e+00 1.185006260871887207e+00 -2.700879573822021484e-01 -1.778293848037719727e-01 -1.544559299945831299e-01
1.216169714927673340e+00 -1.203944683074951172e+00 1.188194632530212402e+00 -2.672622203826904297e-01 -1.675487756729125977e-01 -1.730487793684005737e-01
1.211887598037719727e+00 -1.207950711250305176e+00 1.192337989807128906e+00 -2.457839250564575195e-01 -1.658838391304016113e-01 -1.605116128921508789e-01
1.199525237083435059e+00 -1.215753912925720215e+00 1.211878776550292969e+00 -2.540519237518310547e-01 -1.735889911651611328e-01 -1.654115170240402222e-01
1.174192667007446289e+00 -1.269874811172485352e+00 1.260656118392944336e+00 -2.689348757266998291e-01 -1.835904121398925781e-01 -1.693646311759948730e-01
1.206392407417297363e+00 -1.199000120162963867e+00 1.196146965026855469e+00 -2.761842012405395508e-01 -1.682806015014648438e-01 -1.524314880371093750e-01
1.212396502494812012e+00 -1.208665370941162109e+00 1.196236014366149902e+00 -2.752856016159057617e-01 -1.694968938827514648e-01 -1.647011041641235352e-01
1.207560658454895020e+00 -1.216318011283874512e+00 1.198822498321533203e+00 -2.610651254653930664e-01 -1.642807126045227051e-01 -1.643054485321044922e-01
1.211677789688110352e+00 -1.213272094726562500e+00 1.197192788124084473e+00 -2.596225738525390625e-01 -1.562143862247467041e-01 -1.721533834934234619e-01
1.209936976432800293e+00 -1.213155984878540039e+00 1.200467944145202637e+00 -2.620190978050231934e-01 -1.607788354158401489e-01 -1.681473404169082642e-01
1.209804177284240723e+00 -1.216182589530944824e+00 1.200219154357910156e+00 -2.628503739833831787e-01 -1.673548221588134766e-01 -1.625523269176483154e-01
