1.234037518501281738e+00 -1.242508530616760254e+00 1.290834546089172363e+00 -1.407977342605590820e-01 -2.270764261484146118e-01 -1.478143632411956787e-01
1.193976759910583496e+00 -1.235267758369445801e+00 1.221814274787902832e+00 -1.522030234336853027e-01 -2.098179459571838379e-01 -1.811659634113311768e-01
1.233005166053771973e+00 -1.201878905296325684e+00 1.182412743568420410e+00 -1.384403109550476074e-01 -2.199186384677886963e-01 -2.048912644386291504e-01
1.155118227005004883e+00 -1.304075002670288086e+00 1.283758163452148438e+00 -1.534219235181808472e-01 -2.249099016189575195e-01 -2.074761241674423218e-01
1.219720482826232910e+00 -1.200739860534667969e+00 1.175329804420471191e+00 -1.651783883571624756e-01 -2.185583114624023438e-01 -1.924051046371459961e-01
1.235784292221069336e+00 -1.194381952285766602e+00 1.177379608154296875e+00 -1.625383496284484863e-01 -2.188652753829956055e-01 -1.927168667316436768e-01
1.222293257713317871e+00 -1.198284626007080078e+00 1.173973917961120605e+00 -1.594083309173583984e-01 -2.059645503759384155e-01 -1.845665425062179565e-01
1.197324275970458984e+00 -1.239493012428283691e+00 1.214432835578918457e+00 -1.566283404827117920e-01 -2.181113511323928833e-01 -1.903147399425506592e-01
1.200513124465942383e+00 -1.225596785545349121e+00 1.203408598899841309e+00 -1.617166697978973389e-01 -2.141320109367370605e-01 -1.959957778453826904e-01
1.190936565399169922e+00 -1.245174527168273926e+00 1.218211531639099121e+00 -1.611515581607818604e-01 -2.091380059719085693e-01 -1.847950965166091919e-01
1.201515555381774902e+00 -1.227760553359985352e+00 1.198968768119812012e+00 -1.606808006763458252e-01 -2.115361243486404419e-01 -1.894045025110244751e-01
