1.194153428077697754e+00 -1.249700069427490234e+00 1.233928084373474121e+00 -2.499030828475952148e-01 -2.076501101255416870e-01 -1.946805268526077271e-01
1.294517040252685547e+00 -1.273785233497619629e+00 1.296082735061645508e+00 -2.754871249198913574e-01 -2.449339330196380615e-01 -1.387925744056701660e-01
1.259853124618530273e+00 -1.232745409011840820e+00 1.221249818801879883e+00 -2.731252312660217285e-01 -1.972353011369705200e-01 -1.390439420938491821e-01
1.311570167541503906e+00 -1.285627841949462891e+00 1.226959586143493652e+00 -2.748957574367523193e-01 -2.101788520812988281e-01 -1.318135261535644531e-01
1.261655449867248535e+00 -1.283573508262634277e+00 1.182814717292785645e+00 -2.764670848846435547e-01 -1.838521063327789307e-01 -1.253078877925872803e-01
1.270506262779235840e+00 -1.315463185310363770e+00 1.211407542228698730e+00 -2.610191106796264648e-01 -1.812561601400375366e-01 -1.105022504925727844e-01
1.233536720275878906e+00 -1.298768639564514160e+00 1.214743852615356445e+00 -2.314978986978530884e-01 -1.218499317765235901e-01 -1.093033105134963989e-01
1.250201821327209473e+00 -1.291437864303588867e+00 1.245977759361267090e+00 -2.233914732933044434e-01 -1.111980527639389038e-01 -1.175663173198699951e-01
1.250013351440429688e+00 -1.271429300308227539e+00 1.243604779243469238e+00 -2.242709994316101074e-01 -9.626141935586929321e-02 -1.266647875308990479e-01
1.271226406097412109e+00 -1.271249175071716309e+00 1.245088458061218262e+00 -2.210939377546310425e-01 -9.669446945190429688e-02 -1.239789873361587524e-01
