1.202805757522583008e+00 -1.229786515235900879e+00 1.214705348014831543e+00 -1.734285205602645874e-01 -1.947336494922637939e-01 -1.688054352998733521e-01
1.201305747032165527e+00 -1.230645537376403809e+00 1.213876247406005859e+00 -1.747498959302902222e-01 -1.938919126987457275e-01 -1.706267446279525757e-01
1.199822902679443359e+00 -1.230886340141296387e+00 1.213574409484863281e+00 -1.756942868232727051e-01 -1.934391111135482788e-01 -1.721065193414688110e-01
1.199902892112731934e+00 -1.230683565139770508e+00 1.213517546653747559e+00 -1.773127913475036621e-01 -1.939707398414611816e-01 -1.730780154466629028e-01
1.200305819511413574e+00 -1.229832053184509277e+00 1.212834596633911133e+00 -1.788379848003387451e-01 -1.959787309169769287e-01 -1.736409664154052734e-01
1.201087713241577148e+00 -1.231320381164550781e+00 1.214186429977416992e+00 -1.812650561332702637e-01 -1.976748108863830566e-01 -1.748959869146347046e-01
1.197553396224975586e+00 -1.233383536338806152e+00 1.215993523597717285e+00 -1.838897913694381714e-01 -1.991399377584457397e-01 -1.774343103170394897e-01
1.196079254150390625e+00 -1.231811881065368652e+00 1.218284726142883301e+00 -1.865219175815582275e-01 -2.009161263704299927e-01 -1.760612279176712036e-01
1.196589350700378418e+00 -1.230469942092895508e+00 1.221249461174011230e+00 -1.910073161125183105e-01 -2.048466503620147705e-01 -1.752248555421829224e-01
1.196277499198913574e+00 -1.230101943016052246e+00 1.222998499870300293e+00 -1.929561793804168701e-01 -2.064264118671417236e-01 -1.744187027215957642e-01
