1.205537199974060059e+00 -1.224002003669738770e+00 1.201855063438415527e+00 -2.029763460159301758e-01 -9.086411446332931519e-02 -9.471116960048675537e-02
1.184225320816040039e+00 -1.176520228385925293e+00 1.142872929573059082e+00 -2.194626033306121826e-01 -8.136806637048721313e-02 -9.976515918970108032e-02
1.226291418075561523e+00 -1.236430168151855469e+00 1.167267560958862305e+00 -2.373519837856292725e-01 -1.102955788373947144e-01 -6.185951456427574158e-02
1.170397520065307617e+00 -1.208233594894409180e+00 1.121795415878295898e+00 -2.445340007543563843e-01 -8.440749347209930420e-02 -8.405041694641113281e-02
1.196389675140380859e+00 -1.253840088844299316e+00 1.177282452583312988e+00 -2.673842310905456543e-01 -1.117094755172729492e-01 -6.972749531269073486e-02
1.147815227508544922e+00 -1.206275105476379395e+00 1.159210681915283203e+00 -2.861202955245971680e-01 -1.021738275885581970e-01 -7.636056840419769287e-02
1.201738238334655762e+00 -1.213708877563476562e+00 1.199018597602844238e+00 -3.008539080619812012e-01 -1.252858936786651611e-01 -5.514374375343322754e-02
1.194533944129943848e+00 -1.179473161697387695e+00 1.149742126464843750e+00 -2.991631329059600830e-01 -1.044454798102378845e-01 -5.219413340091705322e-02
1.227579951286315918e+00 -1.222770690917968750e+00 1.149227738380432129e+00 -3.120046257972717285e-01 -1.206134706735610962e-01 -4.086565226316452026e-02
1.183538913726806641e+00 -1.226154685020446777e+00 1.121340870857238770e+00 -3.103185892105102539e-01 -1.000987738370895386e-01 -3.942970931529998779e-02
