1.201293826103210449e+00 -1.234650850296020508e+00 1.201983094215393066e+00 -1.983795613050460815e-01 -2.177338004112243652e-01 -1.894596666097640991e-01
1.259802818298339844e+00 -1.382149219512939453e+00 1.302710175514221191e+00 -2.193655669689178467e-01 -2.644073367118835449e-01 -1.516146063804626465e-01
1.107551455497741699e+00 -1.307827115058898926e+00 1.256912589073181152e+00 -2.201363146305084229e-01 -1.370116472244262695e-01 -1.572207212448120117e-01
1.171396255493164062e+00 -1.334605097770690918e+00 1.399470567703247070e+00 -2.017274945974349976e-01 -1.559520214796066284e-01 -1.079195514321327209e-01
1.148483514785766602e+00 -1.206513047218322754e+00 1.352509975433349609e+00 -1.636778563261032104e-01 -4.886072501540184021e-02 -1.189618483185768127e-01
1.270507693290710449e+00 -1.238340377807617188e+00 1.383629441261291504e+00 -1.575357615947723389e-01 -4.358218982815742493e-02 -1.350355893373489380e-01
1.246792912483215332e+00 -1.221083521842956543e+00 1.272509217262268066e+00 -1.694153249263763428e-01 -3.311570733785629272e-02 -1.210405901074409485e-01
1.273326992988586426e+00 -1.315455198287963867e+00 1.275878787040710449e+00 -1.727940589189529419e-01 -4.408127442002296448e-02 -1.110970601439476013e-01
1.184026837348937988e+00 -1.318950176239013672e+00 1.248195409774780273e+00 -1.566844135522842407e-01 -1.980422437191009521e-02 -9.937634319067001343e-02
1.183249831199645996e+00 -1.333584427833557129e+00 1.312810659408569336e+00 -1.458260267972946167e-01 -1.045506075024604797e-02 -1.097360700368881226e-01
