1.192672848701477051e+00 -1.240883231163024902e+00 1.222691535949707031e+00 -2.515018582344055176e-01 -2.195659726858139038e-01 -2.037575840950012207e-01
1.136186003684997559e+00 -1.109732270240783691e+00 1.278810501098632812e+00 -2.364095002412796021e-01 -2.071742415428161621e-01 -2.210367023944854736e-01
1.259104013442993164e+00 -1.058569192886352539e+00 1.342299818992614746e+00 -2.387368828058242798e-01 -2.271271646022796631e-01 -2.037614732980728149e-01
1.299466967582702637e+00 -1.006965637207031250e+00 1.226758956909179688e+00 -2.525538802146911621e-01 -2.115765064954757690e-01 -1.941236406564712524e-01
1.363968133926391602e+00 -1.105410456657409668e+00 1.167120337486267090e+00 -2.662440538406372070e-01 -2.212743610143661499e-01 -1.643159389495849609e-01
1.262861490249633789e+00 -1.167458176612854004e+00 1.104538679122924805e+00 -2.679448127746582031e-01 -2.031308859586715698e-01 -1.824547201395034790e-01
1.219561338424682617e+00 -1.219791650772094727e+00 1.193621158599853516e+00 -2.580118775367736816e-01 -2.142964601516723633e-01 -1.957546472549438477e-01
1.159391522407531738e+00 -1.137359976768493652e+00 1.251252532005310059e+00 -2.486690729856491089e-01 -2.116586118936538696e-01 -2.051008939743041992e-01
1.236209869384765625e+00 -1.087767481803894043e+00 1.319914221763610840e+00 -2.444943934679031372e-01 -2.244297266006469727e-01 -2.031817883253097534e-01
1.275519371032714844e+00 -1.027746081352233887e+00 1.253158211708068848e+00 -2.523136436939239502e-01 -2.159892022609710693e-01 -1.926831007003784180e-01
