1.133042097091674805e+00 -1.225071430206298828e+00 1.205932974815368652e+00 -2.182421535253524780e-01 -2.409997880458831787e-01 -2.137733101844787598e-01
1.133821129798889160e+00 -1.224964857101440430e+00 1.205881476402282715e+00 -2.182430326938629150e-01 -2.410017848014831543e-01 -2.137966305017471313e-01
1.135988116264343262e+00 -1.224669098854064941e+00 1.205744147300720215e+00 -2.182447016239166260e-01 -2.410087287425994873e-01 -2.138609141111373901e-01
1.141863942146301270e+00 -1.223914504051208496e+00 1.205508351325988770e+00 -2.182278782129287720e-01 -2.410443276166915894e-01 -2.140496820211410522e-01
1.157058119773864746e+00 -1.222109436988830566e+00 1.205405473709106445e+00 -2.181237488985061646e-01 -2.411721795797348022e-01 -2.146415114402770996e-01
1.185164690017700195e+00 -1.219764351844787598e+00 1.204770684242248535e+00 -2.178993821144104004e-01 -2.416456937789916992e-01 -2.155662477016448975e-01
1.199644446372985840e+00 -1.218352437019348145e+00 1.199072957038879395e+00 -2.184935808181762695e-01 -2.419532537460327148e-01 -2.149111628532409668e-01
1.203095793724060059e+00 -1.215947270393371582e+00 1.200887203216552734e+00 -2.183773368597030640e-01 -2.435448765754699707e-01 -2.133442610502243042e-01
1.206189632415771484e+00 -1.215273022651672363e+00 1.201326012611389160e+00 -2.183463424444198608e-01 -2.447936683893203735e-01 -2.121603488922119141e-01
1.205940961837768555e+00 -1.215619087219238281e+00 1.200423598289489746e+00 -2.184378206729888916e-01 -2.457311302423477173e-01 -2.110139727592468262e-01
1.205608129501342773e+00 -1.215285658836364746e+00 1.200625896453857422e+00 -2.184239178895950317e-01 -2.468385845422744751e-01 -2.097326666116714478e-01
