1.200309395790100098e+00 -1.174720883369445801e+00 1.220690846443176270e+00 -2.315689176321029663e-01 -1.685731858015060425e-01 -1.649238169193267822e-01
1.200425386428833008e+00 -1.175153136253356934e+00 1.220391869544982910e+00 -2.315753400325775146e-01 -1.685368865728378296e-01 -1.649758219718933105e-01
1.200708150863647461e+00 -1.176298856735229492e+00 1.219629287719726562e+00 -2.315910309553146362e-01 -1.684490144252777100e-01 -1.651086509227752686e-01
1.201377272605895996e+00 -1.179656386375427246e+00 1.217402100563049316e+00 -2.316349446773529053e-01 -1.681836545467376709e-01 -1.655063629150390625e-01
1.204167485237121582e+00 -1.186480760574340820e+00 1.212300181388854980e+00 -2.317518889904022217e-01 -1.677341163158416748e-01 -1.661995649337768555e-01
1.208459854125976562e+00 -1.201607346534729004e+00 1.203971743583679199e+00 -2.317939400672912598e-01 -1.670158654451370239e-01 -1.679353713989257812e-01
1.211406707763671875e+00 -1.210379242897033691e+00 1.198887705802917480e+00 -2.318935096263885498e-01 -1.669757068157196045e-01 -1.688724160194396973e-01
1.212354302406311035e+00 -1.210382580757141113e+00 1.199378490447998047e+00 -2.319235503673553467e-01 -1.686171889305114746e-01 -1.676889657974243164e-01
1.212608098983764648e+00 -1.211501479148864746e+00 1.199080467224121094e+00 -2.319720685482025146e-01 -1.700580120086669922e-01 -1.666610389947891235e-01
1.212553858757019043e+00 -1.212130665779113770e+00 1.199124217033386230e+00 -2.319507896900177002e-01 -1.715711951255798340e-01 -1.655352115631103516e-01
1.212256073951721191e+00 -1.212430596351623535e+00 1.198925137519836426e+00 -2.319650948047637939e-01 -1.728708744049072266e-01 -1.645435988903045654e-01
