1.205180644989013672e+00 -1.002243041992187500e+00 1.268657684326171875e+00 -1.925896704196929932e-01 -1.871865987777709961e-01 -1.526378691196441650e-01
1.205221414566040039e+00 -1.004648923873901367e+00 1.267894387245178223e+00 -1.928446143865585327e-01 -1.874832361936569214e-01 -1.526748985052108765e-01
1.205322623252868652e+00 -1.011273503303527832e+00 1.265788435935974121e+00 -1.935397088527679443e-01 -1.883299052715301514e-01 -1.528615951538085938e-01
1.205541372299194336e+00 -1.029274463653564453e+00 1.260065913200378418e+00 -1.952282488346099854e-01 -1.904044151306152344e-01 -1.530452221632003784e-01
1.205873727798461914e+00 -1.074740886688232422e+00 1.245594859123229980e+00 -1.996388137340545654e-01 -1.940414756536483765e-01 -1.539343595504760742e-01
1.206305503845214844e+00 -1.155285954475402832e+00 1.218551158905029297e+00 -2.111058384180068970e-01 -1.999281942844390869e-01 -1.665364652872085571e-01
1.207258105278015137e+00 -1.207755684852600098e+00 1.198819398880004883e+00 -2.186895906925201416e-01 -2.033142745494842529e-01 -1.840116530656814575e-01
1.209966659545898438e+00 -1.216945171356201172e+00 1.191349983215332031e+00 -2.187558114528656006e-01 -2.025022208690643311e-01 -1.864715516567230225e-01
1.211283206939697266e+00 -1.217487454414367676e+00 1.189507603645324707e+00 -2.178862690925598145e-01 -2.014535665512084961e-01 -1.829905509948730469e-01
1.211157679557800293e+00 -1.218392729759216309e+00 1.189859390258789062e+00 -2.174142301082611084e-01 -2.012099474668502808e-01 -1.830513775348663330e-01
1.210506796836853027e+00 -1.220255732536315918e+00 1.190704584121704102e+00 -2.177470624446868896e-01 -2.013332247734069824e-01 -1.860573291778564453e-01
