1.218466997146606445e+00 -1.154190182685852051e+00 9.809875488281250000e-01 -1.783777177333831787e-01 -1.679216027259826660e-01 -1.882500946521759033e-01
1.218317151069641113e+00 -1.155209422111511230e+00 9.835274815559387207e-01 -1.785162687301635742e-01 -1.688325107097625732e-01 -1.883429139852523804e-01
1.217919945716857910e+00 -1.157977104187011719e+00 9.904962182044982910e-01 -1.791351586580276489e-01 -1.713694334030151367e-01 -1.888319849967956543e-01
1.216846704483032227e+00 -1.165443062782287598e+00 1.009641528129577637e+00 -1.814522445201873779e-01 -1.777755916118621826e-01 -1.905098259449005127e-01
1.214153647422790527e+00 -1.183709263801574707e+00 1.058159708976745605e+00 -1.842772811651229858e-01 -1.906122863292694092e-01 -1.915406882762908936e-01
1.210457682609558105e+00 -1.210798621177673340e+00 1.140520334243774414e+00 -1.929684728384017944e-01 -2.109561711549758911e-01 -1.930850148200988770e-01
1.209865331649780273e+00 -1.223638057708740234e+00 1.190780162811279297e+00 -1.968255937099456787e-01 -2.196241319179534912e-01 -1.930440813302993774e-01
1.211053133010864258e+00 -1.223818302154541016e+00 1.200569629669189453e+00 -1.966054737567901611e-01 -2.191510498523712158e-01 -1.913672983646392822e-01
1.210865855216979980e+00 -1.224824905395507812e+00 1.203247666358947754e+00 -1.975565850734710693e-01 -2.180246710777282715e-01 -1.890949010848999023e-01
1.210241079330444336e+00 -1.226489543914794922e+00 1.205537915229797363e+00 -1.996352523565292358e-01 -2.157018631696701050e-01 -1.869806498289108276e-01
1.208961367607116699e+00 -1.227230072021484375e+00 1.206716299057006836e+00 -2.012166529893875122e-01 -2.129075676202774048e-01 -1.855806112289428711e-01
