1.229247808456420898e+00 -1.273990392684936523e+00 1.185924649238586426e+00 -2.000571191310882568e-01 -1.734650582075119019e-01 -1.927735209465026855e-01
1.229168772697448730e+00 -1.273439049720764160e+00 1.186144709587097168e+00 -2.003615647554397583e-01 -1.735504269599914551e-01 -1.925669908523559570e-01
1.228967666625976562e+00 -1.271926403045654297e+00 1.186738133430480957e+00 -2.013172358274459839e-01 -1.738891899585723877e-01 -1.920523345470428467e-01
1.228461861610412598e+00 -1.267853736877441406e+00 1.188330769538879395e+00 -2.036397457122802734e-01 -1.746489852666854858e-01 -1.902977526187896729e-01
1.226693034172058105e+00 -1.257634997367858887e+00 1.192214250564575195e+00 -2.090063393115997314e-01 -1.759841442108154297e-01 -1.843481063842773438e-01
1.222276449203491211e+00 -1.240001559257507324e+00 1.199159979820251465e+00 -2.217423468828201294e-01 -1.802841275930404663e-01 -1.765730679035186768e-01
1.219858765602111816e+00 -1.228469848632812500e+00 1.205597281455993652e+00 -2.315515577793121338e-01 -1.816764622926712036e-01 -1.728962063789367676e-01
1.218335509300231934e+00 -1.226224541664123535e+00 1.207020878791809082e+00 -2.343830466270446777e-01 -1.776689440011978149e-01 -1.701964586973190308e-01
1.217067122459411621e+00 -1.225890636444091797e+00 1.206797957420349121e+00 -2.358498424291610718e-01 -1.730962246656417847e-01 -1.675873398780822754e-01
1.216580033302307129e+00 -1.225553393363952637e+00 1.206882834434509277e+00 -2.387985587120056152e-01 -1.687485128641128540e-01 -1.670783162117004395e-01
1.216413497924804688e+00 -1.224964618682861328e+00 1.207647681236267090e+00 -2.426741123199462891e-01 -1.679899543523788452e-01 -1.669155955314636230e-01
