1.332602024078369141e+00 -1.213178515434265137e+00 1.118132233619689941e+00 -1.942111104726791382e-01 -1.826161295175552368e-01 -2.293073087930679321e-01
1.331362605094909668e+00 -1.213146090507507324e+00 1.119059681892395020e+00 -1.946967542171478271e-01 -1.830847561359405518e-01 -2.288804948329925537e-01
1.327968955039978027e+00 -1.213050484657287598e+00 1.121574163436889648e+00 -1.961334645748138428e-01 -1.844751685857772827e-01 -2.278770208358764648e-01
1.318696498870849609e+00 -1.212984800338745117e+00 1.128384947776794434e+00 -1.994231194257736206e-01 -1.872204840183258057e-01 -2.251669317483901978e-01
1.295105814933776855e+00 -1.212454080581665039e+00 1.145404458045959473e+00 -2.096856683492660522e-01 -1.952297538518905640e-01 -2.162136435508728027e-01
1.255035281181335449e+00 -1.209437251091003418e+00 1.173634052276611328e+00 -2.267486602067947388e-01 -2.095637768507003784e-01 -2.015781700611114502e-01
1.231203317642211914e+00 -1.204065918922424316e+00 1.189035177230834961e+00 -2.238950729370117188e-01 -2.045903652906417847e-01 -1.831080615520477295e-01
1.227033853530883789e+00 -1.202208757400512695e+00 1.193427681922912598e+00 -2.207775712013244629e-01 -1.948556452989578247e-01 -1.742870807647705078e-01
1.227343320846557617e+00 -1.203206300735473633e+00 1.197444558143615723e+00 -2.259613275527954102e-01 -1.910493969917297363e-01 -1.732586026191711426e-01
1.227844238281250000e+00 -1.204096555709838867e+00 1.200863718986511230e+00 -2.326576709747314453e-01 -1.899796724319458008e-01 -1.723330914974212646e-01
1.227429389953613281e+00 -1.204836368560791016e+00 1.201055049896240234e+00 -2.340003550052642822e-01 -1.852639019489288330e-01 -1.689836084842681885e-01
