1.285692095756530762e+00 -1.316024780273437500e+00 1.286931395530700684e+00 -1.703803986310958862e-01 -2.014644294977188110e-01 -2.067131549119949341e-01
1.285278677940368652e+00 -1.314898490905761719e+00 1.286206722259521484e+00 -1.712520867586135864e-01 -2.014801055192947388e-01 -2.066014260053634644e-01
1.284159779548645020e+00 -1.311795234680175781e+00 1.284220695495605469e+00 -1.735741198062896729e-01 -2.017200589179992676e-01 -2.063887566328048706e-01
1.281103014945983887e+00 -1.303329586982727051e+00 1.278812766075134277e+00 -1.795513927936553955e-01 -2.034177929162979126e-01 -2.065976262092590332e-01
1.273036718368530273e+00 -1.281502842903137207e+00 1.264433979988098145e+00 -1.929476708173751831e-01 -2.023579478263854980e-01 -2.034511864185333252e-01
1.259331941604614258e+00 -1.244125723838806152e+00 1.240233898162841797e+00 -2.106825709342956543e-01 -1.922111213207244873e-01 -1.933211684226989746e-01
1.247236251831054688e+00 -1.227677583694458008e+00 1.232177853584289551e+00 -2.203091382980346680e-01 -1.854178160429000854e-01 -1.866487264633178711e-01
1.242173910140991211e+00 -1.226184487342834473e+00 1.233021378517150879e+00 -2.264360934495925903e-01 -1.848707199096679688e-01 -1.872496008872985840e-01
1.241258978843688965e+00 -1.224258899688720703e+00 1.231561064720153809e+00 -2.329493761062622070e-01 -1.841915249824523926e-01 -1.877870857715606689e-01
1.241368651390075684e+00 -1.222438693046569824e+00 1.228606343269348145e+00 -2.379218637943267822e-01 -1.788379400968551636e-01 -1.871584504842758179e-01
1.240812778472900391e+00 -1.222322702407836914e+00 1.226969242095947266e+00 -2.413623034954071045e-01 -1.700679063796997070e-01 -1.884346753358840942e-01
