1.123068213462829590e+00 -1.371758460998535156e+00 1.042805790901184082e+00 -2.455166876316070557e-01 -2.063649445772171021e-01 -2.291954159736633301e-01
1.213385343551635742e+00 -1.201146483421325684e+00 1.209658026695251465e+00 -2.297116816043853760e-01 -2.464611083269119263e-01 -1.824541389942169189e-01
1.220554828643798828e+00 -1.195800542831420898e+00 1.210899591445922852e+00 -2.424951344728469849e-01 -2.617095112800598145e-01 -2.121169865131378174e-01
1.218386054039001465e+00 -1.201466679573059082e+00 1.197510004043579102e+00 -2.517900764942169189e-01 -2.674739956855773926e-01 -2.140065580606460571e-01
1.212546110153198242e+00 -1.211425185203552246e+00 1.205235123634338379e+00 -2.435677945613861084e-01 -2.393224388360977173e-01 -2.061165422201156616e-01
1.214638710021972656e+00 -1.208501338958740234e+00 1.196921825408935547e+00 -2.420004904270172119e-01 -2.304024845361709595e-01 -2.011433094739913940e-01
1.214695692062377930e+00 -1.208427071571350098e+00 1.192084789276123047e+00 -2.293902188539505005e-01 -2.249808013439178467e-01 -2.038100659847259521e-01
1.216599225997924805e+00 -1.205644011497497559e+00 1.194645524024963379e+00 -2.368154972791671753e-01 -2.318612635135650635e-01 -2.055976539850234985e-01
1.215640783309936523e+00 -1.205808043479919434e+00 1.193930864334106445e+00 -2.385069131851196289e-01 -2.346720695495605469e-01 -2.060138285160064697e-01
1.214109420776367188e+00 -1.208749890327453613e+00 1.194480180740356445e+00 -2.418253421783447266e-01 -2.341672182083129883e-01 -2.098185718059539795e-01
1.214795112609863281e+00 -1.208628654479980469e+00 1.196764707565307617e+00 -2.555154860019683838e-01 -2.359439283609390259e-01 -2.115626782178878784e-01
