1.232034683227539062e+00 -1.189497828483581543e+00 1.197433829307556152e+00 -1.498155295848846436e-01 -2.113709896802902222e-01 -3.264111280441284180e-01
1.228454709053039551e+00 -1.201583385467529297e+00 1.184790492057800293e+00 -1.491429358720779419e-01 -2.243659645318984985e-01 -3.043990433216094971e-01
1.197770118713378906e+00 -1.245470166206359863e+00 1.226631879806518555e+00 -1.452478766441345215e-01 -2.665582895278930664e-01 -2.932404577732086182e-01
1.194756507873535156e+00 -1.249929547309875488e+00 1.234355449676513672e+00 -1.269955337047576904e-01 -2.589684426784515381e-01 -2.570558190345764160e-01
1.185311794281005859e+00 -1.261164069175720215e+00 1.242384910583496094e+00 -1.301823854446411133e-01 -2.724409699440002441e-01 -2.756350636482238770e-01
1.158819079399108887e+00 -1.302728056907653809e+00 1.286896705627441406e+00 -1.295866221189498901e-01 -2.861649096012115479e-01 -2.874419391155242920e-01
1.139370203018188477e+00 -1.326360583305358887e+00 1.308404564857482910e+00 -1.333638727664947510e-01 -2.636986672878265381e-01 -3.008234798908233643e-01
1.197237491607666016e+00 -1.237226724624633789e+00 1.217320203781127930e+00 -1.444621384143829346e-01 -2.565923631191253662e-01 -2.871984839439392090e-01
1.222741961479187012e+00 -1.204589486122131348e+00 1.188465952873229980e+00 -1.694391965866088867e-01 -2.439940273761749268e-01 -2.736937105655670166e-01
1.211908578872680664e+00 -1.218459606170654297e+00 1.204620361328125000e+00 -1.557037681341171265e-01 -2.407388836145401001e-01 -2.645368874073028564e-01
1.228509783744812012e+00 -1.196061611175537109e+00 1.178334355354309082e+00 -1.588368564844131470e-01 -2.260022759437561035e-01 -2.880847156047821045e-01
