1.178475379943847656e+00 -1.023941874504089355e+00 1.524410009384155273e+00 -1.789923608303070068e-01 -1.336228102445602417e-01 -2.156388908624649048e-01
1.206965923309326172e+00 -1.231729865074157715e+00 1.202595353126525879e+00 -1.999021023511886597e-01 -1.153260096907615662e-01 -1.800520718097686768e-01
1.214033603668212891e+00 -1.208522081375122070e+00 1.193087697029113770e+00 -1.948942542076110840e-01 -1.418572366237640381e-01 -1.316963881254196167e-01
1.214846134185791016e+00 -1.206145644187927246e+00 1.192724108695983887e+00 -2.041148692369461060e-01 -1.450297981500625610e-01 -1.128309667110443115e-01
1.213729023933410645e+00 -1.207158088684082031e+00 1.192614555358886719e+00 -1.934024989604949951e-01 -1.406596601009368896e-01 -1.038233041763305664e-01
1.211394071578979492e+00 -1.213934540748596191e+00 1.196431994438171387e+00 -2.065619975328445435e-01 -1.530010104179382324e-01 -1.383743286132812500e-01
1.214052557945251465e+00 -1.209607481956481934e+00 1.190532326698303223e+00 -2.107228338718414307e-01 -1.525617688894271851e-01 -1.254331469535827637e-01
1.218649625778198242e+00 -1.201057672500610352e+00 1.186128377914428711e+00 -2.285276055335998535e-01 -1.596591025590896606e-01 -1.146796122193336487e-01
1.208573579788208008e+00 -1.213724255561828613e+00 1.199841141700744629e+00 -2.164309322834014893e-01 -1.662577390670776367e-01 -9.734722971916198730e-02
1.206862926483154297e+00 -1.216708064079284668e+00 1.201832890510559082e+00 -2.193316668272018433e-01 -1.486885398626327515e-01 -1.256883740425109863e-01
1.207217216491699219e+00 -1.214122056961059570e+00 1.200091481208801270e+00 -2.201009392738342285e-01 -1.544312089681625366e-01 -1.268669813871383667e-01
