1.204146027565002441e+00 -1.220582127571105957e+00 1.197329044342041016e+00 -5.163241922855377197e-02 -2.696417570114135742e-01 -1.703457981348037720e-01
1.202621102333068848e+00 -1.226403832435607910e+00 1.206648468971252441e+00 -5.678137764334678650e-02 -2.489137053489685059e-01 -1.972853988409042358e-01
1.195620894432067871e+00 -1.239702582359313965e+00 1.220956206321716309e+00 -8.894263207912445068e-02 -2.332891225814819336e-01 -2.094899415969848633e-01
1.202221989631652832e+00 -1.231489181518554688e+00 1.210998654365539551e+00 -1.326968222856521606e-01 -2.586400508880615234e-01 -2.328826487064361572e-01
1.197859883308410645e+00 -1.238543868064880371e+00 1.216903448104858398e+00 -7.818053662776947021e-02 -2.280988693237304688e-01 -2.148030400276184082e-01
1.198083043098449707e+00 -1.236040115356445312e+00 1.215998888015747070e+00 -6.760139018297195435e-02 -2.463255524635314941e-01 -2.024350613355636597e-01
1.199246048927307129e+00 -1.232590436935424805e+00 1.214057683944702148e+00 -6.760556250810623169e-02 -2.324515879154205322e-01 -2.011821866035461426e-01
1.195081949234008789e+00 -1.238700985908508301e+00 1.218255639076232910e+00 -5.688805133104324341e-02 -2.471300512552261353e-01 -1.945274621248245239e-01
1.192939996719360352e+00 -1.243119597434997559e+00 1.220794796943664551e+00 -4.757266491651535034e-02 -2.496173530817031860e-01 -2.083194106817245483e-01
1.199268937110900879e+00 -1.233490824699401855e+00 1.215949416160583496e+00 -7.665262371301651001e-02 -2.429237216711044312e-01 -2.116285562515258789e-01
1.196846365928649902e+00 -1.235969781875610352e+00 1.213592886924743652e+00 -6.816022098064422607e-02 -2.541716694831848145e-01 -2.056314647197723389e-01
