1.208500504493713379e+00 -1.217735409736633301e+00 1.199326992034912109e+00 -1.890203952789306641e-01 -5.992182344198226929e-02 -1.707024872303009033e-01
1.203850865364074707e+00 -1.225789189338684082e+00 1.200792908668518066e+00 -2.273594141006469727e-01 -9.854575991630554199e-02 -1.339722573757171631e-01
1.195923566818237305e+00 -1.230961441993713379e+00 1.199757575988769531e+00 -2.301255017518997192e-01 -1.608395427465438843e-01 -1.581134349107742310e-01
1.206041812896728516e+00 -1.223387479782104492e+00 1.200870037078857422e+00 -2.594928145408630371e-01 -1.287904977798461914e-01 -1.300631612539291382e-01
1.200289964675903320e+00 -1.230432987213134766e+00 1.207073807716369629e+00 -2.776661813259124756e-01 -1.518959105014801025e-01 -1.443523764610290527e-01
1.204008460044860840e+00 -1.225326895713806152e+00 1.202342748641967773e+00 -2.643625438213348389e-01 -1.411592811346054077e-01 -1.206685751676559448e-01
1.205094337463378906e+00 -1.224570512771606445e+00 1.205023169517517090e+00 -2.447332888841629028e-01 -1.263097971677780151e-01 -1.330831348896026611e-01
1.194325685501098633e+00 -1.237980127334594727e+00 1.216793417930603027e+00 -2.563775181770324707e-01 -1.377224326133728027e-01 -1.401110887527465820e-01
1.197824239730834961e+00 -1.228587746620178223e+00 1.206519603729248047e+00 -2.471339106559753418e-01 -1.276019960641860962e-01 -1.111429482698440552e-01
1.201539039611816406e+00 -1.226326942443847656e+00 1.207684516906738281e+00 -2.497609108686447144e-01 -1.201063618063926697e-01 -1.241981089115142822e-01
1.199789285659790039e+00 -1.229289531707763672e+00 1.207896828651428223e+00 -2.499162703752517700e-01 -1.174100935459136963e-01 -1.229630559682846069e-01
