1.228303194046020508e+00 -1.194570779800415039e+00 1.155930638313293457e+00 -1.685604751110076904e-01 -2.063572257757186890e-01 -2.001829296350479126e-01
1.213814258575439453e+00 -1.203943133354187012e+00 1.186720013618469238e+00 -1.663010716438293457e-01 -2.104423344135284424e-01 -2.011886239051818848e-01
1.207894086837768555e+00 -1.214437961578369141e+00 1.195878624916076660e+00 -1.759110540151596069e-01 -2.043944597244262695e-01 -1.816217154264450073e-01
1.211818099021911621e+00 -1.210504651069641113e+00 1.192259430885314941e+00 -1.536800265312194824e-01 -2.036139667034149170e-01 -1.854638010263442993e-01
1.208558797836303711e+00 -1.214203834533691406e+00 1.195445179939270020e+00 -1.608172059059143066e-01 -2.134578824043273926e-01 -1.905241906642913818e-01
1.207491278648376465e+00 -1.218429207801818848e+00 1.194562673568725586e+00 -1.693795025348663330e-01 -2.318332642316818237e-01 -2.119584977626800537e-01
1.211123347282409668e+00 -1.208305716514587402e+00 1.188349366188049316e+00 -1.774881482124328613e-01 -2.212951481342315674e-01 -2.011527121067047119e-01
1.212579488754272461e+00 -1.207965612411499023e+00 1.189210653305053711e+00 -1.749370098114013672e-01 -2.201087772846221924e-01 -1.942783892154693604e-01
1.213364243507385254e+00 -1.207246065139770508e+00 1.186029195785522461e+00 -1.751473993062973022e-01 -2.112337797880172729e-01 -1.965861916542053223e-01
1.210898160934448242e+00 -1.210818171501159668e+00 1.192090749740600586e+00 -1.766646206378936768e-01 -2.167786210775375366e-01 -1.917248368263244629e-01
1.211080312728881836e+00 -1.210770368576049805e+00 1.193520784378051758e+00 -1.711817085742950439e-01 -2.193150371313095093e-01 -2.040556967258453369e-01
