1.191346049308776855e+00 -1.235417842864990234e+00 1.199882388114929199e+00 -1.947890669107437134e-01 -2.142393887042999268e-01 -2.095419764518737793e-01
1.204634428024291992e+00 -1.224396109580993652e+00 1.208186268806457520e+00 -1.952214837074279785e-01 -2.168889492750167847e-01 -2.079337239265441895e-01
1.201431870460510254e+00 -1.228320121765136719e+00 1.205420255661010742e+00 -1.969731003046035767e-01 -2.277178615331649780e-01 -2.054127901792526245e-01
1.206507682800292969e+00 -1.224020600318908691e+00 1.206477046012878418e+00 -2.391717433929443359e-01 -2.569627463817596436e-01 -2.233247011899948120e-01
1.204616427421569824e+00 -1.223186016082763672e+00 1.204905033111572266e+00 -2.068780660629272461e-01 -2.352780103683471680e-01 -2.141609638929367065e-01
1.205150961875915527e+00 -1.224288940429687500e+00 1.208333849906921387e+00 -2.150068879127502441e-01 -2.337916642427444458e-01 -2.080292552709579468e-01
1.207962751388549805e+00 -1.220927000045776367e+00 1.203165054321289062e+00 -2.150309085845947266e-01 -2.214913666248321533e-01 -2.004093378782272339e-01
1.205286860466003418e+00 -1.222738504409790039e+00 1.207677245140075684e+00 -2.062482535839080811e-01 -2.216485142707824707e-01 -2.063433080911636353e-01
1.209761977195739746e+00 -1.217391967773437500e+00 1.199857234954833984e+00 -2.020605057477951050e-01 -2.105056047439575195e-01 -2.142654806375503540e-01
1.205007553100585938e+00 -1.222424745559692383e+00 1.204255104064941406e+00 -1.999222785234451294e-01 -2.135414183139801025e-01 -2.000652104616165161e-01
1.207381486892700195e+00 -1.219948649406433105e+00 1.201942682266235352e+00 -1.981380879878997803e-01 -2.149575948715209961e-01 -2.041545361280441284e-01
