1.213129639625549316e+00 -1.246316909790039062e+00 1.190296649932861328e+00 -2.840400040149688721e-01 -1.864004433155059814e-01 -2.037103027105331421e-01
1.203647971153259277e+00 -1.221313118934631348e+00 1.208529472351074219e+00 -2.854507565498352051e-01 -1.909005641937255859e-01 -1.992475390434265137e-01
1.025291681289672852e+00 -1.467560291290283203e+00 1.434511661529541016e+00 -2.303956449031829834e-01 -2.215736359357833862e-01 -2.351200580596923828e-01
1.093148827552795410e+00 -1.382035970687866211e+00 1.349504590034484863e+00 -2.556118965148925781e-01 -1.824595779180526733e-01 -2.287327200174331665e-01
1.206555604934692383e+00 -1.218655705451965332e+00 1.210888624191284180e+00 -2.724932134151458740e-01 -1.777885556221008301e-01 -1.920742988586425781e-01
1.265483140945434570e+00 -1.129347801208496094e+00 1.121920704841613770e+00 -2.770048677921295166e-01 -1.748257875442504883e-01 -1.775533407926559448e-01
1.202185988426208496e+00 -1.223247528076171875e+00 1.215818762779235840e+00 -2.757455706596374512e-01 -1.954462528228759766e-01 -2.007184624671936035e-01
1.225336313247680664e+00 -1.179687738418579102e+00 1.169542551040649414e+00 -2.855249047279357910e-01 -1.955905407667160034e-01 -1.908456236124038696e-01
1.217177033424377441e+00 -1.205429315567016602e+00 1.192400813102722168e+00 -2.820284366607666016e-01 -1.921948939561843872e-01 -2.026130110025405884e-01
1.206723213195800781e+00 -1.223103523254394531e+00 1.207202076911926270e+00 -2.757254540920257568e-01 -1.913287341594696045e-01 -1.987584531307220459e-01
1.210258483886718750e+00 -1.216973781585693359e+00 1.201098680496215820e+00 -2.792773544788360596e-01 -1.916851401329040527e-01 -1.989438831806182861e-01
