1.260725378990173340e+00 -1.188584923744201660e+00 1.053592205047607422e+00 -2.069477736949920654e-01 -1.857701539993286133e-01 -1.969970762729644775e-01
1.215626597404479980e+00 -1.201251268386840820e+00 1.195949792861938477e+00 -2.013494968414306641e-01 -2.091537117958068848e-01 -1.821509301662445068e-01
1.183723568916320801e+00 -1.225368261337280273e+00 1.238845229148864746e+00 -1.955708861351013184e-01 -2.142429202795028687e-01 -1.894113868474960327e-01
1.186956524848937988e+00 -1.244938611984252930e+00 1.208661198616027832e+00 -1.902742832899093628e-01 -1.774570941925048828e-01 -2.172289192676544189e-01
1.205952763557434082e+00 -1.219950079917907715e+00 1.206955909729003906e+00 -2.099833786487579346e-01 -2.072936743497848511e-01 -1.824260056018829346e-01
1.210981965065002441e+00 -1.209906101226806641e+00 1.193542122840881348e+00 -2.056451588869094849e-01 -2.115809917449951172e-01 -1.805140376091003418e-01
1.204044103622436523e+00 -1.228538155555725098e+00 1.208303689956665039e+00 -2.070296257734298706e-01 -2.113718092441558838e-01 -1.807112544775009155e-01
1.204168796539306641e+00 -1.221744060516357422e+00 1.209148526191711426e+00 -1.988814622163772583e-01 -2.144930511713027954e-01 -1.925715357065200806e-01
1.194528222084045410e+00 -1.230318427085876465e+00 1.205235838890075684e+00 -1.893491595983505249e-01 -2.132077366113662720e-01 -1.962181329727172852e-01
1.218180179595947266e+00 -1.198284149169921875e+00 1.180311918258666992e+00 -2.007645815610885620e-01 -2.076876759529113770e-01 -1.876986622810363770e-01
1.211209535598754883e+00 -1.212565064430236816e+00 1.202687263488769531e+00 -2.028879225254058838e-01 -2.197667062282562256e-01 -1.814901679754257202e-01
