8.736081719398498535e-01 -1.271474957466125488e+00 1.302756071090698242e+00 -1.862756460905075073e-01 -1.887533962726593018e-01 -1.432186663150787354e-01
1.182237625122070312e+00 -1.257955431938171387e+00 1.236046075820922852e+00 -1.886171847581863403e-01 -2.077698856592178345e-01 -1.501474827527999878e-01
1.176263689994812012e+00 -1.239329457283020020e+00 1.196147203445434570e+00 -1.594582796096801758e-01 -1.687760800123214722e-01 -1.644028872251510620e-01
1.191044092178344727e+00 -1.240887880325317383e+00 1.211611747741699219e+00 -1.808840632438659668e-01 -1.589540690183639526e-01 -1.649050414562225342e-01
1.202421426773071289e+00 -1.229182124137878418e+00 1.200567245483398438e+00 -2.018726319074630737e-01 -1.763477325439453125e-01 -1.638203263282775879e-01
1.203240036964416504e+00 -1.226601839065551758e+00 1.201605677604675293e+00 -1.953259855508804321e-01 -1.770617365837097168e-01 -1.635916978120803833e-01
1.195019483566284180e+00 -1.233880758285522461e+00 1.203038215637207031e+00 -1.993170082569122314e-01 -1.858959496021270752e-01 -1.435101926326751709e-01
1.185629606246948242e+00 -1.243598818778991699e+00 1.219470024108886719e+00 -1.989381611347198486e-01 -1.863866895437240601e-01 -1.512655019760131836e-01
1.183786511421203613e+00 -1.256287217140197754e+00 1.219466924667358398e+00 -1.955853551626205444e-01 -1.858706474304199219e-01 -1.507906615734100342e-01
1.184827804565429688e+00 -1.248040795326232910e+00 1.211523056030273438e+00 -1.868775784969329834e-01 -1.727072447538375854e-01 -1.713779568672180176e-01
1.186730861663818359e+00 -1.247844576835632324e+00 1.214441299438476562e+00 -1.916320025920867920e-01 -1.779762208461761475e-01 -1.680333465337753296e-01
