9.619090557098388672e-01 -1.272589206695556641e+00 1.237895250320434570e+00 -1.988942176103591919e-01 -1.833195984363555908e-01 -2.215233445167541504e-01
1.195006370544433594e+00 -1.240609884262084961e+00 1.217285037040710449e+00 -2.107383310794830322e-01 -2.006006985902786255e-01 -2.059915363788604736e-01
1.204920291900634766e+00 -1.240162849426269531e+00 1.222511649131774902e+00 -1.962293982505798340e-01 -2.136391401290893555e-01 -2.293532043695449829e-01
1.199627757072448730e+00 -1.240057229995727539e+00 1.217867136001586914e+00 -1.988095045089721680e-01 -2.244947403669357300e-01 -2.216814309358596802e-01
1.198457241058349609e+00 -1.239145278930664062e+00 1.211771726608276367e+00 -2.014893740415573120e-01 -2.143184691667556763e-01 -2.167815268039703369e-01
1.197357892990112305e+00 -1.237634897232055664e+00 1.208659410476684570e+00 -1.967512667179107666e-01 -2.091373801231384277e-01 -2.056021690368652344e-01
1.191430211067199707e+00 -1.244113326072692871e+00 1.211737513542175293e+00 -2.021975815296173096e-01 -1.879754960536956787e-01 -2.213170081377029419e-01
1.188699007034301758e+00 -1.231825828552246094e+00 1.212662935256958008e+00 -2.026439607143402100e-01 -2.061282545328140259e-01 -1.761884540319442749e-01
1.189511299133300781e+00 -1.239451646804809570e+00 1.216915965080261230e+00 -1.947508156299591064e-01 -2.069432139396667480e-01 -2.001653760671615601e-01
1.178611040115356445e+00 -1.249040007591247559e+00 1.223766565322875977e+00 -2.004538327455520630e-01 -2.071921527385711670e-01 -1.884009242057800293e-01
1.200528025627136230e+00 -1.229766964912414551e+00 1.203819394111633301e+00 -2.086291313171386719e-01 -1.984266042709350586e-01 -2.011273354291915894e-01
