1.215988278388977051e+00 -9.103504419326782227e-01 1.193170070648193359e+00 -2.137645483016967773e-01 -2.205730229616165161e-01 -1.384764164686203003e-01
1.196221947669982910e+00 -1.234751462936401367e+00 1.209525585174560547e+00 -1.959279328584671021e-01 -2.109053134918212891e-01 -1.958517730236053467e-01
1.177814245223999023e+00 -1.257735013961791992e+00 1.236294984817504883e+00 -1.888376027345657349e-01 -2.292234897613525391e-01 -2.011144459247589111e-01
1.232467651367187500e+00 -1.182923316955566406e+00 1.162822604179382324e+00 -1.919039785861968994e-01 -2.020132541656494141e-01 -2.162941694259643555e-01
1.264683961868286133e+00 -1.131460189819335938e+00 1.118224620819091797e+00 -2.059321105480194092e-01 -2.104486078023910522e-01 -1.944964379072189331e-01
1.204177021980285645e+00 -1.228213667869567871e+00 1.201941132545471191e+00 -1.811255365610122681e-01 -2.125394046306610107e-01 -2.151492089033126831e-01
1.193815708160400391e+00 -1.238969922065734863e+00 1.211472034454345703e+00 -1.863423138856887817e-01 -2.265417128801345825e-01 -2.084224075078964233e-01
1.198837280273437500e+00 -1.228778958320617676e+00 1.206157803535461426e+00 -1.867451369762420654e-01 -2.217735052108764648e-01 -1.965557634830474854e-01
1.198611736297607422e+00 -1.231829047203063965e+00 1.205868005752563477e+00 -1.845965385437011719e-01 -2.191995680332183838e-01 -1.940963864326477051e-01
1.211032390594482422e+00 -1.199671268463134766e+00 1.184559822082519531e+00 -1.983291208744049072e-01 -2.168557047843933105e-01 -1.881356388330459595e-01
1.204560279846191406e+00 -1.218306064605712891e+00 1.202752351760864258e+00 -1.972399055957794189e-01 -2.192685902118682861e-01 -1.879890561103820801e-01
