1.196223855018615723e+00 -1.350237011909484863e+00 1.183488130569458008e+00 -1.345786452293395996e-01 -2.336309999227523804e-01 -1.924683153629302979e-01
1.196663856506347656e+00 -1.242106795310974121e+00 1.218955874443054199e+00 -1.266079694032669067e-01 -2.260180115699768066e-01 -1.964615732431411743e-01
1.196187376976013184e+00 -1.228097438812255859e+00 1.198594212532043457e+00 -1.299787908792495728e-01 -2.318632751703262329e-01 -1.708793938159942627e-01
1.200326442718505859e+00 -1.245197415351867676e+00 1.212051272392272949e+00 -1.284012198448181152e-01 -2.021934688091278076e-01 -1.823703497648239136e-01
1.210163116455078125e+00 -1.222983717918395996e+00 1.205571174621582031e+00 -1.268993616104125977e-01 -2.184381186962127686e-01 -1.700894832611083984e-01
1.203473091125488281e+00 -1.243475675582885742e+00 1.217456936836242676e+00 -1.208098828792572021e-01 -2.019966095685958862e-01 -1.837556213140487671e-01
1.195328712463378906e+00 -1.240900039672851562e+00 1.219889163970947266e+00 -1.121172755956649780e-01 -2.170118093490600586e-01 -1.855463683605194092e-01
1.187638759613037109e+00 -1.260926961898803711e+00 1.231401562690734863e+00 -1.122234314680099487e-01 -2.247381508350372314e-01 -1.973517686128616333e-01
1.187344789505004883e+00 -1.248635172843933105e+00 1.225701689720153809e+00 -1.227287128567695618e-01 -2.320823371410369873e-01 -1.891859769821166992e-01
1.195635676383972168e+00 -1.234168052673339844e+00 1.213577032089233398e+00 -1.293665617704391479e-01 -2.336110621690750122e-01 -1.858217716217041016e-01
1.187218666076660156e+00 -1.247949719429016113e+00 1.230539083480834961e+00 -1.261081546545028687e-01 -2.301163077354431152e-01 -1.893557012081146240e-01
