1.168437480926513672e+00 -1.160350799560546875e+00 1.196693778038024902e+00 -2.235892415046691895e-01 -1.729283928871154785e-01 -1.293869912624359131e-01
1.205013036727905273e+00 -1.224052429199218750e+00 1.202210545539855957e+00 -2.200537025928497314e-01 -1.721746176481246948e-01 -1.470587998628616333e-01
1.166208744049072266e+00 -1.305734395980834961e+00 1.205052971839904785e+00 -2.210543453693389893e-01 -1.544156223535537720e-01 -1.611773669719696045e-01
1.200568318367004395e+00 -1.228723287582397461e+00 1.200878262519836426e+00 -2.198021113872528076e-01 -1.505642086267471313e-01 -1.317399293184280396e-01
1.200214982032775879e+00 -1.237130165100097656e+00 1.209846615791320801e+00 -2.112130373716354370e-01 -1.526998281478881836e-01 -1.591373383998870850e-01
1.189198255538940430e+00 -1.253017187118530273e+00 1.220672130584716797e+00 -2.075276374816894531e-01 -1.618474274873733521e-01 -1.544579416513442993e-01
1.192655086517333984e+00 -1.254860639572143555e+00 1.215421557426452637e+00 -2.055378854274749756e-01 -1.576633453369140625e-01 -1.633128970861434937e-01
1.234054565429687500e+00 -1.175395727157592773e+00 1.164061069488525391e+00 -2.230655699968338013e-01 -1.555819064378738403e-01 -1.432394385337829590e-01
1.201718211174011230e+00 -1.223973751068115234e+00 1.202784299850463867e+00 -2.103547155857086182e-01 -1.607075333595275879e-01 -1.603917777538299561e-01
1.206110000610351562e+00 -1.228686332702636719e+00 1.201830625534057617e+00 -2.168420553207397461e-01 -1.653405427932739258e-01 -1.502765715122222900e-01
1.201252341270446777e+00 -1.231389760971069336e+00 1.213956713676452637e+00 -2.228951454162597656e-01 -1.744959652423858643e-01 -1.400910615921020508e-01
