1.199401140213012695e+00 -1.163887858390808105e+00 1.171355962753295898e+00 -2.052531540393829346e-01 -2.187345027923583984e-01 -1.899640709161758423e-01
1.228272438049316406e+00 -1.195332765579223633e+00 1.179906487464904785e+00 -2.075173854827880859e-01 -2.292726337909698486e-01 -1.864576786756515503e-01
1.216428518295288086e+00 -1.208169579505920410e+00 1.194953441619873047e+00 -2.081860303878784180e-01 -2.383275926113128662e-01 -1.803127080202102661e-01
1.231729626655578613e+00 -1.179588198661804199e+00 1.163889884948730469e+00 -2.033881098031997681e-01 -2.232412099838256836e-01 -1.705788075923919678e-01
1.214958190917968750e+00 -1.201368451118469238e+00 1.176528930664062500e+00 -1.906217187643051147e-01 -2.301691472530364990e-01 -1.771513223648071289e-01
1.217986106872558594e+00 -1.199507474899291992e+00 1.183529973030090332e+00 -2.077283263206481934e-01 -2.426844537258148193e-01 -1.635228991508483887e-01
1.227944254875183105e+00 -1.191811442375183105e+00 1.178220033645629883e+00 -2.097528874874114990e-01 -2.358177900314331055e-01 -1.761747300624847412e-01
1.202252745628356934e+00 -1.229007124900817871e+00 1.210540771484375000e+00 -2.043114006519317627e-01 -2.442968636751174927e-01 -1.873954683542251587e-01
1.216516733169555664e+00 -1.207543730735778809e+00 1.189356803894042969e+00 -2.143070250749588013e-01 -2.406640052795410156e-01 -1.805384457111358643e-01
1.223379969596862793e+00 -1.196151018142700195e+00 1.182998061180114746e+00 -2.105903327465057373e-01 -2.384408414363861084e-01 -1.791486442089080811e-01
1.219897270202636719e+00 -1.201008319854736328e+00 1.183029890060424805e+00 -2.093022018671035767e-01 -2.336877882480621338e-01 -1.877001076936721802e-01
