1.382326841354370117e+00 -1.051336526870727539e+00 1.191013216972351074e+00 -2.584961652755737305e-01 -2.066013813018798828e-01 -2.366152554750442505e-01
1.215434074401855469e+00 -1.207412242889404297e+00 1.208399176597595215e+00 -2.616083323955535889e-01 -2.469086647033691406e-01 -2.068995684385299683e-01
1.237347126007080078e+00 -1.215763449668884277e+00 1.249319314956665039e+00 -2.386357039213180542e-01 -2.104593813419342041e-01 -2.507586181163787842e-01
1.252999901771545410e+00 -1.148592233657836914e+00 1.149613499641418457e+00 -2.426524013280868530e-01 -2.314909100532531738e-01 -1.877437531948089600e-01
1.212599992752075195e+00 -1.202241420745849609e+00 1.185473203659057617e+00 -2.349255532026290894e-01 -2.299910783767700195e-01 -2.250204086303710938e-01
1.203888297080993652e+00 -1.220167994499206543e+00 1.198667168617248535e+00 -2.308646440505981445e-01 -2.403999865055084229e-01 -2.150480747222900391e-01
1.204823732376098633e+00 -1.221706986427307129e+00 1.207004785537719727e+00 -2.412919998168945312e-01 -2.311135679483413696e-01 -2.143097668886184692e-01
1.211517572402954102e+00 -1.208898544311523438e+00 1.195263743400573730e+00 -2.549509704113006592e-01 -2.411047518253326416e-01 -1.991756558418273926e-01
1.212805032730102539e+00 -1.207338571548461914e+00 1.196038246154785156e+00 -2.576256990432739258e-01 -2.339404821395874023e-01 -1.939691007137298584e-01
1.217951178550720215e+00 -1.200375795364379883e+00 1.194489479064941406e+00 -2.622498273849487305e-01 -2.351083755493164062e-01 -1.896883249282836914e-01
1.204372644424438477e+00 -1.220568299293518066e+00 1.211041331291198730e+00 -2.611764967441558838e-01 -2.358944565057754517e-01 -2.126962840557098389e-01
