1.359554767608642578e+00 -1.209483623504638672e+00 1.023571848869323730e+00 -2.329077422618865967e-01 -2.184320688247680664e-01 -1.893816739320755005e-01
1.219138622283935547e+00 -1.201339483261108398e+00 1.193183064460754395e+00 -2.080152779817581177e-01 -2.324689179658889771e-01 -1.983817815780639648e-01
1.250739097595214844e+00 -1.156330347061157227e+00 1.142442464828491211e+00 -2.098840624094009399e-01 -2.314504086971282959e-01 -2.121466398239135742e-01
1.216495752334594727e+00 -1.200744390487670898e+00 1.193906068801879883e+00 -2.140281051397323608e-01 -2.305169403553009033e-01 -2.313923835754394531e-01
1.230998396873474121e+00 -1.189167737960815430e+00 1.167281150817871094e+00 -2.243254482746124268e-01 -2.408832758665084839e-01 -2.126733958721160889e-01
1.219701051712036133e+00 -1.201847314834594727e+00 1.189420819282531738e+00 -2.070551067590713501e-01 -2.298325598239898682e-01 -2.069234997034072876e-01
1.211146354675292969e+00 -1.214509606361389160e+00 1.196131229400634766e+00 -1.960861235857009888e-01 -2.147032022476196289e-01 -1.967326104640960693e-01
1.215019583702087402e+00 -1.203904628753662109e+00 1.204162001609802246e+00 -2.007145732641220093e-01 -2.155719250440597534e-01 -2.182249575853347778e-01
1.213747262954711914e+00 -1.205766677856445312e+00 1.192194938659667969e+00 -2.093521058559417725e-01 -2.127828598022460938e-01 -2.087853848934173584e-01
1.226853132247924805e+00 -1.184370517730712891e+00 1.167097330093383789e+00 -2.120182365179061890e-01 -2.254630029201507568e-01 -1.883128434419631958e-01
1.214863300323486328e+00 -1.203882575035095215e+00 1.198643684387207031e+00 -2.010621577501296997e-01 -2.168738991022109985e-01 -2.014738619327545166e-01
