1.084195375442504883e+00 -1.258997797966003418e+00 1.313801527023315430e+00 -1.620910465717315674e-01 -2.362078726291656494e-01 -2.103832960128784180e-01
1.084639072418212891e+00 -1.259804010391235352e+00 1.313896536827087402e+00 -1.620315313339233398e-01 -2.361908107995986938e-01 -2.104631960391998291e-01
1.086127519607543945e+00 -1.261641502380371094e+00 1.313852906227111816e+00 -1.618982851505279541e-01 -2.360594868659973145e-01 -2.106818109750747681e-01
1.089935421943664551e+00 -1.266981005668640137e+00 1.313856959342956543e+00 -1.615878343582153320e-01 -2.361095547676086426e-01 -2.109058350324630737e-01
1.096628665924072266e+00 -1.284718155860900879e+00 1.318350076675415039e+00 -1.600383520126342773e-01 -2.359597384929656982e-01 -2.124069631099700928e-01
1.108489632606506348e+00 -1.315189480781555176e+00 1.327238202095031738e+00 -1.571744978427886963e-01 -2.371229678392410278e-01 -2.148190289735794067e-01
1.120477795600891113e+00 -1.340621590614318848e+00 1.325850725173950195e+00 -1.550658494234085083e-01 -2.353574037551879883e-01 -2.214270681142807007e-01
1.122200727462768555e+00 -1.340895652770996094e+00 1.327583074569702148e+00 -1.555635929107666016e-01 -2.370104044675827026e-01 -2.196766436100006104e-01
1.121209621429443359e+00 -1.342311739921569824e+00 1.328221797943115234e+00 -1.557828038930892944e-01 -2.378488034009933472e-01 -2.184037566184997559e-01
1.120006203651428223e+00 -1.344357728958129883e+00 1.327326536178588867e+00 -1.554631739854812622e-01 -2.374847084283828735e-01 -2.196112871170043945e-01
1.119786262512207031e+00 -1.345418930053710938e+00 1.327979207038879395e+00 -1.554882079362869263e-01 -2.377769052982330322e-01 -2.201324701309204102e-01
