1.231194019317626953e+00 -1.190441608428955078e+00 1.441815495491027832e+00 -1.838870197534561157e-01 -2.352292686700820923e-01 -2.085746079683303833e-01
1.230796337127685547e+00 -1.191224455833435059e+00 1.439504981040954590e+00 -1.841232776641845703e-01 -2.350018620491027832e-01 -2.083620131015777588e-01
1.229624032974243164e+00 -1.193328022956848145e+00 1.433253884315490723e+00 -1.848526000976562500e-01 -2.345692366361618042e-01 -2.075404524803161621e-01
1.227738380432128906e+00 -1.196888089179992676e+00 1.413335561752319336e+00 -1.869860738515853882e-01 -2.329982221126556396e-01 -2.053782492876052856e-01
1.227296829223632812e+00 -1.200494408607482910e+00 1.360198020935058594e+00 -1.926751434803009033e-01 -2.287985831499099731e-01 -1.996439546346664429e-01
1.227002978324890137e+00 -1.200494885444641113e+00 1.264721870422363281e+00 -2.036999166011810303e-01 -2.234461158514022827e-01 -1.850721836090087891e-01
1.218368411064147949e+00 -1.205461144447326660e+00 1.196413397789001465e+00 -2.123068273067474365e-01 -2.219212055206298828e-01 -1.717592179775238037e-01
1.219297885894775391e+00 -1.201950192451477051e+00 1.191648125648498535e+00 -2.117198407649993896e-01 -2.184653431177139282e-01 -1.754187047481536865e-01
1.220725059509277344e+00 -1.197098612785339355e+00 1.181801319122314453e+00 -2.113118916749954224e-01 -2.152184844017028809e-01 -1.786843091249465942e-01
1.224835634231567383e+00 -1.190701127052307129e+00 1.171383976936340332e+00 -2.106597423553466797e-01 -2.115838378667831421e-01 -1.827702522277832031e-01
1.226970791816711426e+00 -1.189864873886108398e+00 1.170189619064331055e+00 -2.106899470090866089e-01 -2.111946940422058105e-01 -1.835992336273193359e-01
