1.123014807701110840e+00 -1.232661366462707520e+00 1.233426213264465332e+00 -1.771665215492248535e-01 -2.653957307338714600e-01 -2.089361846446990967e-01
1.123631000518798828e+00 -1.232963919639587402e+00 1.233429789543151855e+00 -1.770812124013900757e-01 -2.652271389961242676e-01 -2.091844230890274048e-01
1.125206470489501953e+00 -1.233987927436828613e+00 1.233708977699279785e+00 -1.768593937158584595e-01 -2.649411857128143311e-01 -2.097484022378921509e-01
1.129240036010742188e+00 -1.236958742141723633e+00 1.234196901321411133e+00 -1.762960553169250488e-01 -2.639534175395965576e-01 -2.113712280988693237e-01
1.140048265457153320e+00 -1.244335412979125977e+00 1.236444592475891113e+00 -1.745101511478424072e-01 -2.617870867252349854e-01 -2.155108451843261719e-01
1.164346098899841309e+00 -1.250901103019714355e+00 1.235050559043884277e+00 -1.721286624670028687e-01 -2.579009532928466797e-01 -2.229093313217163086e-01
1.176698207855224609e+00 -1.256748795509338379e+00 1.234309434890747070e+00 -1.717688739299774170e-01 -2.576165199279785156e-01 -2.255938649177551270e-01
1.178670883178710938e+00 -1.256629228591918945e+00 1.236061453819274902e+00 -1.714968383312225342e-01 -2.574278414249420166e-01 -2.266538888216018677e-01
1.182748436927795410e+00 -1.257511734962463379e+00 1.236121773719787598e+00 -1.710844188928604126e-01 -2.567026615142822266e-01 -2.285077124834060669e-01
1.181485652923583984e+00 -1.257750749588012695e+00 1.235225558280944824e+00 -1.703830659389495850e-01 -2.557523846626281738e-01 -2.314639985561370850e-01
1.180907607078552246e+00 -1.258188962936401367e+00 1.235226392745971680e+00 -1.702653765678405762e-01 -2.557570338249206543e-01 -2.321446388959884644e-01
