1.126826405525207520e+00 -1.231011629104614258e+00 1.102829813957214355e+00 -1.982202678918838501e-01 -2.194736748933792114e-01 -1.863105446100234985e-01
1.127439975738525391e+00 -1.231255650520324707e+00 1.104260444641113281e+00 -1.981107890605926514e-01 -2.197408080101013184e-01 -1.863470077514648438e-01
1.129237651824951172e+00 -1.231871724128723145e+00 1.108151912689208984e+00 -1.976612061262130737e-01 -2.201126068830490112e-01 -1.869273185729980469e-01
1.134552121162414551e+00 -1.232912063598632812e+00 1.118628978729248047e+00 -1.966684758663177490e-01 -2.217025607824325562e-01 -1.876149326562881470e-01
1.146645069122314453e+00 -1.238234162330627441e+00 1.146755337715148926e+00 -1.930489540100097656e-01 -2.246108055114746094e-01 -1.913205683231353760e-01
1.168648481369018555e+00 -1.240026116371154785e+00 1.190573811531066895e+00 -1.884682029485702515e-01 -2.321770787239074707e-01 -1.917212903499603271e-01
1.190329432487487793e+00 -1.233610987663269043e+00 1.204771161079406738e+00 -1.860446184873580933e-01 -2.326385676860809326e-01 -1.924759745597839355e-01
1.200209975242614746e+00 -1.227887392044067383e+00 1.211828827857971191e+00 -1.850911080837249756e-01 -2.334116697311401367e-01 -1.932257860898971558e-01
1.199263334274291992e+00 -1.226817250251770020e+00 1.211699128150939941e+00 -1.848479062318801880e-01 -2.330207377672195435e-01 -1.940902024507522583e-01
1.201116561889648438e+00 -1.227700352668762207e+00 1.209878206253051758e+00 -1.846145838499069214e-01 -2.326188832521438599e-01 -1.949882358312606812e-01
1.202206254005432129e+00 -1.225327968597412109e+00 1.207278251647949219e+00 -1.847203671932220459e-01 -2.319655865430831909e-01 -1.952070742845535278e-01
