1.065198183059692383e+00 -1.284669280052185059e+00 1.390365362167358398e+00 -1.850175708532333374e-01 -2.530428767204284668e-01 -2.054814696311950684e-01
1.066970229148864746e+00 -1.283790469169616699e+00 1.388135433197021484e+00 -1.852876394987106323e-01 -2.528096735477447510e-01 -2.054663151502609253e-01
1.071794152259826660e+00 -1.281400203704833984e+00 1.381991267204284668e+00 -1.860044300556182861e-01 -2.521049976348876953e-01 -2.054927051067352295e-01
1.084778547286987305e+00 -1.274980306625366211e+00 1.365364670753479004e+00 -1.876949220895767212e-01 -2.501219213008880615e-01 -2.058623284101486206e-01
1.117836594581604004e+00 -1.258007287979125977e+00 1.323241472244262695e+00 -1.924116611480712891e-01 -2.467083632946014404e-01 -2.025315761566162109e-01
1.172382593154907227e+00 -1.229595780372619629e+00 1.250608086585998535e+00 -1.972595602273941040e-01 -2.404797375202178955e-01 -1.978335380554199219e-01
1.207604408264160156e+00 -1.209532260894775391e+00 1.199951887130737305e+00 -1.958653926849365234e-01 -2.319430857896804810e-01 -1.986201256513595581e-01
1.211511135101318359e+00 -1.210656285285949707e+00 1.194238543510437012e+00 -1.931351423263549805e-01 -2.298463732004165649e-01 -2.038954496383666992e-01
1.214253306388854980e+00 -1.207828521728515625e+00 1.191566109657287598e+00 -1.925025284290313721e-01 -2.321799993515014648e-01 -2.030551731586456299e-01
1.216030120849609375e+00 -1.205356597900390625e+00 1.187949061393737793e+00 -1.900991499423980713e-01 -2.338488250970840454e-01 -2.031018435955047607e-01
1.216313004493713379e+00 -1.204752445220947266e+00 1.188099622726440430e+00 -1.878750920295715332e-01 -2.340038716793060303e-01 -2.037848234176635742e-01
