1.257848739624023438e+00 -1.238815903663635254e+00 1.181954026222229004e+00 -2.135770618915557861e-01 -2.374192178249359131e-01 -1.560813486576080322e-01
1.257227063179016113e+00 -1.238677620887756348e+00 1.182269334793090820e+00 -2.135502994060516357e-01 -2.373431026935577393e-01 -1.564053595066070557e-01
1.255576968193054199e+00 -1.238228559494018555e+00 1.183049678802490234e+00 -2.135645002126693726e-01 -2.370334416627883911e-01 -1.572017967700958252e-01
1.251356124877929688e+00 -1.236392736434936523e+00 1.184528708457946777e+00 -2.131997197866439819e-01 -2.365859299898147583e-01 -1.597903221845626831e-01
1.239588856697082520e+00 -1.233820080757141113e+00 1.190560936927795410e+00 -2.125912308692932129e-01 -2.351483851671218872e-01 -1.634574830532073975e-01
1.218781828880310059e+00 -1.227635741233825684e+00 1.199314355850219727e+00 -2.102308869361877441e-01 -2.321458905935287476e-01 -1.767895668745040894e-01
1.202581763267517090e+00 -1.228428125381469727e+00 1.208207368850708008e+00 -2.060713320970535278e-01 -2.317740023136138916e-01 -1.831737160682678223e-01
1.201647996902465820e+00 -1.225490093231201172e+00 1.209206342697143555e+00 -2.014197409152984619e-01 -2.303557097911834717e-01 -1.886524260044097900e-01
1.200605392456054688e+00 -1.226889967918395996e+00 1.208990812301635742e+00 -1.948634535074234009e-01 -2.277453243732452393e-01 -1.967398524284362793e-01
1.201438903808593750e+00 -1.226604342460632324e+00 1.209898829460144043e+00 -1.908653974533081055e-01 -2.276288270950317383e-01 -2.015998512506484985e-01
1.201163768768310547e+00 -1.226949095726013184e+00 1.209682583808898926e+00 -1.859338432550430298e-01 -2.275681197643280029e-01 -2.058534920215606689e-01
