1.208961844444274902e+00 -1.219043254852294922e+00 1.199826002120971680e+00 -2.122037708759307861e-01 -2.229833602905273438e-01 -1.989213824272155762e-01
1.208896636962890625e+00 -1.219101548194885254e+00 1.199903368949890137e+00 -2.121441364288330078e-01 -2.230000346899032593e-01 -1.989883929491043091e-01
1.208726763725280762e+00 -1.219245433807373047e+00 1.200101137161254883e+00 -2.120004892349243164e-01 -2.230311781167984009e-01 -1.991756111383438110e-01
1.208073973655700684e+00 -1.219943881034851074e+00 1.200954794883728027e+00 -2.114384323358535767e-01 -2.232392281293869019e-01 -1.998713463544845581e-01
1.206797480583190918e+00 -1.221120238304138184e+00 1.202525258064270020e+00 -2.098608613014221191e-01 -2.238612473011016846e-01 -2.012947499752044678e-01
1.204878211021423340e+00 -1.222473025321960449e+00 1.204656243324279785e+00 -2.077967673540115356e-01 -2.245541512966156006e-01 -2.039623856544494629e-01
1.202744007110595703e+00 -1.225225687026977539e+00 1.208135485649108887e+00 -2.025838941335678101e-01 -2.261676788330078125e-01 -2.103535681962966919e-01
1.201053619384765625e+00 -1.227953076362609863e+00 1.210224866867065430e+00 -1.987431198358535767e-01 -2.277893424034118652e-01 -2.147880047559738159e-01
1.199775695800781250e+00 -1.229817986488342285e+00 1.212682008743286133e+00 -1.953989714384078979e-01 -2.290081381797790527e-01 -2.168557047843933105e-01
1.199085831642150879e+00 -1.230841755867004395e+00 1.213420510292053223e+00 -1.933583468198776245e-01 -2.297893464565277100e-01 -2.168700546026229858e-01
1.198095917701721191e+00 -1.232321262359619141e+00 1.214227557182312012e+00 -1.899780333042144775e-01 -2.312110364437103271e-01 -2.193965613842010498e-01
