1.217875838279724121e+00 -1.240588545799255371e+00 1.159107327461242676e+00 -2.118773013353347778e-01 -2.116838693618774414e-01 -1.993262171745300293e-01
1.217722773551940918e+00 -1.240406990051269531e+00 1.159622788429260254e+00 -2.118347883224487305e-01 -2.117642015218734741e-01 -1.992750167846679688e-01
1.217262983322143555e+00 -1.239959120750427246e+00 1.161082029342651367e+00 -2.117189019918441772e-01 -2.119725048542022705e-01 -1.992468088865280151e-01
1.216337323188781738e+00 -1.238197922706604004e+00 1.164617180824279785e+00 -2.112021148204803467e-01 -2.130042910575866699e-01 -1.982633620500564575e-01
1.213385581970214844e+00 -1.234697937965393066e+00 1.174450397491455078e+00 -2.110524475574493408e-01 -2.135004699230194092e-01 -1.990554332733154297e-01
1.208698868751525879e+00 -1.227184414863586426e+00 1.190639853477478027e+00 -2.100878357887268066e-01 -2.172761261463165283e-01 -1.967247128486633301e-01
1.205582857131958008e+00 -1.223185539245605469e+00 1.202192425727844238e+00 -2.120307087898254395e-01 -2.208937406539916992e-01 -1.991632729768753052e-01
1.205366492271423340e+00 -1.222118496894836426e+00 1.203967094421386719e+00 -2.117438167333602905e-01 -2.217891663312911987e-01 -2.011184990406036377e-01
1.204553127288818359e+00 -1.222259640693664551e+00 1.204920887947082520e+00 -2.110471576452255249e-01 -2.216207534074783325e-01 -2.026411890983581543e-01
1.204309344291687012e+00 -1.222809791564941406e+00 1.205496311187744141e+00 -2.108110785484313965e-01 -2.215126901865005493e-01 -2.031023800373077393e-01
1.204025626182556152e+00 -1.223530173301696777e+00 1.205646872520446777e+00 -2.092768251895904541e-01 -2.198157608509063721e-01 -2.055718898773193359e-01
