1.195106387138366699e+00 -1.229818582534790039e+00 1.199210762977600098e+00 -2.039483934640884399e-01 -2.155052274465560913e-01 -1.999757438898086548e-01
1.195189476013183594e+00 -1.229764938354492188e+00 1.199309587478637695e+00 -2.039441615343093872e-01 -2.155334949493408203e-01 -1.999635696411132812e-01
1.195420503616333008e+00 -1.229609489440917969e+00 1.199582695960998535e+00 -2.039439231157302856e-01 -2.156223058700561523e-01 -1.999308764934539795e-01
1.196032047271728516e+00 -1.229224085807800293e+00 1.200278878211975098e+00 -2.038666605949401855e-01 -2.156048566102981567e-01 -1.998797804117202759e-01
1.197457075119018555e+00 -1.228452205657958984e+00 1.202520608901977539e+00 -2.038362175226211548e-01 -2.160915434360504150e-01 -1.999740898609161377e-01
1.200260519981384277e+00 -1.226366877555847168e+00 1.205221891403198242e+00 -2.040321826934814453e-01 -2.172799557447433472e-01 -1.988729238510131836e-01
1.201924920082092285e+00 -1.225610256195068359e+00 1.208550691604614258e+00 -2.042952924966812134e-01 -2.182453274726867676e-01 -1.967743635177612305e-01
1.202240109443664551e+00 -1.225472450256347656e+00 1.209573626518249512e+00 -2.034412920475006104e-01 -2.187333703041076660e-01 -1.967372000217437744e-01
1.202080607414245605e+00 -1.226007580757141113e+00 1.209807395935058594e+00 -2.024472206830978394e-01 -2.188330441713333130e-01 -1.970630735158920288e-01
1.202647089958190918e+00 -1.224876046180725098e+00 1.209494948387145996e+00 -2.019618153572082520e-01 -2.188135683536529541e-01 -1.957540363073348999e-01
1.201997756958007812e+00 -1.226074218750000000e+00 1.209647893905639648e+00 -2.013944983482360840e-01 -2.186295688152313232e-01 -1.950993835926055908e-01
