9.978789687156677246e-01 -1.245612978935241699e+00 1.260899424552917480e+00 -2.374009042978286743e-01 -2.097257971763610840e-01 -1.753569543361663818e-01
1.000166535377502441e+00 -1.245393157005310059e+00 1.260316967964172363e+00 -2.373831868171691895e-01 -2.096555233001708984e-01 -1.755858957767486572e-01
1.006483793258666992e+00 -1.244711399078369141e+00 1.258621931076049805e+00 -2.373804301023483276e-01 -2.094839215278625488e-01 -1.760618835687637329e-01
1.023459553718566895e+00 -1.243144989013671875e+00 1.254414916038513184e+00 -2.374423444271087646e-01 -2.095613330602645874e-01 -1.771739423274993896e-01
1.067402958869934082e+00 -1.238090753555297852e+00 1.242721199989318848e+00 -2.373340427875518799e-01 -2.098653912544250488e-01 -1.797459572553634644e-01
1.144712328910827637e+00 -1.227941036224365234e+00 1.220233321189880371e+00 -2.344738692045211792e-01 -2.040617465972900391e-01 -1.950151026248931885e-01
1.190575957298278809e+00 -1.223277091979980469e+00 1.207297801971435547e+00 -2.319207340478897095e-01 -2.050801664590835571e-01 -1.894812285900115967e-01
1.203338623046875000e+00 -1.221959352493286133e+00 1.204006791114807129e+00 -2.279169261455535889e-01 -2.002870887517929077e-01 -1.926517188549041748e-01
1.205168724060058594e+00 -1.220901846885681152e+00 1.202509760856628418e+00 -2.245262116193771362e-01 -1.965298503637313843e-01 -1.950904577970504761e-01
1.207173109054565430e+00 -1.218242645263671875e+00 1.200379848480224609e+00 -2.232211679220199585e-01 -1.944372951984405518e-01 -1.945934295654296875e-01
1.207116484642028809e+00 -1.218324780464172363e+00 1.199648857116699219e+00 -2.213990241289138794e-01 -1.916817575693130493e-01 -1.949637085199356079e-01
