1.141505599021911621e+00 -1.048252820968627930e+00 1.121077418327331543e+00 -2.285004109144210815e-01 -2.140576690435409546e-01 -1.652119904756546021e-01
1.142282724380493164e+00 -1.050039649009704590e+00 1.121888399124145508e+00 -2.282540202140808105e-01 -2.140516489744186401e-01 -1.657252609729766846e-01
1.144445180892944336e+00 -1.054893851280212402e+00 1.124062776565551758e+00 -2.275432348251342773e-01 -2.139862775802612305e-01 -1.671198606491088867e-01
1.150119423866271973e+00 -1.068359255790710449e+00 1.130241751670837402e+00 -2.255726605653762817e-01 -2.140071392059326172e-01 -1.709313094615936279e-01
1.164726734161376953e+00 -1.102483749389648438e+00 1.145519375801086426e+00 -2.200473248958587646e-01 -2.135439664125442505e-01 -1.814544498920440674e-01
1.191133260726928711e+00 -1.164316058158874512e+00 1.175146222114562988e+00 -2.041206061840057373e-01 -2.070358991622924805e-01 -2.199943810701370239e-01
1.203844904899597168e+00 -1.206330180168151855e+00 1.195034027099609375e+00 -2.033979743719100952e-01 -2.274082452058792114e-01 -2.033726572990417480e-01
1.210409760475158691e+00 -1.210592269897460938e+00 1.194398760795593262e+00 -2.039413452148437500e-01 -2.266243249177932739e-01 -2.029645591974258423e-01
1.210035681724548340e+00 -1.213515758514404297e+00 1.196944236755371094e+00 -2.030403912067413330e-01 -2.254802584648132324e-01 -2.051078081130981445e-01
1.209826111793518066e+00 -1.214077115058898926e+00 1.197680592536926270e+00 -2.035324126482009888e-01 -2.242825180292129517e-01 -2.052116990089416504e-01
1.209736704826354980e+00 -1.214201331138610840e+00 1.196849346160888672e+00 -2.039290219545364380e-01 -2.238463014364242554e-01 -2.048785090446472168e-01
