1.422881603240966797e+00 -1.199873447418212891e+00 1.405637979507446289e+00 -1.802763342857360840e-01 -2.426608055830001831e-01 -2.174206078052520752e-01
1.420753359794616699e+00 -1.199831604957580566e+00 1.403070330619812012e+00 -1.806262582540512085e-01 -2.424848377704620361e-01 -2.170520573854446411e-01
1.414733052253723145e+00 -1.200008511543273926e+00 1.396364092826843262e+00 -1.815059334039688110e-01 -2.420381903648376465e-01 -2.160659283399581909e-01
1.398051142692565918e+00 -1.200574398040771484e+00 1.378044247627258301e+00 -1.835275739431381226e-01 -2.409870028495788574e-01 -2.137974351644515991e-01
1.357153058052062988e+00 -1.199068069458007812e+00 1.329520344734191895e+00 -1.896634101867675781e-01 -2.401560544967651367e-01 -2.034307420253753662e-01
1.279714345932006836e+00 -1.204710364341735840e+00 1.253015995025634766e+00 -1.947786957025527954e-01 -2.343060076236724854e-01 -2.100673317909240723e-01
1.229300856590270996e+00 -1.204890251159667969e+00 1.203259706497192383e+00 -2.052992582321166992e-01 -2.263692319393157959e-01 -1.968250870704650879e-01
1.215412855148315430e+00 -1.209170103073120117e+00 1.194684982299804688e+00 -2.036671638488769531e-01 -2.227479666471481323e-01 -1.942401528358459473e-01
1.214757442474365234e+00 -1.208792924880981445e+00 1.191988706588745117e+00 -2.004868388175964355e-01 -2.236258685588836670e-01 -1.960418373346328735e-01
1.215314865112304688e+00 -1.206864595413208008e+00 1.190268754959106445e+00 -1.986472755670547485e-01 -2.238171398639678955e-01 -1.978350877761840820e-01
1.215353727340698242e+00 -1.206712245941162109e+00 1.190349936485290527e+00 -1.983956992626190186e-01 -2.242415398359298706e-01 -1.990229040384292603e-01
