1.171524047851562500e+00 -1.199335932731628418e+00 1.151291608810424805e+00 -1.972453892230987549e-01 -2.638658583164215088e-01 -1.379503011703491211e-01
1.221329092979431152e+00 -1.190460562705993652e+00 1.173195123672485352e+00 -1.938700377941131592e-01 -2.695676684379577637e-01 -1.410619020462036133e-01
1.233259677886962891e+00 -1.162474751472473145e+00 1.144931197166442871e+00 -2.111718207597732544e-01 -2.850146889686584473e-01 -1.396264135837554932e-01
1.238177537918090820e+00 -1.172881960868835449e+00 1.156772375106811523e+00 -1.985188722610473633e-01 -2.865520417690277100e-01 -1.590918004512786865e-01
1.231210231781005859e+00 -1.155974149703979492e+00 1.129250645637512207e+00 -2.107860445976257324e-01 -2.872627079486846924e-01 -1.238337606191635132e-01
1.221294760704040527e+00 -1.202081918716430664e+00 1.176942229270935059e+00 -1.998629719018936157e-01 -2.770323753356933594e-01 -1.574493348598480225e-01
1.197727560997009277e+00 -1.224331259727478027e+00 1.203696131706237793e+00 -1.896731704473495483e-01 -2.787820696830749512e-01 -1.609615087509155273e-01
1.214549303054809570e+00 -1.206812977790832520e+00 1.188944697380065918e+00 -1.965819150209426880e-01 -2.761398255825042725e-01 -1.591474115848541260e-01
1.216662645339965820e+00 -1.207348942756652832e+00 1.185683369636535645e+00 -1.942560076713562012e-01 -2.794652283191680908e-01 -1.595717668533325195e-01
1.213112711906433105e+00 -1.215130209922790527e+00 1.193535804748535156e+00 -1.992375701665878296e-01 -2.750841379165649414e-01 -1.577582359313964844e-01
1.217100620269775391e+00 -1.194559335708618164e+00 1.179934978485107422e+00 -1.964687258005142212e-01 -2.762421071529388428e-01 -1.480127871036529541e-01
