1.191275954246520996e+00 -1.247799277305603027e+00 1.177173733711242676e+00 -1.790441125631332397e-01 -1.541894227266311646e-01 -2.689056396484375000e-01
1.208442449569702148e+00 -1.224064111709594727e+00 1.210791110992431641e+00 -1.834663748741149902e-01 -1.654547005891799927e-01 -2.570622265338897705e-01
1.247679710388183594e+00 -1.178868055343627930e+00 1.185025811195373535e+00 -1.744402945041656494e-01 -1.900533437728881836e-01 -1.615201383829116821e-01
1.141162276268005371e+00 -1.315638661384582520e+00 1.316568017005920410e+00 -1.698089689016342163e-01 -1.920123398303985596e-01 -2.325871288776397705e-01
1.093226552009582520e+00 -1.385665774345397949e+00 1.376213312149047852e+00 -1.436501592397689819e-01 -2.007901519536972046e-01 -2.753530740737915039e-01
1.148154973983764648e+00 -1.307890415191650391e+00 1.301838159561157227e+00 -1.650502085685729980e-01 -2.013848125934600830e-01 -2.542698681354522705e-01
1.154308319091796875e+00 -1.302117466926574707e+00 1.285860538482666016e+00 -1.602845042943954468e-01 -1.864208877086639404e-01 -2.641555964946746826e-01
1.221398353576660156e+00 -1.202383279800415039e+00 1.191219091415405273e+00 -1.733487248420715332e-01 -1.638914197683334351e-01 -2.481950223445892334e-01
1.217241048812866211e+00 -1.214846253395080566e+00 1.197414517402648926e+00 -1.744945794343948364e-01 -1.641733348369598389e-01 -2.605134546756744385e-01
1.206488132476806641e+00 -1.222996711730957031e+00 1.205781102180480957e+00 -1.794316470623016357e-01 -1.655491739511489868e-01 -2.545258104801177979e-01
1.200825214385986328e+00 -1.233301758766174316e+00 1.221761226654052734e+00 -1.778434664011001587e-01 -1.654640138149261475e-01 -2.545130252838134766e-01
