1.227646708488464355e+00 -1.186303973197937012e+00 1.213000178337097168e+00 -1.996658295392990112e-01 -2.109257876873016357e-01 -1.980014294385910034e-01
1.227773427963256836e+00 -1.199923157691955566e+00 1.198406100273132324e+00 -2.020596861839294434e-01 -2.108897268772125244e-01 -1.974816918373107910e-01
1.243256926536560059e+00 -1.164954900741577148e+00 1.153063535690307617e+00 -2.075214087963104248e-01 -2.198736518621444702e-01 -1.725447922945022583e-01
1.190490841865539551e+00 -1.242720603942871094e+00 1.218983888626098633e+00 -1.924761533737182617e-01 -2.253396809101104736e-01 -1.800219565629959106e-01
1.201543927192687988e+00 -1.221360564231872559e+00 1.199995279312133789e+00 -2.015965878963470459e-01 -2.323555350303649902e-01 -1.609538793563842773e-01
1.197245836257934570e+00 -1.231697201728820801e+00 1.231986522674560547e+00 -2.098250687122344971e-01 -2.275946140289306641e-01 -1.706619858741760254e-01
1.215842366218566895e+00 -1.215963125228881836e+00 1.211514353752136230e+00 -2.092750966548919678e-01 -2.392107397317886353e-01 -1.709648370742797852e-01
1.212184190750122070e+00 -1.217584729194641113e+00 1.218629479408264160e+00 -1.956783682107925415e-01 -2.220357358455657959e-01 -1.917871385812759399e-01
1.236459374427795410e+00 -1.179430127143859863e+00 1.164736390113830566e+00 -2.140503227710723877e-01 -2.173275649547576904e-01 -1.913739442825317383e-01
1.232622146606445312e+00 -1.183339118957519531e+00 1.166211605072021484e+00 -2.142895162105560303e-01 -2.216325551271438599e-01 -1.998722404241561890e-01
1.227426886558532715e+00 -1.194522023200988770e+00 1.186355948448181152e+00 -2.164486944675445557e-01 -2.213007509708404541e-01 -1.869852989912033081e-01
