1.333308100700378418e+00 -1.375865101814270020e+00 1.311376214027404785e+00 -1.827313303947448730e-01 -2.165754586458206177e-01 -2.425418049097061157e-01
1.206858158111572266e+00 -1.235135793685913086e+00 1.225035190582275391e+00 -1.937081515789031982e-01 -2.285318225622177124e-01 -1.911123991012573242e-01
1.190937161445617676e+00 -1.257792830467224121e+00 1.257632613182067871e+00 -1.787029057741165161e-01 -2.071430087089538574e-01 -2.305582761764526367e-01
1.085055589675903320e+00 -1.385233879089355469e+00 1.376340270042419434e+00 -1.711803078651428223e-01 -2.465258538722991943e-01 -2.241415977478027344e-01
1.080766320228576660e+00 -1.382074594497680664e+00 1.371638178825378418e+00 -1.679192930459976196e-01 -2.444139719009399414e-01 -2.142224311828613281e-01
1.158753991127014160e+00 -1.316928267478942871e+00 1.292568564414978027e+00 -1.792836040258407593e-01 -2.413316667079925537e-01 -1.901530772447586060e-01
1.132698059082031250e+00 -1.329014420509338379e+00 1.320380449295043945e+00 -1.728302240371704102e-01 -2.402102351188659668e-01 -1.958363354206085205e-01
1.193021774291992188e+00 -1.243272185325622559e+00 1.225919127464294434e+00 -1.999985724687576294e-01 -2.264399826526641846e-01 -1.937067955732345581e-01
1.171730756759643555e+00 -1.273864984512329102e+00 1.259711623191833496e+00 -1.922549307346343994e-01 -2.184531986713409424e-01 -1.961670517921447754e-01
1.161494135856628418e+00 -1.291862249374389648e+00 1.280721068382263184e+00 -1.897601038217544556e-01 -2.258019000291824341e-01 -2.019446641206741333e-01
1.201263666152954102e+00 -1.234457612037658691e+00 1.222303152084350586e+00 -1.969822645187377930e-01 -2.263437509536743164e-01 -1.927183866500854492e-01
