1.139196515083312988e+00 -1.240185022354125977e+00 1.233150959014892578e+00 -2.051111012697219849e-01 -2.222705632448196411e-01 -2.059222012758255005e-01
1.139760375022888184e+00 -1.240233063697814941e+00 1.233094096183776855e+00 -2.050726711750030518e-01 -2.223196029663085938e-01 -2.059908658266067505e-01
1.141289234161376953e+00 -1.240386128425598145e+00 1.232964515686035156e+00 -2.049903571605682373e-01 -2.224743664264678955e-01 -2.061607092618942261e-01
1.145234584808349609e+00 -1.241068005561828613e+00 1.232886075973510742e+00 -2.046959251165390015e-01 -2.230984568595886230e-01 -2.065753787755966187e-01
1.155196785926818848e+00 -1.242981791496276855e+00 1.232847809791564941e+00 -2.035867720842361450e-01 -2.245219051837921143e-01 -2.074597179889678955e-01
1.174090147018432617e+00 -1.244278907775878906e+00 1.230712652206420898e+00 -2.016041129827499390e-01 -2.277536988258361816e-01 -2.082750201225280762e-01
1.184669852256774902e+00 -1.246619105339050293e+00 1.230509638786315918e+00 -1.977017223834991455e-01 -2.330176234245300293e-01 -2.083432823419570923e-01
1.186515092849731445e+00 -1.248167634010314941e+00 1.231864571571350098e+00 -1.926337182521820068e-01 -2.386798560619354248e-01 -2.068245410919189453e-01
1.186977744102478027e+00 -1.248088717460632324e+00 1.231780648231506348e+00 -1.864131689071655273e-01 -2.419650256633758545e-01 -2.072348594665527344e-01
1.187777757644653320e+00 -1.247061848640441895e+00 1.230354547500610352e+00 -1.803606003522872925e-01 -2.445188015699386597e-01 -2.085265815258026123e-01
1.188959598541259766e+00 -1.246140122413635254e+00 1.229383349418640137e+00 -1.750061064958572388e-01 -2.469868361949920654e-01 -2.099287658929824829e-01
