1.308389663696289062e+00 -1.310353994369506836e+00 1.343421101570129395e+00 -1.556762307882308960e-01 -2.134209275245666504e-01 -2.222990393638610840e-01
1.307314634323120117e+00 -1.309394478797912598e+00 1.341923356056213379e+00 -1.558363139629364014e-01 -2.138505280017852783e-01 -2.220185101032257080e-01
1.304374575614929199e+00 -1.306763887405395508e+00 1.337817072868347168e+00 -1.562704145908355713e-01 -2.149986326694488525e-01 -2.212392091751098633e-01
1.296699285507202148e+00 -1.299137592315673828e+00 1.326203942298889160e+00 -1.570861339569091797e-01 -2.177611887454986572e-01 -2.189152389764785767e-01
1.276946663856506348e+00 -1.279154419898986816e+00 1.295961141586303711e+00 -1.583770960569381714e-01 -2.229117155075073242e-01 -2.124069333076477051e-01
1.239810705184936523e+00 -1.245338678359985352e+00 1.243281245231628418e+00 -1.598407626152038574e-01 -2.291868627071380615e-01 -2.037980258464813232e-01
1.214468121528625488e+00 -1.224029898643493652e+00 1.210480332374572754e+00 -1.716549396514892578e-01 -2.333558648824691772e-01 -2.010942101478576660e-01
1.207806587219238281e+00 -1.220619320869445801e+00 1.204391717910766602e+00 -1.805571168661117554e-01 -2.366614341735839844e-01 -2.027002125978469849e-01
1.206689715385437012e+00 -1.219967007637023926e+00 1.203238725662231445e+00 -1.817201822996139526e-01 -2.414296269416809082e-01 -2.030326873064041138e-01
1.206524968147277832e+00 -1.219099044799804688e+00 1.202258586883544922e+00 -1.803750395774841309e-01 -2.452238053083419800e-01 -2.048074454069137573e-01
1.207192182540893555e+00 -1.218235135078430176e+00 1.201962709426879883e+00 -1.812587976455688477e-01 -2.467399090528488159e-01 -2.075927257537841797e-01
