1.385780334472656250e+00 -1.303763508796691895e+00 1.012658119201660156e+00 -2.297073155641555786e-01 -1.932539790868759155e-01 -2.457625418901443481e-01
1.383901357650756836e+00 -1.302822232246398926e+00 1.014781117439270020e+00 -2.301837503910064697e-01 -1.937965005636215210e-01 -2.453884482383728027e-01
1.378838062286376953e+00 -1.300050497055053711e+00 1.020548939704895020e+00 -2.316398918628692627e-01 -1.953300833702087402e-01 -2.443533092737197876e-01
1.365358233451843262e+00 -1.292017579078674316e+00 1.035385370254516602e+00 -2.357724159955978394e-01 -1.988445669412612915e-01 -2.416504025459289551e-01
1.330314636230468750e+00 -1.272772192955017090e+00 1.072352290153503418e+00 -2.429981380701065063e-01 -2.057456225156784058e-01 -2.360740154981613159e-01
1.264509201049804688e+00 -1.240542531013488770e+00 1.141343593597412109e+00 -2.500371634960174561e-01 -2.246049493551254272e-01 -2.250985056161880493e-01
1.218891263008117676e+00 -1.223147988319396973e+00 1.188854575157165527e+00 -2.452866584062576294e-01 -2.399836182594299316e-01 -2.137798964977264404e-01
1.207068681716918945e+00 -1.221681237220764160e+00 1.202057600021362305e+00 -2.413653433322906494e-01 -2.438797205686569214e-01 -2.117462754249572754e-01
1.205601215362548828e+00 -1.221642017364501953e+00 1.203746080398559570e+00 -2.425554543733596802e-01 -2.434857040643692017e-01 -2.151593118906021118e-01
1.205125570297241211e+00 -1.221831440925598145e+00 1.204035043716430664e+00 -2.447424829006195068e-01 -2.455207556486129761e-01 -2.179026454687118530e-01
1.204203367233276367e+00 -1.222772717475891113e+00 1.205331325531005859e+00 -2.443202883005142212e-01 -2.506855130195617676e-01 -2.176525592803955078e-01
