1.178361773490905762e+00 -1.186496376991271973e+00 1.382049679756164551e+00 -1.235578879714012146e-01 -2.848475575447082520e-01 -1.655087471008300781e-01
1.178281784057617188e+00 -1.187516093254089355e+00 1.380744338035583496e+00 -1.237054467201232910e-01 -2.845515608787536621e-01 -1.656503379344940186e-01
1.178064703941345215e+00 -1.190305471420288086e+00 1.377157330513000488e+00 -1.241365820169448853e-01 -2.837813794612884521e-01 -1.660121828317642212e-01
1.177550554275512695e+00 -1.197674751281738281e+00 1.367186546325683594e+00 -1.253771781921386719e-01 -2.816364169120788574e-01 -1.672562062740325928e-01
1.175916671752929688e+00 -1.216718435287475586e+00 1.342147350311279297e+00 -1.282246261835098267e-01 -2.761945724487304688e-01 -1.709042191505432129e-01
1.172229766845703125e+00 -1.250856876373291016e+00 1.299236059188842773e+00 -1.362135857343673706e-01 -2.653415203094482422e-01 -1.751633882522583008e-01
1.168196558952331543e+00 -1.274168014526367188e+00 1.271748423576354980e+00 -1.502045691013336182e-01 -2.521298527717590332e-01 -1.793525964021682739e-01
1.169559001922607422e+00 -1.276140570640563965e+00 1.262657046318054199e+00 -1.603094339370727539e-01 -2.485982626676559448e-01 -1.799591183662414551e-01
1.170708894729614258e+00 -1.275042414665222168e+00 1.259843826293945312e+00 -1.652624160051345825e-01 -2.498247027397155762e-01 -1.795940250158309937e-01
1.171387434005737305e+00 -1.274386644363403320e+00 1.259199142456054688e+00 -1.699127852916717529e-01 -2.496858090162277222e-01 -1.800445616245269775e-01
1.171266794204711914e+00 -1.274453997611999512e+00 1.258389592170715332e+00 -1.766457706689834595e-01 -2.471751272678375244e-01 -1.815278977155685425e-01
