1.157288193702697754e+00 -1.260942935943603516e+00 1.172283291816711426e+00 -1.934393495321273804e-01 -2.465717643499374390e-01 -2.697617113590240479e-01
1.415849685668945312e+00 -1.163243770599365234e+00 1.108211040496826172e+00 -2.116671949625015259e-01 -2.799232006072998047e-01 -2.424443960189819336e-01
1.480609297752380371e+00 -1.210366845130920410e+00 9.410399198532104492e-01 -2.245426476001739502e-01 -2.784898877143859863e-01 -2.255788445472717285e-01
1.447088837623596191e+00 -1.280526757240295410e+00 7.956999540328979492e-01 -2.258682250976562500e-01 -2.880091369152069092e-01 -1.940020471811294556e-01
1.367768883705139160e+00 -1.392931103706359863e+00 7.495431303977966309e-01 -2.341464310884475708e-01 -2.606429755687713623e-01 -2.324333935976028442e-01
1.261030316352844238e+00 -1.436799526214599609e+00 8.221438527107238770e-01 -2.368139773607254028e-01 -2.613064050674438477e-01 -2.296259850263595581e-01
1.227169275283813477e+00 -1.411678433418273926e+00 9.548430442810058594e-01 -2.314661443233489990e-01 -2.665309607982635498e-01 -2.308714091777801514e-01
1.281248569488525391e+00 -1.290337681770324707e+00 1.019910573959350586e+00 -2.243586182594299316e-01 -2.769852578639984131e-01 -2.228539735078811646e-01
1.391064643859863281e+00 -1.251988172531127930e+00 9.926086068153381348e-01 -2.238532304763793945e-01 -2.800892889499664307e-01 -2.164468914270401001e-01
1.410779118537902832e+00 -1.277653336524963379e+00 9.099309444427490234e-01 -2.287257909774780273e-01 -2.850302755832672119e-01 -2.002344727516174316e-01
