1.147879004478454590e+00 -1.282817244529724121e+00 1.096950531005859375e+00 -1.944320350885391235e-01 -2.278843820095062256e-01 -1.994454413652420044e-01
1.220652341842651367e+00 -1.194838285446166992e+00 1.184041261672973633e+00 -1.999921053647994995e-01 -2.458027005195617676e-01 -2.156959921121597290e-01
1.270756125450134277e+00 -1.117015004158020020e+00 1.103084444999694824e+00 -1.923950016498565674e-01 -2.483210265636444092e-01 -2.091447710990905762e-01
1.240360021591186523e+00 -1.171743750572204590e+00 1.154665231704711914e+00 -1.891273707151412964e-01 -2.428205907344818115e-01 -2.116443663835525513e-01
1.264584422111511230e+00 -1.118321657180786133e+00 1.109574913978576660e+00 -2.011342346668243408e-01 -2.431020140647888184e-01 -1.992578506469726562e-01
1.261741280555725098e+00 -1.129236578941345215e+00 1.116514325141906738e+00 -1.832102984189987183e-01 -2.442291826009750366e-01 -2.098098397254943848e-01
1.249600172042846680e+00 -1.148234367370605469e+00 1.137330651283264160e+00 -1.936471313238143921e-01 -2.418816834688186646e-01 -1.966790705919265747e-01
1.242476701736450195e+00 -1.163818359375000000e+00 1.150162339210510254e+00 -1.976939588785171509e-01 -2.314210534095764160e-01 -2.007324695587158203e-01
1.252317547798156738e+00 -1.145722746849060059e+00 1.133429646492004395e+00 -2.030346244573593140e-01 -2.397291362285614014e-01 -2.059968113899230957e-01
1.214450240135192871e+00 -1.206960916519165039e+00 1.193274855613708496e+00 -1.947259753942489624e-01 -2.451913654804229736e-01 -2.243507504463195801e-01
1.214802026748657227e+00 -1.205198168754577637e+00 1.190444588661193848e+00 -1.978018283843994141e-01 -2.536711990833282471e-01 -2.257263064384460449e-01
