1.026267170906066895e+00 -1.352425932884216309e+00 1.139157176017761230e+00 -2.326404750347137451e-01 -1.876871734857559204e-01 -2.201582342386245728e-01
1.202196836471557617e+00 -1.210125207901000977e+00 1.199950337409973145e+00 -2.300521433353424072e-01 -2.087631374597549438e-01 -1.912863403558731079e-01
1.201916098594665527e+00 -1.215871453285217285e+00 1.193514108657836914e+00 -2.393742799758911133e-01 -1.988832056522369385e-01 -1.920957714319229126e-01
1.211909770965576172e+00 -1.191153645515441895e+00 1.195183873176574707e+00 -2.394363284111022949e-01 -2.110806703567504883e-01 -1.863798797130584717e-01
1.210978150367736816e+00 -1.192147493362426758e+00 1.192727565765380859e+00 -2.401889711618423462e-01 -2.186695933341979980e-01 -1.882803291082382202e-01
1.199652671813964844e+00 -1.216239333152770996e+00 1.209210395812988281e+00 -2.216886430978775024e-01 -2.169075757265090942e-01 -1.863254308700561523e-01
1.218965053558349609e+00 -1.190967440605163574e+00 1.217129588127136230e+00 -2.049794942140579224e-01 -1.945779323577880859e-01 -1.649443954229354858e-01
1.206553339958190918e+00 -1.216728806495666504e+00 1.198780179023742676e+00 -2.232307642698287964e-01 -1.975820958614349365e-01 -1.896187961101531982e-01
1.202680110931396484e+00 -1.220844984054565430e+00 1.202512741088867188e+00 -2.231645584106445312e-01 -1.929871290922164917e-01 -1.893753558397293091e-01
1.205765008926391602e+00 -1.218528866767883301e+00 1.200976371765136719e+00 -2.267436087131500244e-01 -2.021947354078292847e-01 -1.995999515056610107e-01
1.205060362815856934e+00 -1.217858910560607910e+00 1.202142596244812012e+00 -2.320535182952880859e-01 -2.146405130624771118e-01 -1.897772252559661865e-01
