1.095053315162658691e+00 -1.338714957237243652e+00 1.154375195503234863e+00 -1.767019927501678467e-01 -2.921581864356994629e-01 -1.801964044570922852e-01
1.215335488319396973e+00 -1.197942376136779785e+00 1.186214804649353027e+00 -1.653742343187332153e-01 -2.803337574005126953e-01 -2.169756591320037842e-01
1.215330600738525391e+00 -1.203062176704406738e+00 1.186314463615417480e+00 -1.591850817203521729e-01 -2.856836915016174316e-01 -2.237259894609451294e-01
1.211589813232421875e+00 -1.206744909286499023e+00 1.188780546188354492e+00 -1.572907269001007080e-01 -2.815601229667663574e-01 -2.211782187223434448e-01
1.213147521018981934e+00 -1.207798600196838379e+00 1.188672661781311035e+00 -1.643038094043731689e-01 -2.761279940605163574e-01 -2.160018980503082275e-01
1.211843729019165039e+00 -1.201524376869201660e+00 1.193441867828369141e+00 -1.628993600606918335e-01 -2.683685123920440674e-01 -2.099051922559738159e-01
1.213992238044738770e+00 -1.202905654907226562e+00 1.184937715530395508e+00 -1.577810198068618774e-01 -2.735331952571868896e-01 -2.155459225177764893e-01
1.211680412292480469e+00 -1.210742354393005371e+00 1.195440888404846191e+00 -1.548081338405609131e-01 -2.720791697502136230e-01 -2.267861366271972656e-01
1.210898399353027344e+00 -1.211505532264709473e+00 1.199222207069396973e+00 -1.568360328674316406e-01 -2.836750447750091553e-01 -2.252149581909179688e-01
1.213236927986145020e+00 -1.206483960151672363e+00 1.194844603538513184e+00 -1.597229838371276855e-01 -2.811552584171295166e-01 -2.236707806587219238e-01
1.210783720016479492e+00 -1.210812568664550781e+00 1.194851398468017578e+00 -1.571546047925949097e-01 -2.813712954521179199e-01 -2.163216918706893921e-01
