1.134766101837158203e+00 -1.236804962158203125e+00 1.196077108383178711e+00 -2.446169406175613403e-01 -2.443012595176696777e-01 -2.205896973609924316e-01
1.210361361503601074e+00 -1.212316989898681641e+00 1.197789430618286133e+00 -2.453052103519439697e-01 -2.433127015829086304e-01 -2.170072793960571289e-01
1.205465793609619141e+00 -1.199608325958251953e+00 1.210791349411010742e+00 -2.330067008733749390e-01 -2.681047916412353516e-01 -2.266968190670013428e-01
1.210530757904052734e+00 -1.210009574890136719e+00 1.201616764068603516e+00 -2.267429530620574951e-01 -2.499922364950180054e-01 -2.287893891334533691e-01
1.209451198577880859e+00 -1.205169200897216797e+00 1.202955245971679688e+00 -2.302707880735397339e-01 -2.519323229789733887e-01 -2.262727767229080200e-01
1.207030415534973145e+00 -1.214400410652160645e+00 1.197025895118713379e+00 -2.431685328483581543e-01 -2.437680661678314209e-01 -2.216745316982269287e-01
1.203282952308654785e+00 -1.219592571258544922e+00 1.196874737739562988e+00 -2.394435703754425049e-01 -2.398879081010818481e-01 -2.152962535619735718e-01
1.207736134529113770e+00 -1.213946700096130371e+00 1.195853590965270996e+00 -2.448039054870605469e-01 -2.394078671932220459e-01 -2.229118943214416504e-01
1.206735968589782715e+00 -1.213031411170959473e+00 1.197818517684936523e+00 -2.497584074735641479e-01 -2.442765831947326660e-01 -2.167150080204010010e-01
1.211231231689453125e+00 -1.204147696495056152e+00 1.194377779960632324e+00 -2.642740607261657715e-01 -2.517139315605163574e-01 -2.189147919416427612e-01
1.211526632308959961e+00 -1.208258867263793945e+00 1.193559527397155762e+00 -2.528656125068664551e-01 -2.465636730194091797e-01 -2.210127860307693481e-01
