1.198099017143249512e+00 -1.137607693672180176e+00 1.247142672538757324e+00 -1.943393349647521973e-01 -2.271598577499389648e-01 -1.897161900997161865e-01
1.216302275657653809e+00 -1.207559943199157715e+00 1.187151432037353516e+00 -2.067385911941528320e-01 -2.252167910337448120e-01 -1.809859573841094971e-01
1.395716309547424316e+00 -9.095248579978942871e-01 1.099028348922729492e+00 -1.750938594341278076e-01 -1.810563802719116211e-01 -2.414496988058090210e-01
1.225486874580383301e+00 -1.202040195465087891e+00 1.172605872154235840e+00 -2.006972432136535645e-01 -2.069447040557861328e-01 -1.807259470224380493e-01
1.237277150154113770e+00 -1.171541213989257812e+00 1.153392672538757324e+00 -2.048044800758361816e-01 -2.178865373134613037e-01 -1.696276813745498657e-01
1.203537464141845703e+00 -1.220062613487243652e+00 1.207738399505615234e+00 -1.806114614009857178e-01 -2.159331142902374268e-01 -1.862503886222839355e-01
1.209942102432250977e+00 -1.215700149536132812e+00 1.197931051254272461e+00 -1.910273730754852295e-01 -2.243090569972991943e-01 -2.043974697589874268e-01
1.215818881988525391e+00 -1.205356240272521973e+00 1.185989141464233398e+00 -2.123869061470031738e-01 -2.193634212017059326e-01 -1.812868565320968628e-01
1.209487557411193848e+00 -1.216891646385192871e+00 1.198491096496582031e+00 -2.069956511259078979e-01 -2.200027406215667725e-01 -1.983885318040847778e-01
1.211848020553588867e+00 -1.212319731712341309e+00 1.194341182708740234e+00 -2.024789899587631226e-01 -2.160887569189071655e-01 -1.967849284410476685e-01
1.214963912963867188e+00 -1.207329392433166504e+00 1.189380168914794922e+00 -1.975005567073822021e-01 -2.218410074710845947e-01 -1.878305822610855103e-01
