1.334315419197082520e+00 -1.307491183280944824e+00 1.280143141746520996e+00 -1.082926690578460693e-01 -2.884490191936492920e-01 -3.930024802684783936e-02
1.204630494117736816e+00 -1.214669823646545410e+00 1.190385699272155762e+00 -9.984114021062850952e-02 -2.030091285705566406e-01 -1.519269347190856934e-01
1.191092371940612793e+00 -1.242531061172485352e+00 1.220834612846374512e+00 -1.093011647462844849e-01 -1.978925913572311401e-01 -1.782093942165374756e-01
1.211809277534484863e+00 -1.211642622947692871e+00 1.189703702926635742e+00 -9.186597913503646851e-02 -1.825943589210510254e-01 -1.995955705642700195e-01
1.203755617141723633e+00 -1.222282171249389648e+00 1.197766304016113281e+00 -8.064235001802444458e-02 -1.849429756402969360e-01 -2.079650014638900757e-01
1.204001665115356445e+00 -1.222732067108154297e+00 1.198111057281494141e+00 -9.208031743764877319e-02 -1.679311692714691162e-01 -1.880985349416732788e-01
1.169578790664672852e+00 -1.273191332817077637e+00 1.250913977622985840e+00 -1.091831550002098083e-01 -1.506904214620590210e-01 -1.672610193490982056e-01
1.197674870491027832e+00 -1.232814192771911621e+00 1.209162235260009766e+00 -1.164189577102661133e-01 -1.546896100044250488e-01 -1.929737329483032227e-01
1.193558454513549805e+00 -1.242031335830688477e+00 1.223117709159851074e+00 -1.066253483295440674e-01 -1.754236519336700439e-01 -1.780455261468887329e-01
1.188409447669982910e+00 -1.246686220169067383e+00 1.224194765090942383e+00 -1.024063304066658020e-01 -1.707081496715545654e-01 -1.922042816877365112e-01
1.205681443214416504e+00 -1.222123146057128906e+00 1.201039075851440430e+00 -1.018742695450782776e-01 -1.664000451564788818e-01 -1.820989251136779785e-01
