1.186523914337158203e+00 -1.226491928100585938e+00 1.250982403755187988e+00 -1.898890882730484009e-01 -2.324524521827697754e-01 -2.172330021858215332e-01
1.197013258934020996e+00 -1.237629652023315430e+00 1.219301581382751465e+00 -1.902308315038681030e-01 -2.308337092399597168e-01 -2.171334177255630493e-01
1.217934489250183105e+00 -1.211827635765075684e+00 1.197992682456970215e+00 -2.110649943351745605e-01 -2.139338999986648560e-01 -2.218538820743560791e-01
1.199752330780029297e+00 -1.233951449394226074e+00 1.216747283935546875e+00 -1.953957080841064453e-01 -2.127071321010589600e-01 -2.187501639127731323e-01
1.200718402862548828e+00 -1.234085679054260254e+00 1.215808391571044922e+00 -1.986153870820999146e-01 -2.149722129106521606e-01 -2.305045127868652344e-01
1.241850376129150391e+00 -1.168768167495727539e+00 1.148097991943359375e+00 -2.019770443439483643e-01 -2.360606193542480469e-01 -2.053065150976181030e-01
1.216132164001464844e+00 -1.207767963409423828e+00 1.191673517227172852e+00 -1.928027123212814331e-01 -2.293483465909957886e-01 -2.100853323936462402e-01
1.231303215026855469e+00 -1.185299754142761230e+00 1.165721178054809570e+00 -2.021032422780990601e-01 -2.096481323242187500e-01 -2.104679495096206665e-01
1.249309659004211426e+00 -1.154613375663757324e+00 1.135438084602355957e+00 -2.058975994586944580e-01 -2.152401208877563477e-01 -1.961253583431243896e-01
1.247897505760192871e+00 -1.155864000320434570e+00 1.137768983840942383e+00 -2.006451189517974854e-01 -2.233196794986724854e-01 -1.965383440256118774e-01
1.241144895553588867e+00 -1.166222214698791504e+00 1.149940848350524902e+00 -1.980311572551727295e-01 -2.186449766159057617e-01 -1.906888335943222046e-01
