1.188956737518310547e+00 -1.195745348930358887e+00 1.203324198722839355e+00 -2.794076502323150635e-01 -1.408449262380599976e-01 -2.980380654335021973e-01
1.229498028755187988e+00 -1.187538743019104004e+00 1.174035310745239258e+00 -2.968855202198028564e-01 -1.954697519540786743e-01 -1.973091959953308105e-01
1.246164441108703613e+00 -1.156832337379455566e+00 1.148741722106933594e+00 -3.243738114833831787e-01 -2.155993878841400146e-01 -1.576108336448669434e-01
1.238227248191833496e+00 -1.169756650924682617e+00 1.156101346015930176e+00 -3.124993443489074707e-01 -2.273460626602172852e-01 -1.691932231187820435e-01
1.254539132118225098e+00 -1.152881383895874023e+00 1.139144182205200195e+00 -2.837242782115936279e-01 -1.900957375764846802e-01 -1.655363142490386963e-01
1.226472616195678711e+00 -1.188934922218322754e+00 1.174508690834045410e+00 -3.094733357429504395e-01 -1.887465119361877441e-01 -1.598438322544097900e-01
1.250747084617614746e+00 -1.145237803459167480e+00 1.129095554351806641e+00 -3.152371644973754883e-01 -1.849909573793411255e-01 -1.409397125244140625e-01
1.227900385856628418e+00 -1.184660196304321289e+00 1.170352458953857422e+00 -3.090205192565917969e-01 -1.913370490074157715e-01 -1.648873984813690186e-01
1.229528784751892090e+00 -1.184053897857666016e+00 1.171904206275939941e+00 -3.063825368881225586e-01 -2.002449780702590942e-01 -1.728484779596328735e-01
1.225384712219238281e+00 -1.192026972770690918e+00 1.177238583564758301e+00 -2.973818480968475342e-01 -1.967634707689285278e-01 -1.927255094051361084e-01
1.223892688751220703e+00 -1.189344167709350586e+00 1.175715208053588867e+00 -3.036445975303649902e-01 -2.057997286319732666e-01 -1.898756027221679688e-01
