1.191782474517822266e+00 -1.219393491744995117e+00 1.200894355773925781e+00 -3.194424808025360107e-01 -2.583983838558197021e-01 -1.697786599397659302e-01
1.202813386917114258e+00 -1.221854686737060547e+00 1.208908677101135254e+00 -3.035451769828796387e-01 -2.408697605133056641e-01 -2.008353769779205322e-01
1.123289704322814941e+00 -1.340360999107360840e+00 1.331535816192626953e+00 -2.905538380146026611e-01 -2.456742674112319946e-01 -2.530574202537536621e-01
1.183403730392456055e+00 -1.260754108428955078e+00 1.250941753387451172e+00 -3.028570115566253662e-01 -2.194903194904327393e-01 -2.295761108398437500e-01
1.205949068069458008e+00 -1.224459886550903320e+00 1.213222503662109375e+00 -2.993894517421722412e-01 -2.352899760007858276e-01 -2.310355752706527710e-01
1.193005800247192383e+00 -1.246452569961547852e+00 1.237535715103149414e+00 -2.877264916896820068e-01 -2.435362637042999268e-01 -2.338106930255889893e-01
1.189379692077636719e+00 -1.245494246482849121e+00 1.235665917396545410e+00 -2.942560017108917236e-01 -2.407909035682678223e-01 -2.272681444883346558e-01
1.210482239723205566e+00 -1.213331103324890137e+00 1.198483586311340332e+00 -3.053097128868103027e-01 -2.267107367515563965e-01 -2.228241562843322754e-01
1.211155891418457031e+00 -1.210625171661376953e+00 1.197695851325988770e+00 -3.027833402156829834e-01 -2.291387617588043213e-01 -2.175494879484176636e-01
1.215249657630920410e+00 -1.204309701919555664e+00 1.190070033073425293e+00 -2.991056442260742188e-01 -2.329198867082595825e-01 -2.028728723526000977e-01
1.205970644950866699e+00 -1.217682123184204102e+00 1.203034639358520508e+00 -2.983351945877075195e-01 -2.327909618616104126e-01 -2.088757455348968506e-01
