1.289252161979675293e+00 -1.101766109466552734e+00 1.174477458000183105e+00 -2.484508454799652100e-01 -1.643662303686141968e-01 -5.536936223506927490e-03
1.210968494415283203e+00 -1.213897705078125000e+00 1.192873597145080566e+00 -2.306803166866302490e-01 -1.183803081512451172e-01 -1.503489762544631958e-01
1.209262371063232422e+00 -1.216475486755371094e+00 1.196273922920227051e+00 -2.626469135284423828e-01 -1.288567781448364258e-01 -1.559895426034927368e-01
1.207745313644409180e+00 -1.218346595764160156e+00 1.189664125442504883e+00 -2.887063920497894287e-01 -1.846955865621566772e-01 -2.069186270236968994e-01
1.215104222297668457e+00 -1.205800414085388184e+00 1.186281561851501465e+00 -2.585354745388031006e-01 -1.426934003829956055e-01 -1.351990103721618652e-01
1.208649039268493652e+00 -1.213289856910705566e+00 1.194544672966003418e+00 -2.715161740779876709e-01 -1.392419934272766113e-01 -1.626287847757339478e-01
1.206042408943176270e+00 -1.219389557838439941e+00 1.195789217948913574e+00 -2.446613460779190063e-01 -1.434499919414520264e-01 -1.561955064535140991e-01
1.205300569534301758e+00 -1.217064857482910156e+00 1.188459396362304688e+00 -2.311286330223083496e-01 -1.837173253297805786e-01 -1.958630979061126709e-01
1.212072491645812988e+00 -1.211002707481384277e+00 1.190897345542907715e+00 -2.384961247444152832e-01 -1.666128188371658325e-01 -1.631167531013488770e-01
1.213276863098144531e+00 -1.209949135780334473e+00 1.191025853157043457e+00 -2.569054067134857178e-01 -1.668362021446228027e-01 -1.712554097175598145e-01
1.215028285980224609e+00 -1.207280039787292480e+00 1.190202355384826660e+00 -2.559046745300292969e-01 -1.628982126712799072e-01 -1.580609530210494995e-01
