1.157958388328552246e+00 -1.151237964630126953e+00 1.310875058174133301e+00 -1.915657222270965576e-01 -1.645537912845611572e-01 -1.197328791022300720e-01
1.207088112831115723e+00 -1.217595934867858887e+00 1.202990055084228516e+00 -1.913537979125976562e-01 -1.452912986278533936e-01 -1.179523989558219910e-01
1.208240866661071777e+00 -1.216138720512390137e+00 1.207201957702636719e+00 -1.987484693527221680e-01 -1.459948718547821045e-01 -1.274624466896057129e-01
1.209008455276489258e+00 -1.218654990196228027e+00 1.205972433090209961e+00 -2.031790912151336670e-01 -1.394577175378799438e-01 -1.306765973567962646e-01
1.207830905914306641e+00 -1.221613168716430664e+00 1.206747293472290039e+00 -2.155061960220336914e-01 -1.556057333946228027e-01 -1.523611694574356079e-01
1.209145069122314453e+00 -1.217008948326110840e+00 1.200253725051879883e+00 -2.122301310300827026e-01 -1.503332257270812988e-01 -1.477138102054595947e-01
1.210240840911865234e+00 -1.214177250862121582e+00 1.203123211860656738e+00 -2.202798128128051758e-01 -1.543398946523666382e-01 -1.398672610521316528e-01
1.208760261535644531e+00 -1.218408107757568359e+00 1.204027295112609863e+00 -2.171657234430313110e-01 -1.626428067684173584e-01 -1.710506081581115723e-01
1.207799792289733887e+00 -1.219391107559204102e+00 1.200680375099182129e+00 -2.230251431465148926e-01 -1.835660040378570557e-01 -1.798895895481109619e-01
1.205025196075439453e+00 -1.222034811973571777e+00 1.205535769462585449e+00 -2.228800803422927856e-01 -1.732127964496612549e-01 -1.587721854448318481e-01
1.209048151969909668e+00 -1.215838074684143066e+00 1.203427791595458984e+00 -2.063030600547790527e-01 -1.568110287189483643e-01 -1.478520035743713379e-01
