1.353692650794982910e+00 -1.261181354522705078e+00 1.187424302101135254e+00 -2.002098262310028076e-01 -2.954400181770324707e-01 -2.327541410923004150e-01
1.209942936897277832e+00 -1.216600060462951660e+00 1.201213836669921875e+00 -2.332960367202758789e-01 -2.916172742843627930e-01 -2.370576560497283936e-01
1.211922407150268555e+00 -1.215451598167419434e+00 1.200869679450988770e+00 -2.089715749025344849e-01 -2.792688310146331787e-01 -2.409558296203613281e-01
1.205050587654113770e+00 -1.219765424728393555e+00 1.200448036193847656e+00 -2.242243438959121704e-01 -2.817548811435699463e-01 -2.403828054666519165e-01
1.197833538055419922e+00 -1.225052595138549805e+00 1.191402316093444824e+00 -2.267831712961196899e-01 -2.953717708587646484e-01 -2.527250349521636963e-01
1.217803597450256348e+00 -1.208288311958312988e+00 1.193149805068969727e+00 -2.084084749221801758e-01 -2.599683701992034912e-01 -2.344013303518295288e-01
1.212727665901184082e+00 -1.213910222053527832e+00 1.196570515632629395e+00 -1.703675687313079834e-01 -2.435132861137390137e-01 -2.135748565196990967e-01
1.213663339614868164e+00 -1.211502552032470703e+00 1.195868611335754395e+00 -2.218148708343505859e-01 -2.668983042240142822e-01 -2.370589673519134521e-01
1.205838918685913086e+00 -1.224208354949951172e+00 1.205669164657592773e+00 -1.931329816579818726e-01 -2.703588008880615234e-01 -2.295195162296295166e-01
1.210057973861694336e+00 -1.216520667076110840e+00 1.199542522430419922e+00 -2.119896113872528076e-01 -2.719551324844360352e-01 -2.262012362480163574e-01
1.211969852447509766e+00 -1.212834477424621582e+00 1.196051359176635742e+00 -2.261323630809783936e-01 -3.072421550750732422e-01 -2.540307939052581787e-01
