1.304208755493164062e+00 -1.137036681175231934e+00 1.015794754028320312e+00 -2.509988546371459961e-01 -1.809165328741073608e-01 -1.188622042536735535e-01
1.191077351570129395e+00 -1.240217924118041992e+00 1.219986677169799805e+00 -1.908859461545944214e-01 -2.104529142379760742e-01 -2.147508412599563599e-01
1.196605920791625977e+00 -1.235652446746826172e+00 1.221227407455444336e+00 -2.402694672346115112e-01 -2.784734368324279785e-01 -2.524239420890808105e-01
1.200618863105773926e+00 -1.231833815574645996e+00 1.223208069801330566e+00 -2.577929496765136719e-01 -2.484085559844970703e-01 -2.321091592311859131e-01
1.202996611595153809e+00 -1.224645733833312988e+00 1.203001260757446289e+00 -1.912962645292282104e-01 -2.121042311191558838e-01 -2.003107368946075439e-01
1.205761432647705078e+00 -1.222364783287048340e+00 1.201203227043151855e+00 -1.990569978952407837e-01 -2.465925365686416626e-01 -2.109159976243972778e-01
1.198625087738037109e+00 -1.230530381202697754e+00 1.211043477058410645e+00 -2.273562997579574585e-01 -2.385600209236145020e-01 -2.192182391881942749e-01
1.200963497161865234e+00 -1.226033329963684082e+00 1.208976387977600098e+00 -2.319676727056503296e-01 -2.243723273277282715e-01 -2.097102105617523193e-01
1.202958345413208008e+00 -1.222893595695495605e+00 1.201801419258117676e+00 -2.153079509735107422e-01 -2.051807045936584473e-01 -1.942305266857147217e-01
1.202807784080505371e+00 -1.223963022232055664e+00 1.203160405158996582e+00 -2.065308690071105957e-01 -1.976566016674041748e-01 -1.790823787450790405e-01
1.206194400787353516e+00 -1.219598174095153809e+00 1.198752641677856445e+00 -1.959743201732635498e-01 -1.896144896745681763e-01 -1.838715076446533203e-01
