1.298376321792602539e+00 -1.137047290802001953e+00 1.267257809638977051e+00 -2.400334775447845459e-01 -2.480403780937194824e-01 -2.469522953033447266e-01
1.198713064193725586e+00 -1.228556156158447266e+00 1.209118247032165527e+00 -2.494382709264755249e-01 -2.636029124259948730e-01 -2.342558950185775757e-01
1.187868118286132812e+00 -1.227869749069213867e+00 1.196521639823913574e+00 -2.640471160411834717e-01 -1.862441599369049072e-01 -1.890445053577423096e-01
1.200250148773193359e+00 -1.228568434715270996e+00 1.212121844291687012e+00 -2.671734392642974854e-01 -2.631262242794036865e-01 -2.272974848747253418e-01
1.191469192504882812e+00 -1.235660791397094727e+00 1.210221052169799805e+00 -2.659646868705749512e-01 -2.600041627883911133e-01 -2.329371869564056396e-01
1.201177716255187988e+00 -1.227928638458251953e+00 1.212690591812133789e+00 -2.552012205123901367e-01 -2.468340992927551270e-01 -2.291332036256790161e-01
1.198903441429138184e+00 -1.229998230934143066e+00 1.211310505867004395e+00 -2.602134346961975098e-01 -2.668337225914001465e-01 -2.387207448482513428e-01
1.203580617904663086e+00 -1.224728226661682129e+00 1.207015752792358398e+00 -2.499713897705078125e-01 -2.629217207431793213e-01 -2.420342862606048584e-01
1.203004002571105957e+00 -1.224302649497985840e+00 1.208342909812927246e+00 -2.554549574851989746e-01 -2.613412141799926758e-01 -2.396468222141265869e-01
1.199406862258911133e+00 -1.228721737861633301e+00 1.210406303405761719e+00 -2.475268691778182983e-01 -2.567524313926696777e-01 -2.363798022270202637e-01
1.200543522834777832e+00 -1.228576421737670898e+00 1.208874464035034180e+00 -2.492575198411941528e-01 -2.540252804756164551e-01 -2.346227467060089111e-01
