1.193528175354003906e+00 -1.215300202369689941e+00 1.217513799667358398e+00 -2.382338792085647583e-01 -2.217175960540771484e-01 -1.998144090175628662e-01
1.204956889152526855e+00 -1.220638513565063477e+00 1.204420566558837891e+00 -2.420616596937179565e-01 -2.232053279876708984e-01 -2.009952515363693237e-01
1.203583121299743652e+00 -1.225055813789367676e+00 1.206929326057434082e+00 -2.626397311687469482e-01 -2.615973055362701416e-01 -2.229501307010650635e-01
1.205243706703186035e+00 -1.221885442733764648e+00 1.205680727958679199e+00 -2.733898758888244629e-01 -2.433388531208038330e-01 -2.140802741050720215e-01
1.209635734558105469e+00 -1.216632366180419922e+00 1.197448730468750000e+00 -2.742180824279785156e-01 -2.149527668952941895e-01 -2.041336894035339355e-01
1.204385638236999512e+00 -1.219987511634826660e+00 1.205702662467956543e+00 -2.643421888351440430e-01 -2.287805974483489990e-01 -1.932061612606048584e-01
1.207752108573913574e+00 -1.219389081001281738e+00 1.201739430427551270e+00 -2.761694192886352539e-01 -2.313443273305892944e-01 -2.040558010339736938e-01
1.204108357429504395e+00 -1.217203974723815918e+00 1.207626819610595703e+00 -2.579399645328521729e-01 -2.263590544462203979e-01 -1.859975159168243408e-01
1.206807851791381836e+00 -1.217195034027099609e+00 1.202246189117431641e+00 -2.518782317638397217e-01 -2.197650372982025146e-01 -1.953662931919097900e-01
1.205038905143737793e+00 -1.219991803169250488e+00 1.204456567764282227e+00 -2.467365562915802002e-01 -2.239629030227661133e-01 -2.026585191488265991e-01
1.205663323402404785e+00 -1.219712376594543457e+00 1.204386234283447266e+00 -2.471961379051208496e-01 -2.260049879550933838e-01 -2.009530365467071533e-01
