1.031124353408813477e+00 -1.119861602783203125e+00 1.199971199035644531e+00 -1.531889289617538452e-01 -2.275177240371704102e-01 -1.989545822143554688e-01
1.200176715850830078e+00 -1.222667932510375977e+00 1.213222384452819824e+00 -1.614066958427429199e-01 -2.537589669227600098e-01 -1.640534549951553345e-01
1.208114862442016602e+00 -1.207979679107666016e+00 1.198359608650207520e+00 -1.977948248386383057e-01 -2.406848967075347900e-01 -2.044279575347900391e-01
1.208310365676879883e+00 -1.213177204132080078e+00 1.201864242553710938e+00 -1.372974365949630737e-01 -2.300680577754974365e-01 -2.131641656160354614e-01
1.205343961715698242e+00 -1.218656539916992188e+00 1.208383202552795410e+00 -1.659725755453109741e-01 -2.596715092658996582e-01 -2.103354334831237793e-01
1.204524517059326172e+00 -1.221119165420532227e+00 1.212257266044616699e+00 -1.781028360128402710e-01 -2.575114369392395020e-01 -1.888250559568405151e-01
1.200358629226684570e+00 -1.223732590675354004e+00 1.213078141212463379e+00 -1.467408835887908936e-01 -2.298079431056976318e-01 -2.176771908998489380e-01
1.200853109359741211e+00 -1.226503968238830566e+00 1.213740587234497070e+00 -1.801816821098327637e-01 -2.378906309604644775e-01 -2.360586822032928467e-01
1.200927734375000000e+00 -1.226198315620422363e+00 1.211728930473327637e+00 -1.772238761186599731e-01 -2.298879772424697876e-01 -2.467881590127944946e-01
1.199478864669799805e+00 -1.227701425552368164e+00 1.214637875556945801e+00 -1.889805495738983154e-01 -2.495358586311340332e-01 -2.252419292926788330e-01
1.205443739891052246e+00 -1.220830202102661133e+00 1.205527544021606445e+00 -1.797087043523788452e-01 -2.485172748565673828e-01 -2.321175187826156616e-01
