9.783754944801330566e-01 -1.253641963005065918e+00 1.240195989608764648e+00 -2.187175154685974121e-01 -2.657240629196166992e-01 -2.234015911817550659e-01
1.209300756454467773e+00 -1.210572123527526855e+00 1.199015855789184570e+00 -2.245780676603317261e-01 -2.750150859355926514e-01 -2.286584973335266113e-01
1.216766238212585449e+00 -1.208972692489624023e+00 1.206821918487548828e+00 -2.054772675037384033e-01 -2.673839926719665527e-01 -2.216311246156692505e-01
1.208574414253234863e+00 -1.208392500877380371e+00 1.199643015861511230e+00 -2.210904508829116821e-01 -2.837632298469543457e-01 -2.258152067661285400e-01
1.205045342445373535e+00 -1.219994544982910156e+00 1.205311179161071777e+00 -2.385611981153488159e-01 -2.678799033164978027e-01 -2.409185916185379028e-01
1.207903504371643066e+00 -1.211794376373291016e+00 1.197237253189086914e+00 -2.192187011241912842e-01 -2.657070159912109375e-01 -2.292061597108840942e-01
1.205124735832214355e+00 -1.216924667358398438e+00 1.203156828880310059e+00 -2.107798755168914795e-01 -2.665841877460479736e-01 -2.480986714363098145e-01
1.202584147453308105e+00 -1.221844077110290527e+00 1.207224488258361816e+00 -2.241793423891067505e-01 -2.719877958297729492e-01 -2.393116652965545654e-01
1.205378174781799316e+00 -1.218177676200866699e+00 1.205062627792358398e+00 -2.242986559867858887e-01 -2.782621383666992188e-01 -2.396112084388732910e-01
1.205947637557983398e+00 -1.217265605926513672e+00 1.204601883888244629e+00 -2.350496649742126465e-01 -2.884297966957092285e-01 -2.474464327096939087e-01
1.204690337181091309e+00 -1.218231081962585449e+00 1.203727602958679199e+00 -2.255165278911590576e-01 -2.709608674049377441e-01 -2.508691549301147461e-01
