1.186480164527893066e+00 -1.280466198921203613e+00 1.237025499343872070e+00 -2.086219489574432373e-01 -2.403188347816467285e-01 -2.170107513666152954e-01
1.205083847045898438e+00 -1.221857786178588867e+00 1.208310127258300781e+00 -2.245017886161804199e-01 -2.379761636257171631e-01 -2.136093527078628540e-01
1.209952950477600098e+00 -1.209895491600036621e+00 1.197083473205566406e+00 -2.406722009181976318e-01 -2.476802468299865723e-01 -2.189124077558517456e-01
1.188857078552246094e+00 -1.264427423477172852e+00 1.263942360877990723e+00 -2.686747014522552490e-01 -3.103525638580322266e-01 -2.437192499637603760e-01
1.216155290603637695e+00 -1.204439878463745117e+00 1.191834330558776855e+00 -2.214632034301757812e-01 -2.299364954233169556e-01 -2.297831326723098755e-01
1.200507164001464844e+00 -1.230144381523132324e+00 1.206044673919677734e+00 -2.325941622257232666e-01 -2.403469681739807129e-01 -2.556529641151428223e-01
1.213343739509582520e+00 -1.212108731269836426e+00 1.195569038391113281e+00 -2.339603602886199951e-01 -2.335946857929229736e-01 -2.089114636182785034e-01
1.204484939575195312e+00 -1.222334623336791992e+00 1.206927657127380371e+00 -2.227913737297058105e-01 -2.346762716770172119e-01 -2.207903414964675903e-01
1.209238290786743164e+00 -1.217505574226379395e+00 1.202020764350891113e+00 -2.237620204687118530e-01 -2.359021604061126709e-01 -2.072642743587493896e-01
1.205079793930053711e+00 -1.220121979713439941e+00 1.206386923789978027e+00 -2.232619374990463257e-01 -2.352202832698822021e-01 -2.073298841714859009e-01
1.204799294471740723e+00 -1.221632838249206543e+00 1.203909754753112793e+00 -2.167859822511672974e-01 -2.365879714488983154e-01 -2.159327268600463867e-01
