1.153415203094482422e+00 -1.316835165023803711e+00 1.024388790130615234e+00 -2.158510982990264893e-01 -2.057247310876846313e-01 -2.080213427543640137e-01
1.205931067466735840e+00 -1.224393248558044434e+00 1.203941106796264648e+00 -1.960827857255935669e-01 -1.944806128740310669e-01 -1.971082687377929688e-01
1.203585863113403320e+00 -1.226251482963562012e+00 1.213821530342102051e+00 -2.140666395425796509e-01 -2.454212158918380737e-01 -2.181505560874938965e-01
1.202260851860046387e+00 -1.223384976387023926e+00 1.208252668380737305e+00 -1.863228231668472290e-01 -2.056139409542083740e-01 -2.084043323993682861e-01
1.203777194023132324e+00 -1.224037766456604004e+00 1.204553961753845215e+00 -2.008483260869979858e-01 -2.227942198514938354e-01 -2.033677995204925537e-01
1.205494999885559082e+00 -1.221890807151794434e+00 1.202757716178894043e+00 -2.039875984191894531e-01 -2.158453017473220825e-01 -1.953900754451751709e-01
1.203853964805603027e+00 -1.224136710166931152e+00 1.204541206359863281e+00 -2.050144523382186890e-01 -2.093121111392974854e-01 -1.959886699914932251e-01
1.205741643905639648e+00 -1.221069931983947754e+00 1.202487826347351074e+00 -2.068198025226593018e-01 -2.121748030185699463e-01 -2.036404162645339966e-01
1.203578710556030273e+00 -1.226207733154296875e+00 1.205168962478637695e+00 -2.142429947853088379e-01 -2.053088992834091187e-01 -1.995168924331665039e-01
1.204140663146972656e+00 -1.223367094993591309e+00 1.205991387367248535e+00 -2.066788822412490845e-01 -2.002516239881515503e-01 -1.902068257331848145e-01
1.204234600067138672e+00 -1.223892569541931152e+00 1.203601598739624023e+00 -2.097271978855133057e-01 -2.032098621129989624e-01 -2.028552144765853882e-01
