1.215119957923889160e+00 -1.210297822952270508e+00 1.282435774803161621e+00 -2.381619215011596680e-01 -2.359430342912673950e-01 -1.524195671081542969e-01
1.215029478073120117e+00 -1.210411787033081055e+00 1.281591057777404785e+00 -2.382509708404541016e-01 -2.357508838176727295e-01 -1.529705524444580078e-01
1.214793086051940918e+00 -1.210706353187561035e+00 1.279235243797302246e+00 -2.384882569313049316e-01 -2.351655811071395874e-01 -1.545063108205795288e-01
1.214091777801513672e+00 -1.211571455001831055e+00 1.272857666015625000e+00 -2.391540557146072388e-01 -2.335353940725326538e-01 -1.589286923408508301e-01
1.212096214294433594e+00 -1.213957071304321289e+00 1.257019400596618652e+00 -2.410842925310134888e-01 -2.298431992530822754e-01 -1.697329133749008179e-01
1.208737969398498535e+00 -1.217336297035217285e+00 1.228261351585388184e+00 -2.448750734329223633e-01 -2.218657881021499634e-01 -1.848054230213165283e-01
1.205782055854797363e+00 -1.220186471939086914e+00 1.210597991943359375e+00 -2.445498555898666382e-01 -2.170059531927108765e-01 -1.897370070219039917e-01
1.204790472984313965e+00 -1.221241235733032227e+00 1.206597328186035156e+00 -2.418636381626129150e-01 -2.172112911939620972e-01 -1.909779757261276245e-01
1.204858064651489258e+00 -1.221277713775634766e+00 1.205568790435791016e+00 -2.397516816854476929e-01 -2.186102271080017090e-01 -1.939113438129425049e-01
1.205309391021728516e+00 -1.220785498619079590e+00 1.204860448837280273e+00 -2.378551959991455078e-01 -2.201042771339416504e-01 -1.965318620204925537e-01
1.205865859985351562e+00 -1.220458745956420898e+00 1.204506635665893555e+00 -2.366732656955718994e-01 -2.213558554649353027e-01 -1.977488249540328979e-01
