1.400502085685729980e+00 -1.173562526702880859e+00 1.174676895141601562e+00 -2.019854933023452759e-01 -1.773904263973236084e-01 -2.090833336114883423e-01
1.398470163345336914e+00 -1.173982262611389160e+00 1.174905776977539062e+00 -2.020678222179412842e-01 -1.776980757713317871e-01 -2.089585214853286743e-01
1.392883181571960449e+00 -1.175135612487792969e+00 1.175523519515991211e+00 -2.023137956857681274e-01 -1.785094439983367920e-01 -2.085276246070861816e-01
1.377597212791442871e+00 -1.178387999534606934e+00 1.177311897277832031e+00 -2.029167860746383667e-01 -1.806375235319137573e-01 -2.071487158536911011e-01
1.338344216346740723e+00 -1.186832547187805176e+00 1.182385325431823730e+00 -2.042346447706222534e-01 -1.878643929958343506e-01 -2.043713927268981934e-01
1.269760847091674805e+00 -1.199591755867004395e+00 1.189171075820922852e+00 -2.090241163969039917e-01 -2.002464830875396729e-01 -1.946870684623718262e-01
1.225470662117004395e+00 -1.206740975379943848e+00 1.192484855651855469e+00 -2.151034474372863770e-01 -2.075067311525344849e-01 -1.859498620033264160e-01
1.214942336082458496e+00 -1.208757638931274414e+00 1.193442940711975098e+00 -2.163239866495132446e-01 -2.104738056659698486e-01 -1.864326447248458862e-01
1.213038563728332520e+00 -1.209429621696472168e+00 1.193816661834716797e+00 -2.159909754991531372e-01 -2.133392393589019775e-01 -1.905469596385955811e-01
1.212547540664672852e+00 -1.209556579589843750e+00 1.193974614143371582e+00 -2.169690281152725220e-01 -2.171325981616973877e-01 -1.925561577081680298e-01
1.212362051010131836e+00 -1.209069490432739258e+00 1.193262815475463867e+00 -2.193353027105331421e-01 -2.211636006832122803e-01 -1.913299709558486938e-01
