1.263663172721862793e+00 -1.305754780769348145e+00 1.111905694007873535e+00 -1.992402523756027222e-01 -1.670833677053451538e-01 -1.278165876865386963e-01
1.226030707359313965e+00 -1.191097617149353027e+00 1.172401547431945801e+00 -1.950159668922424316e-01 -1.563662886619567871e-01 -1.715661734342575073e-01
1.221494197845458984e+00 -1.193858861923217773e+00 1.176602840423583984e+00 -1.992035210132598877e-01 -1.548087596893310547e-01 -1.329332292079925537e-01
1.209468960762023926e+00 -1.214521050453186035e+00 1.196442961692810059e+00 -1.941822320222854614e-01 -1.622874736785888672e-01 -1.332232803106307983e-01
1.201695561408996582e+00 -1.224336504936218262e+00 1.205741405487060547e+00 -1.951510757207870483e-01 -1.568049341440200806e-01 -1.249074041843414307e-01
1.183436155319213867e+00 -1.249584317207336426e+00 1.231572270393371582e+00 -1.882302016019821167e-01 -1.593141704797744751e-01 -1.467752307653427124e-01
1.173279762268066406e+00 -1.268407940864562988e+00 1.253833174705505371e+00 -1.933452934026718140e-01 -1.713673770427703857e-01 -1.428076773881912231e-01
1.214759349822998047e+00 -1.205259203910827637e+00 1.190529465675354004e+00 -2.027124166488647461e-01 -1.698307991027832031e-01 -1.422937512397766113e-01
1.214888691902160645e+00 -1.205545425415039062e+00 1.190994381904602051e+00 -1.993099004030227661e-01 -1.672330647706985474e-01 -1.516906619071960449e-01
1.219943642616271973e+00 -1.198161244392395020e+00 1.180204033851623535e+00 -1.989749372005462646e-01 -1.684876829385757446e-01 -1.540930569171905518e-01
1.225242018699645996e+00 -1.190811038017272949e+00 1.170482635498046875e+00 -1.910328119993209839e-01 -1.696591973304748535e-01 -1.634178757667541504e-01
