1.217521071434020996e+00 -1.225034594535827637e+00 1.423954367637634277e+00 -1.424743384122848511e-01 -2.545923590660095215e-01 -2.567534148693084717e-01
1.147765636444091797e+00 -1.302770733833312988e+00 1.286063194274902344e+00 -1.627581119537353516e-01 -2.657275199890136719e-01 -2.248696088790893555e-01
1.130050897598266602e+00 -1.328125000000000000e+00 1.315335512161254883e+00 -1.646566092967987061e-01 -2.798290848731994629e-01 -2.502731680870056152e-01
1.163088917732238770e+00 -1.281296968460083008e+00 1.267207503318786621e+00 -1.493216454982757568e-01 -2.686468958854675293e-01 -2.403051257133483887e-01
1.144336104393005371e+00 -1.308374643325805664e+00 1.290506839752197266e+00 -1.591628044843673706e-01 -2.694974541664123535e-01 -1.956088840961456299e-01
1.147696614265441895e+00 -1.303919434547424316e+00 1.287227034568786621e+00 -1.432766020298004150e-01 -2.582403421401977539e-01 -2.247266173362731934e-01
1.155429840087890625e+00 -1.292962789535522461e+00 1.278046846389770508e+00 -1.521710902452468872e-01 -2.605222761631011963e-01 -2.180896252393722534e-01
1.167586922645568848e+00 -1.274591326713562012e+00 1.257275819778442383e+00 -1.565069109201431274e-01 -2.501585185527801514e-01 -2.291954159736633301e-01
1.150363564491271973e+00 -1.298198223114013672e+00 1.281822204589843750e+00 -1.581541299819946289e-01 -2.595888972282409668e-01 -2.202380299568176270e-01
1.151670217514038086e+00 -1.296272993087768555e+00 1.280341744422912598e+00 -1.554273515939712524e-01 -2.619788646697998047e-01 -2.303738296031951904e-01
1.145992159843444824e+00 -1.307782649993896484e+00 1.293626427650451660e+00 -1.627834439277648926e-01 -2.570246756076812744e-01 -2.427632212638854980e-01
