1.228604912757873535e+00 -1.206591606140136719e+00 1.176622390747070312e+00 -2.410812824964523315e-01 -1.335063278675079346e-01 -1.297592222690582275e-01
1.234178781509399414e+00 -1.468372225761413574e+00 1.243446230888366699e+00 -2.366597950458526611e-01 -1.613545417785644531e-01 -1.333824396133422852e-01
9.955828785896301270e-01 -1.390995264053344727e+00 1.210758328437805176e+00 -2.223592698574066162e-01 -1.051483079791069031e-01 -2.084070295095443726e-01
1.012260437011718750e+00 -1.443477630615234375e+00 1.451687455177307129e+00 -2.181670069694519043e-01 -1.778783351182937622e-01 -1.814441084861755371e-01
9.910899400711059570e-01 -1.172256708145141602e+00 1.385155558586120605e+00 -2.218438088893890381e-01 -1.448009759187698364e-01 -2.166891694068908691e-01
1.253899097442626953e+00 -1.228100180625915527e+00 1.465933084487915039e+00 -2.523539662361145020e-01 -2.103664577007293701e-01 -1.360311508178710938e-01
1.235284924507141113e+00 -1.168597817420959473e+00 1.198337435722351074e+00 -2.790051698684692383e-01 -1.679253429174423218e-01 -1.496032178401947021e-01
1.274663805961608887e+00 -1.443493366241455078e+00 1.238213062286376953e+00 -2.713532447814941406e-01 -1.939475238323211670e-01 -1.619293689727783203e-01
1.032557964324951172e+00 -1.384935498237609863e+00 1.163853049278259277e+00 -2.770690917968750000e-01 -1.423052102327346802e-01 -1.894151419401168823e-01
1.031483173370361328e+00 -1.484727501869201660e+00 1.406845450401306152e+00 -2.588724195957183838e-01 -2.022155821323394775e-01 -1.823012232780456543e-01
