1.205566644668579102e+00 -1.219340801239013672e+00 1.202007174491882324e+00 -1.800448000431060791e-01 -2.987170815467834473e-01 -2.519292533397674561e-01
1.206644892692565918e+00 -1.219601631164550781e+00 1.199566483497619629e+00 -1.811128407716751099e-01 -3.009493052959442139e-01 -2.507280111312866211e-01
1.190747141838073730e+00 -1.243443846702575684e+00 1.213684082031250000e+00 -1.688911020755767822e-01 -3.061591386795043945e-01 -2.536153495311737061e-01
1.256068587303161621e+00 -1.129492402076721191e+00 1.100781321525573730e+00 -1.868631988763809204e-01 -2.939932346343994141e-01 -2.404383271932601929e-01
1.234116435050964355e+00 -1.165333986282348633e+00 1.140274405479431152e+00 -1.800840497016906738e-01 -3.119371533393859863e-01 -2.522782683372497559e-01
1.253376364707946777e+00 -1.135097026824951172e+00 1.102031707763671875e+00 -1.993811130523681641e-01 -3.071842491626739502e-01 -2.486701309680938721e-01
1.196509838104248047e+00 -1.229534387588500977e+00 1.212520956993103027e+00 -1.946254074573516846e-01 -3.164545893669128418e-01 -2.590514123439788818e-01
1.143545627593994141e+00 -1.310597777366638184e+00 1.287777543067932129e+00 -1.773148775100708008e-01 -3.206979930400848389e-01 -2.718844711780548096e-01
1.175925493240356445e+00 -1.264174222946166992e+00 1.243081450462341309e+00 -1.804022192955017090e-01 -3.165680468082427979e-01 -2.647252380847930908e-01
1.186442613601684570e+00 -1.246639728546142578e+00 1.228084802627563477e+00 -1.815306693315505981e-01 -3.152238428592681885e-01 -2.610013484954833984e-01
1.189943194389343262e+00 -1.236213564872741699e+00 1.217921614646911621e+00 -1.825479269027709961e-01 -3.086608350276947021e-01 -2.528685331344604492e-01
