1.075108766555786133e+00 -1.073195099830627441e+00 1.253826856613159180e+00 -1.736774444580078125e-01 -2.335920333862304688e-01 -1.330600976943969727e-01
1.202388286590576172e+00 -1.234234333038330078e+00 1.209544181823730469e+00 -1.643289327621459961e-01 -2.095198929309844971e-01 -1.869682371616363525e-01
1.218262195587158203e+00 -1.192189216613769531e+00 1.179203271865844727e+00 -1.849680691957473755e-01 -1.895196139812469482e-01 -1.816282123327255249e-01
1.214937090873718262e+00 -1.207312345504760742e+00 1.206727981567382812e+00 -1.637599319219589233e-01 -2.186121493577957153e-01 -1.736605763435363770e-01
1.235457181930541992e+00 -1.206316232681274414e+00 1.192489027976989746e+00 -1.810683310031890869e-01 -2.478173375129699707e-01 -1.753289848566055298e-01
1.218886375427246094e+00 -1.196719765663146973e+00 1.179085254669189453e+00 -1.647619307041168213e-01 -2.192614078521728516e-01 -1.903189122676849365e-01
1.209456682205200195e+00 -1.206888437271118164e+00 1.187789797782897949e+00 -1.763386875391006470e-01 -2.212418764829635620e-01 -1.728695482015609741e-01
1.213498950004577637e+00 -1.198680400848388672e+00 1.179135680198669434e+00 -1.793640106916427612e-01 -2.069135904312133789e-01 -1.806931197643280029e-01
1.220688819885253906e+00 -1.192555427551269531e+00 1.174549460411071777e+00 -1.780152320861816406e-01 -2.080942094326019287e-01 -1.814804375171661377e-01
1.208340287208557129e+00 -1.214345574378967285e+00 1.198874354362487793e+00 -1.731631457805633545e-01 -2.090484201908111572e-01 -1.770928800106048584e-01
1.218900799751281738e+00 -1.188834309577941895e+00 1.175105214118957520e+00 -1.687910258769989014e-01 -2.088186442852020264e-01 -1.784494966268539429e-01
