1.176721334457397461e+00 -1.405414581298828125e+00 9.561365246772766113e-01 -2.127062976360321045e-01 -1.229508146643638611e-01 -1.749108582735061646e-01
1.201490402221679688e+00 -1.204768180847167969e+00 1.217496514320373535e+00 -2.156553119421005249e-01 -1.637028753757476807e-01 -1.387809067964553833e-01
1.195105075836181641e+00 -1.231480002403259277e+00 1.223067522048950195e+00 -1.884879469871520996e-01 -1.664014905691146851e-01 -1.489630341529846191e-01
1.205285549163818359e+00 -1.199987292289733887e+00 1.212651014328002930e+00 -2.045047581195831299e-01 -1.659996509552001953e-01 -1.638624072074890137e-01
1.213769674301147461e+00 -1.206063270568847656e+00 1.203069448471069336e+00 -1.996731460094451904e-01 -1.619340181350708008e-01 -1.590357720851898193e-01
1.209181189537048340e+00 -1.212971448898315430e+00 1.195084691047668457e+00 -1.970480382442474365e-01 -1.642879396677017212e-01 -1.576818525791168213e-01
1.220098614692687988e+00 -1.197608470916748047e+00 1.187789559364318848e+00 -2.004465162754058838e-01 -1.652281731367111206e-01 -1.471090018749237061e-01
1.210970520973205566e+00 -1.207480192184448242e+00 1.193340539932250977e+00 -2.021636217832565308e-01 -1.650441586971282959e-01 -1.449726223945617676e-01
1.195584058761596680e+00 -1.224608063697814941e+00 1.208118557929992676e+00 -1.958784610033035278e-01 -1.576481312513351440e-01 -1.364619731903076172e-01
1.209316492080688477e+00 -1.207801699638366699e+00 1.188982486724853516e+00 -2.020696401596069336e-01 -1.531777977943420410e-01 -1.406209617853164673e-01
1.213203787803649902e+00 -1.204004168510437012e+00 1.192905068397521973e+00 -2.022961676120758057e-01 -1.545144170522689819e-01 -1.430487930774688721e-01
