1.228661060333251953e+00 -1.171185135841369629e+00 1.247593998908996582e+00 -1.628564596176147461e-01 -2.308416664600372314e-01 -2.363907396793365479e-01
1.203649282455444336e+00 -1.217313170433044434e+00 1.198598027229309082e+00 -1.741696745157241821e-01 -2.383652329444885254e-01 -2.153661251068115234e-01
1.187647700309753418e+00 -1.243529438972473145e+00 1.224543571472167969e+00 -1.591293513774871826e-01 -2.412892580032348633e-01 -2.076603621244430542e-01
1.202904701232910156e+00 -1.231305122375488281e+00 1.215968728065490723e+00 -1.728301644325256348e-01 -2.332212477922439575e-01 -1.911611557006835938e-01
1.194893240928649902e+00 -1.234214544296264648e+00 1.225017547607421875e+00 -1.805327534675598145e-01 -2.347152680158615112e-01 -2.064950317144393921e-01
1.200289130210876465e+00 -1.226517915725708008e+00 1.212638616561889648e+00 -1.684983968734741211e-01 -2.421705871820449829e-01 -2.149271219968795776e-01
1.203149318695068359e+00 -1.217905521392822266e+00 1.207311272621154785e+00 -1.807650327682495117e-01 -2.387662529945373535e-01 -2.037733197212219238e-01
1.208407044410705566e+00 -1.211682915687561035e+00 1.199771881103515625e+00 -1.889842599630355835e-01 -2.397348731756210327e-01 -2.043900787830352783e-01
1.213585972785949707e+00 -1.207200050354003906e+00 1.194907665252685547e+00 -1.898684948682785034e-01 -2.406966835260391235e-01 -2.006725370883941650e-01
1.205363273620605469e+00 -1.220699429512023926e+00 1.210699200630187988e+00 -1.859229058027267456e-01 -2.406045943498611450e-01 -2.057327032089233398e-01
1.212185382843017578e+00 -1.209865212440490723e+00 1.195027112960815430e+00 -1.813375055789947510e-01 -2.313186675310134888e-01 -2.172315418720245361e-01
