1.262439846992492676e+00 -1.278409242630004883e+00 1.262927293777465820e+00 -1.943473666906356812e-01 -2.227074205875396729e-01 -2.120584845542907715e-01
1.233443260192871094e+00 -1.186357975006103516e+00 1.162552475929260254e+00 -2.115038484334945679e-01 -2.099071741104125977e-01 -1.885145902633666992e-01
1.211697340011596680e+00 -1.217965722084045410e+00 1.188476562500000000e+00 -1.937966942787170410e-01 -2.398451268672943115e-01 -2.120655775070190430e-01
1.173216938972473145e+00 -1.269951224327087402e+00 1.257101297378540039e+00 -2.022224962711334229e-01 -2.179351896047592163e-01 -2.004998475313186646e-01
1.194218397140502930e+00 -1.243760466575622559e+00 1.218310236930847168e+00 -2.045642584562301636e-01 -2.172852456569671631e-01 -2.096992135047912598e-01
1.224430918693542480e+00 -1.200275182723999023e+00 1.176104664802551270e+00 -2.256902158260345459e-01 -2.155929803848266602e-01 -1.933498084545135498e-01
1.233066201210021973e+00 -1.177357912063598633e+00 1.161666989326477051e+00 -2.234089523553848267e-01 -2.070415318012237549e-01 -1.836294829845428467e-01
1.244764804840087891e+00 -1.163982868194580078e+00 1.153207898139953613e+00 -2.205134034156799316e-01 -2.116179317235946655e-01 -1.772018671035766602e-01
1.241170167922973633e+00 -1.163920164108276367e+00 1.154661536216735840e+00 -2.130158841609954834e-01 -2.077036052942276001e-01 -1.688485890626907349e-01
1.241139292716979980e+00 -1.176116704940795898e+00 1.159514904022216797e+00 -2.071402966976165771e-01 -2.089841663837432861e-01 -1.842784285545349121e-01
1.231405496597290039e+00 -1.183650732040405273e+00 1.167364001274108887e+00 -2.096980810165405273e-01 -2.138519585132598877e-01 -1.874154359102249146e-01
