1.174201369285583496e+00 -1.228933215141296387e+00 1.204322099685668945e+00 -2.335737198591232300e-01 -2.063118368387222290e-01 -2.170862853527069092e-01
1.206377029418945312e+00 -1.208401799201965332e+00 1.201909899711608887e+00 -2.426034361124038696e-01 -2.140695750713348389e-01 -1.979122608900070190e-01
1.163905024528503418e+00 -1.279463291168212891e+00 1.259948611259460449e+00 -2.210464924573898315e-01 -2.095437198877334595e-01 -2.181060463190078735e-01
1.212037920951843262e+00 -1.202267289161682129e+00 1.188531517982482910e+00 -2.479381859302520752e-01 -2.138832956552505493e-01 -1.983789205551147461e-01
1.214614033699035645e+00 -1.207242012023925781e+00 1.197972178459167480e+00 -2.602256536483764648e-01 -2.276495993137359619e-01 -2.117857038974761963e-01
1.211397290229797363e+00 -1.205100059509277344e+00 1.184604525566101074e+00 -2.511096894741058350e-01 -2.089371830224990845e-01 -1.954581737518310547e-01
1.224653482437133789e+00 -1.189658284187316895e+00 1.172311663627624512e+00 -2.455826699733734131e-01 -2.229445874691009521e-01 -1.917452216148376465e-01
1.231483697891235352e+00 -1.171300530433654785e+00 1.157643675804138184e+00 -2.468915879726409912e-01 -2.240669131278991699e-01 -1.965842843055725098e-01
1.221278548240661621e+00 -1.184999704360961914e+00 1.174814224243164062e+00 -2.424640059471130371e-01 -2.168314754962921143e-01 -2.002336233854293823e-01
1.216012477874755859e+00 -1.192343950271606445e+00 1.174681663513183594e+00 -2.430583536624908447e-01 -2.134646475315093994e-01 -1.986108720302581787e-01
1.216912984848022461e+00 -1.192594170570373535e+00 1.179240584373474121e+00 -2.442035973072052002e-01 -2.099323719739913940e-01 -1.913994699716567993e-01
