1.205099344253540039e+00 -1.225049853324890137e+00 1.209686875343322754e+00 -2.609409093856811523e-01 -2.118086367845535278e-01 -2.015748471021652222e-01
1.201421737670898438e+00 -1.215866923332214355e+00 1.226444959640502930e+00 -2.616063356399536133e-01 -2.161822915077209473e-01 -1.986908018589019775e-01
1.201592445373535156e+00 -1.210757255554199219e+00 1.239228010177612305e+00 -2.616878449916839600e-01 -2.183128595352172852e-01 -1.985777616500854492e-01
1.202439785003662109e+00 -1.206936955451965332e+00 1.248403429985046387e+00 -2.619009912014007568e-01 -2.193281352519989014e-01 -1.987305283546447754e-01
1.201689600944519043e+00 -1.205753684043884277e+00 1.254154562950134277e+00 -2.628197968006134033e-01 -2.208766639232635498e-01 -1.977112740278244019e-01
1.199383378028869629e+00 -1.203709721565246582e+00 1.257809638977050781e+00 -2.634443342685699463e-01 -2.207938730716705322e-01 -1.978684812784194946e-01
1.199423074722290039e+00 -1.202752709388732910e+00 1.262604475021362305e+00 -2.642163336277008057e-01 -2.213955223560333252e-01 -1.978489905595779419e-01
1.198282241821289062e+00 -1.200710535049438477e+00 1.266903400421142578e+00 -2.651495933532714844e-01 -2.224442064762115479e-01 -1.970471590757369995e-01
1.197261452674865723e+00 -1.200025558471679688e+00 1.270265460014343262e+00 -2.661665081977844238e-01 -2.230834811925888062e-01 -1.966394186019897461e-01
1.196261763572692871e+00 -1.198915958404541016e+00 1.273760080337524414e+00 -2.670015990734100342e-01 -2.235905230045318604e-01 -1.963922083377838135e-01
