1.198742389678955078e+00 -1.238155126571655273e+00 1.217021107673645020e+00 -1.378246694803237915e-01 -2.230060547590255737e-01 -2.046144753694534302e-01
1.217782497406005859e+00 -1.094901084899902344e+00 1.186897754669189453e+00 -1.453171372413635254e-01 -2.258242070674896240e-01 -1.935807615518569946e-01
1.382193088531494141e+00 -1.097985148429870605e+00 1.116140365600585938e+00 -1.563580036163330078e-01 -2.327626347541809082e-01 -1.813153028488159180e-01
1.368918418884277344e+00 -1.129665255546569824e+00 9.240704774856567383e-01 -1.727762520313262939e-01 -2.159533500671386719e-01 -1.690094769001007080e-01
1.336483240127563477e+00 -1.288787841796875000e+00 9.035709500312805176e-01 -1.691093742847442627e-01 -2.116160392761230469e-01 -1.920725703239440918e-01
1.180565357208251953e+00 -1.325991988182067871e+00 9.837523698806762695e-01 -1.549406498670578003e-01 -1.960362195968627930e-01 -2.050951123237609863e-01
1.147342443466186523e+00 -1.273099660873413086e+00 1.166845798492431641e+00 -1.340329945087432861e-01 -2.000427693128585815e-01 -2.180370837450027466e-01
1.214397311210632324e+00 -1.099973917007446289e+00 1.194848060607910156e+00 -1.448342800140380859e-01 -2.246285080909729004e-01 -1.840209066867828369e-01
1.372205972671508789e+00 -1.091731071472167969e+00 1.125522255897521973e+00 -1.547915786504745483e-01 -2.267786711454391479e-01 -1.770588159561157227e-01
1.373490810394287109e+00 -1.128817677497863770e+00 9.455754160881042480e-01 -1.687385439872741699e-01 -2.070200592279434204e-01 -1.746037453413009644e-01
