1.340577960014343262e+00 -1.345149397850036621e+00 1.214729070663452148e+00 -2.547148764133453369e-01 -2.137020975351333618e-01 -2.079559564590454102e-01
1.339224576950073242e+00 -1.343710064888000488e+00 1.214411497116088867e+00 -2.546397447586059570e-01 -2.134997099637985229e-01 -2.078763395547866821e-01
1.335619688034057617e+00 -1.339759588241577148e+00 1.213554143905639648e+00 -2.543698251247406006e-01 -2.128651142120361328e-01 -2.078276276588439941e-01
1.325817584991455078e+00 -1.329064249992370605e+00 1.211189150810241699e+00 -2.534403204917907715e-01 -2.109672874212265015e-01 -2.080761939287185669e-01
1.298845648765563965e+00 -1.302389264106750488e+00 1.205271124839782715e+00 -2.510157525539398193e-01 -2.060296982526779175e-01 -2.077575325965881348e-01
1.251598238945007324e+00 -1.258193254470825195e+00 1.198605656623840332e+00 -2.450647652149200439e-01 -1.944098472595214844e-01 -2.107377052307128906e-01
1.218413233757019043e+00 -1.230904817581176758e+00 1.198980212211608887e+00 -2.435989677906036377e-01 -1.924702376127243042e-01 -2.057553231716156006e-01
1.211668014526367188e+00 -1.224864840507507324e+00 1.203417181968688965e+00 -2.444359362125396729e-01 -1.957949995994567871e-01 -2.037069499492645264e-01
1.210657477378845215e+00 -1.223098635673522949e+00 1.204254984855651855e+00 -2.444679141044616699e-01 -1.969684958457946777e-01 -2.063424289226531982e-01
1.211547374725341797e+00 -1.222078680992126465e+00 1.203560829162597656e+00 -2.439565956592559814e-01 -1.967026591300964355e-01 -2.100789099931716919e-01
1.212787032127380371e+00 -1.222564220428466797e+00 1.202197194099426270e+00 -2.431658357381820679e-01 -1.955745667219161987e-01 -2.139347493648529053e-01
