1.223014235496520996e+00 -1.235439658164978027e+00 1.211784362792968750e+00 -1.364456564188003540e-01 -2.369488179683685303e-01 -2.648577690124511719e-01
1.222917795181274414e+00 -1.235331416130065918e+00 1.211761593818664551e+00 -1.364940106868743896e-01 -2.370060682296752930e-01 -2.647714018821716309e-01
1.222650051116943359e+00 -1.235010862350463867e+00 1.211661338806152344e+00 -1.366485059261322021e-01 -2.371945828199386597e-01 -2.644984126091003418e-01
1.222018837928771973e+00 -1.233949065208435059e+00 1.211235642433166504e+00 -1.371641159057617188e-01 -2.378169596195220947e-01 -2.636096477508544922e-01
1.220711827278137207e+00 -1.230965495109558105e+00 1.210298180580139160e+00 -1.382673978805541992e-01 -2.390447556972503662e-01 -2.617237865924835205e-01
1.218795299530029297e+00 -1.224513053894042969e+00 1.207121729850769043e+00 -1.404452770948410034e-01 -2.414035350084304810e-01 -2.582318186759948730e-01
1.217648506164550781e+00 -1.218951106071472168e+00 1.202300786972045898e+00 -1.435837596654891968e-01 -2.447794377803802490e-01 -2.537227272987365723e-01
1.217983841896057129e+00 -1.215790152549743652e+00 1.199889659881591797e+00 -1.467993408441543579e-01 -2.482943683862686157e-01 -2.491106390953063965e-01
1.217335462570190430e+00 -1.213766455650329590e+00 1.198042392730712891e+00 -1.492352932691574097e-01 -2.501234412193298340e-01 -2.468360215425491333e-01
1.217977523803710938e+00 -1.212465286254882812e+00 1.195280432701110840e+00 -1.508802175521850586e-01 -2.504398524761199951e-01 -2.473139166831970215e-01
1.221446037292480469e+00 -1.209229826927185059e+00 1.192354321479797363e+00 -1.529500782489776611e-01 -2.515024542808532715e-01 -2.468032538890838623e-01
