1.204605579376220703e+00 -1.104524374008178711e+00 1.215002655982971191e+00 -2.287143766880035400e-01 -1.620050221681594849e-01 -7.443539053201675415e-02
1.206170797348022461e+00 -1.104133486747741699e+00 1.213267207145690918e+00 -2.284459024667739868e-01 -1.615250706672668457e-01 -7.545743882656097412e-02
1.210642218589782715e+00 -1.102676987648010254e+00 1.208326816558837891e+00 -2.276191115379333496e-01 -1.600166261196136475e-01 -7.848267257213592529e-02
1.224127173423767090e+00 -1.096639037132263184e+00 1.192910671234130859e+00 -2.250527739524841309e-01 -1.552421599626541138e-01 -8.763622492551803589e-02
1.251850366592407227e+00 -1.087102770805358887e+00 1.157542347908020020e+00 -2.206765711307525635e-01 -1.478727459907531738e-01 -1.037277132272720337e-01
1.286790013313293457e+00 -1.080263972282409668e+00 1.106480836868286133e+00 -2.169047147035598755e-01 -1.412301659584045410e-01 -1.206567138433456421e-01
1.306188941001892090e+00 -1.074704647064208984e+00 1.077855944633483887e+00 -2.173330932855606079e-01 -1.392807811498641968e-01 -1.249009221792221069e-01
1.320084571838378906e+00 -1.047816872596740723e+00 1.054952740669250488e+00 -2.169861942529678345e-01 -1.411857008934020996e-01 -1.218143701553344727e-01
1.332434654235839844e+00 -1.023793101310729980e+00 1.022324323654174805e+00 -2.151140272617340088e-01 -1.459753066301345825e-01 -1.172328740358352661e-01
1.339967966079711914e+00 -1.010021924972534180e+00 1.002240538597106934e+00 -2.146106809377670288e-01 -1.440553069114685059e-01 -1.222669482231140137e-01
1.342524886131286621e+00 -1.000723719596862793e+00 1.002875089645385742e+00 -2.185594290494918823e-01 -1.392785608768463135e-01 -1.243370771408081055e-01
