1.204133749008178711e+00 -1.209423542022705078e+00 1.208788275718688965e+00 -1.744546890258789062e-01 -1.721147447824478149e-01 -2.172320336103439331e-01
1.204213142395019531e+00 -1.209576129913330078e+00 1.208785891532897949e+00 -1.745005100965499878e-01 -1.722278445959091187e-01 -2.170965969562530518e-01
1.204350829124450684e+00 -1.210086703300476074e+00 1.208789229393005371e+00 -1.746286451816558838e-01 -1.725730448961257935e-01 -2.166857421398162842e-01
1.204809904098510742e+00 -1.211395740509033203e+00 1.208673119544982910e+00 -1.749491095542907715e-01 -1.733324080705642700e-01 -2.158425301313400269e-01
1.207313776016235352e+00 -1.213412284851074219e+00 1.207950592041015625e+00 -1.758019328117370605e-01 -1.748619079589843750e-01 -2.142471969127655029e-01
1.209425210952758789e+00 -1.219306111335754395e+00 1.207404017448425293e+00 -1.782324314117431641e-01 -1.806697696447372437e-01 -2.074201107025146484e-01
1.210662961006164551e+00 -1.225031852722167969e+00 1.210405349731445312e+00 -1.811478286981582642e-01 -1.870453655719757080e-01 -1.996751129627227783e-01
1.210879802703857422e+00 -1.229062080383300781e+00 1.214150667190551758e+00 -1.834275871515274048e-01 -1.903360784053802490e-01 -1.960434615612030029e-01
1.208394527435302734e+00 -1.232104182243347168e+00 1.216395974159240723e+00 -1.850322932004928589e-01 -1.915358603000640869e-01 -1.955951750278472900e-01
1.205667614936828613e+00 -1.235046148300170898e+00 1.218650460243225098e+00 -1.865356713533401489e-01 -1.930148005485534668e-01 -1.953217238187789917e-01
1.205026745796203613e+00 -1.237436294555664062e+00 1.220646858215332031e+00 -1.885486543178558350e-01 -1.959215402603149414e-01 -1.929846554994583130e-01
