1.276517391204833984e+00 -1.145692706108093262e+00 1.154892444610595703e+00 -1.838060468435287476e-01 -2.303657680749893188e-01 -1.902872025966644287e-01
1.205441236495971680e+00 -1.220448255538940430e+00 1.203080892562866211e+00 -1.807735413312911987e-01 -2.332800626754760742e-01 -1.915075778961181641e-01
1.205616474151611328e+00 -1.219395160675048828e+00 1.202768087387084961e+00 -1.957021355628967285e-01 -2.606317698955535889e-01 -2.193561792373657227e-01
1.205676198005676270e+00 -1.220663785934448242e+00 1.203170299530029297e+00 -1.898153722286224365e-01 -2.445332854986190796e-01 -2.042386829853057861e-01
1.206102132797241211e+00 -1.220433950424194336e+00 1.202049970626831055e+00 -1.829765141010284424e-01 -2.392331957817077637e-01 -1.982004791498184204e-01
1.205313086509704590e+00 -1.220628142356872559e+00 1.201175808906555176e+00 -1.797276437282562256e-01 -2.372444123029708862e-01 -1.955372691154479980e-01
1.205489158630371094e+00 -1.220676660537719727e+00 1.202163577079772949e+00 -1.768636703491210938e-01 -2.411357462406158447e-01 -1.910758912563323975e-01
1.204892158508300781e+00 -1.221497297286987305e+00 1.203071236610412598e+00 -1.746123582124710083e-01 -2.468650192022323608e-01 -2.058524042367935181e-01
1.205713868141174316e+00 -1.220294117927551270e+00 1.202465295791625977e+00 -1.841454058885574341e-01 -2.445832937955856323e-01 -2.064187675714492798e-01
1.206931114196777344e+00 -1.218213200569152832e+00 1.202407360076904297e+00 -1.749226152896881104e-01 -2.444897294044494629e-01 -1.980156898498535156e-01
1.208992958068847656e+00 -1.215775847434997559e+00 1.198615431785583496e+00 -1.832298338413238525e-01 -2.393890917301177979e-01 -2.101392149925231934e-01
