1.039998531341552734e+00 -1.315336227416992188e+00 1.202255129814147949e+00 -2.002502232789993286e-01 -1.186658963561058044e-01 -1.522101908922195435e-01
1.209874629974365234e+00 -1.214368462562561035e+00 1.199640274047851562e+00 -2.139292508363723755e-01 -1.366933435201644897e-01 -1.176243871450424194e-01
1.211646318435668945e+00 -1.215905547142028809e+00 1.203160285949707031e+00 -1.978973299264907837e-01 -1.323837786912918091e-01 -1.407262235879898071e-01
1.210053443908691406e+00 -1.217317819595336914e+00 1.201060056686401367e+00 -2.047571986913681030e-01 -1.100724488496780396e-01 -1.274594366550445557e-01
1.210010051727294922e+00 -1.215070962905883789e+00 1.199018597602844238e+00 -2.125904113054275513e-01 -1.252095550298690796e-01 -1.100841090083122253e-01
1.205979466438293457e+00 -1.220339655876159668e+00 1.201523303985595703e+00 -2.090722620487213135e-01 -1.348761171102523804e-01 -9.689302742481231689e-02
1.207765579223632812e+00 -1.216835141181945801e+00 1.202200531959533691e+00 -2.060351073741912842e-01 -1.406251937150955200e-01 -1.157663613557815552e-01
1.210672855377197266e+00 -1.214467406272888184e+00 1.199852705001831055e+00 -2.150679528713226318e-01 -1.429468691349029541e-01 -1.391941457986831665e-01
1.210303902626037598e+00 -1.215823888778686523e+00 1.200449228286743164e+00 -2.057811319828033447e-01 -1.354362666606903076e-01 -1.310419142246246338e-01
1.210941910743713379e+00 -1.215259432792663574e+00 1.200461387634277344e+00 -2.180508226156234741e-01 -1.353769451379776001e-01 -1.450928449630737305e-01
1.210346698760986328e+00 -1.214226961135864258e+00 1.198129415512084961e+00 -2.183675765991210938e-01 -1.360970735549926758e-01 -1.314532458782196045e-01
