1.197237610816955566e+00 -1.233526945114135742e+00 1.166705131530761719e+00 -1.058743223547935486e-01 -2.422714531421661377e-01 -1.762259602546691895e-01
1.210604429244995117e+00 -1.213394165039062500e+00 1.195288896560668945e+00 -1.154676228761672974e-01 -2.423151880502700806e-01 -2.048684209585189819e-01
1.201783657073974609e+00 -1.226661682128906250e+00 1.208534717559814453e+00 -6.893895566463470459e-02 -2.615375518798828125e-01 -2.143189013004302979e-01
1.210420846939086914e+00 -1.215041041374206543e+00 1.196036815643310547e+00 -9.129122644662857056e-02 -2.511191070079803467e-01 -2.000968605279922485e-01
1.211565494537353516e+00 -1.214488148689270020e+00 1.196857094764709473e+00 -1.069106459617614746e-01 -2.383061945438385010e-01 -1.991971433162689209e-01
1.211127519607543945e+00 -1.214761137962341309e+00 1.196839690208435059e+00 -1.195150762796401978e-01 -2.507414519786834717e-01 -2.063059657812118530e-01
1.209235906600952148e+00 -1.215425133705139160e+00 1.198856830596923828e+00 -1.202668473124504089e-01 -2.471966594457626343e-01 -2.033006548881530762e-01
1.211934328079223633e+00 -1.213097929954528809e+00 1.193101525306701660e+00 -1.109896153211593628e-01 -2.344842255115509033e-01 -1.971035003662109375e-01
1.211397409439086914e+00 -1.212676405906677246e+00 1.195305705070495605e+00 -1.199444681406021118e-01 -2.418009340763092041e-01 -1.978777796030044556e-01
1.208311557769775391e+00 -1.217159152030944824e+00 1.199037313461303711e+00 -1.193283796310424805e-01 -2.479182332754135132e-01 -1.986999809741973877e-01
1.209648251533508301e+00 -1.215029478073120117e+00 1.197018861770629883e+00 -1.175768822431564331e-01 -2.538619041442871094e-01 -1.991456598043441772e-01
