1.113168239593505859e+00 -1.333406090736389160e+00 1.043886303901672363e+00 -1.904785484075546265e-01 -1.921177208423614502e-01 -2.063693851232528687e-01
1.205284714698791504e+00 -1.224036931991577148e+00 1.206581950187683105e+00 -1.627268195152282715e-01 -2.085435539484024048e-01 -1.910371929407119751e-01
1.206549048423767090e+00 -1.222509264945983887e+00 1.209541082382202148e+00 -1.701108664274215698e-01 -2.332890629768371582e-01 -2.172845304012298584e-01
1.206053733825683594e+00 -1.221025586128234863e+00 1.209045410156250000e+00 -1.751959174871444702e-01 -2.321242094039916992e-01 -2.087129056453704834e-01
1.204704880714416504e+00 -1.221601128578186035e+00 1.205585002899169922e+00 -1.860083192586898804e-01 -2.294391691684722900e-01 -1.892615407705307007e-01
1.204383850097656250e+00 -1.224577546119689941e+00 1.208698749542236328e+00 -1.627120673656463623e-01 -2.341470420360565186e-01 -2.042577266693115234e-01
1.205052137374877930e+00 -1.223374962806701660e+00 1.207897305488586426e+00 -1.737001091241836548e-01 -2.345009297132492065e-01 -1.913331747055053711e-01
1.205516338348388672e+00 -1.222112774848937988e+00 1.207346200942993164e+00 -1.770885735750198364e-01 -2.382458299398422241e-01 -1.986842453479766846e-01
1.203473210334777832e+00 -1.224773645401000977e+00 1.209004878997802734e+00 -1.697728931903839111e-01 -2.416979670524597168e-01 -2.035936862230300903e-01
1.205538392066955566e+00 -1.222012042999267578e+00 1.207219243049621582e+00 -1.622388660907745361e-01 -2.434239089488983154e-01 -2.062615901231765747e-01
1.205142974853515625e+00 -1.222220778465270996e+00 1.206934571266174316e+00 -1.695012003183364868e-01 -2.414050847291946411e-01 -2.009591758251190186e-01
