1.134626865386962891e+00 -1.277227640151977539e+00 1.310535669326782227e+00 -1.905644685029983521e-01 -2.361987084150314331e-01 -2.266271114349365234e-01
1.208053112030029297e+00 -1.217575311660766602e+00 1.201705694198608398e+00 -2.081674933433532715e-01 -2.303437590599060059e-01 -2.027043104171752930e-01
1.209932804107666016e+00 -1.215729951858520508e+00 1.199613809585571289e+00 -2.099142521619796753e-01 -1.957205682992935181e-01 -1.748347282409667969e-01
1.205017089843750000e+00 -1.219400286674499512e+00 1.200927853584289551e+00 -2.004665136337280273e-01 -2.290610373020172119e-01 -1.842596232891082764e-01
1.203654408454895020e+00 -1.222382307052612305e+00 1.204901218414306641e+00 -1.974846124649047852e-01 -2.302148938179016113e-01 -2.013266831636428833e-01
1.206819176673889160e+00 -1.218330264091491699e+00 1.201470732688903809e+00 -2.128762751817703247e-01 -2.226794511079788208e-01 -1.943407207727432251e-01
1.208310365676879883e+00 -1.216277003288269043e+00 1.196635127067565918e+00 -2.097454667091369629e-01 -2.374552488327026367e-01 -2.024627178907394409e-01
1.204422831535339355e+00 -1.223051548004150391e+00 1.205434441566467285e+00 -2.090685516595840454e-01 -2.329014986753463745e-01 -2.044233083724975586e-01
1.205537319183349609e+00 -1.219570517539978027e+00 1.200829386711120605e+00 -2.119184583425521851e-01 -2.244580984115600586e-01 -1.992260813713073730e-01
1.206802248954772949e+00 -1.217734932899475098e+00 1.200545072555541992e+00 -2.170347720384597778e-01 -2.327689379453659058e-01 -2.027187049388885498e-01
1.206910014152526855e+00 -1.218151569366455078e+00 1.200521469116210938e+00 -2.202264070510864258e-01 -2.311851829290390015e-01 -2.046993970870971680e-01
