1.243914008140563965e+00 -1.159909367561340332e+00 1.145136117935180664e+00 -2.158940434455871582e-01 -1.709386110305786133e-01 -1.678680181503295898e-01
1.209487557411193848e+00 -1.380171179771423340e+00 1.052787542343139648e+00 -2.333509624004364014e-01 -1.686183512210845947e-01 -1.601895391941070557e-01
9.843986630439758301e-01 -1.436134099960327148e+00 1.064598083496093750e+00 -2.308668494224548340e-01 -1.499252319335937500e-01 -2.192718386650085449e-01
9.080222845077514648e-01 -1.413378119468688965e+00 1.281785607337951660e+00 -2.214970588684082031e-01 -1.862497180700302124e-01 -1.971925050020217896e-01
9.539080858230590820e-01 -1.191430211067199707e+00 1.344609737396240234e+00 -2.036556452512741089e-01 -1.664918363094329834e-01 -1.913133263587951660e-01
1.198769569396972656e+00 -1.130064725875854492e+00 1.305867671966552734e+00 -2.121493965387344360e-01 -1.738430261611938477e-01 -1.624140143394470215e-01
1.267421483993530273e+00 -1.180136084556579590e+00 1.060261607170104980e+00 -2.323507219552993774e-01 -1.520775109529495239e-01 -1.328797042369842529e-01
1.187690019607543945e+00 -1.442040324211120605e+00 1.006770968437194824e+00 -2.448863238096237183e-01 -1.460629254579544067e-01 -1.306694597005844116e-01
9.128984808921813965e-01 -1.464839577674865723e+00 1.073638558387756348e+00 -2.547951638698577881e-01 -9.112805873155593872e-02 -2.207883447408676147e-01
8.708803653717041016e-01 -1.395667076110839844e+00 1.352497100830078125e+00 -2.457021474838256836e-01 -1.593000888824462891e-01 -1.711401343345642090e-01
