1.230766654014587402e+00 -1.184330940246582031e+00 1.167382001876831055e+00 -1.330320090055465698e-01 -1.999818384647369385e-01 -1.677044183015823364e-01
1.137628078460693359e+00 -1.104241251945495605e+00 1.095420956611633301e+00 -1.444780230522155762e-01 -1.970731467008590698e-01 -1.629280298948287964e-01
1.238871693611145020e+00 -1.149648666381835938e+00 1.161779761314392090e+00 -1.448442935943603516e-01 -2.352033108472824097e-01 -1.408341526985168457e-01
1.177205681800842285e+00 -1.101687669754028320e+00 1.077459573745727539e+00 -1.637224256992340088e-01 -2.052767276763916016e-01 -1.619535833597183228e-01
1.237164616584777832e+00 -1.169491767883300781e+00 1.122997760772705078e+00 -1.615692824125289917e-01 -2.321700453758239746e-01 -1.387903094291687012e-01
1.154705405235290527e+00 -1.141738295555114746e+00 1.084898591041564941e+00 -1.759220361709594727e-01 -2.078124582767486572e-01 -1.614249050617218018e-01
1.200686335563659668e+00 -1.154894590377807617e+00 1.142699003219604492e+00 -1.757953315973281860e-01 -2.358716577291488647e-01 -1.300814151763916016e-01
1.179079890251159668e+00 -1.111444830894470215e+00 1.109949707984924316e+00 -1.846871078014373779e-01 -2.230271995067596436e-01 -1.396320760250091553e-01
1.226992249488830566e+00 -1.136734604835510254e+00 1.120046734809875488e+00 -1.883425414562225342e-01 -2.395453453063964844e-01 -1.212239265441894531e-01
1.188126564025878906e+00 -1.142233490943908691e+00 1.089736461639404297e+00 -1.985192447900772095e-01 -2.250126600265502930e-01 -1.260327994823455811e-01
