1.223789930343627930e+00 -1.189275979995727539e+00 1.171293735504150391e+00 -1.697412729263305664e-01 -1.598968952894210815e-01 -1.385947614908218384e-01
1.208827018737792969e+00 -1.189605355262756348e+00 1.153079152107238770e+00 -1.730238199234008789e-01 -1.595365852117538452e-01 -1.356336772441864014e-01
1.216876745223999023e+00 -1.193699479103088379e+00 1.154962062835693359e+00 -1.740445643663406372e-01 -1.585525870323181152e-01 -1.368775069713592529e-01
1.211471557617187500e+00 -1.195703148841857910e+00 1.149023890495300293e+00 -1.737550944089889526e-01 -1.587886214256286621e-01 -1.357196867465972900e-01
1.211935281753540039e+00 -1.196111321449279785e+00 1.151051044464111328e+00 -1.733563095331192017e-01 -1.602798104286193848e-01 -1.371071487665176392e-01
1.210732817649841309e+00 -1.196546196937561035e+00 1.152440309524536133e+00 -1.738623082637786865e-01 -1.610096842050552368e-01 -1.348886489868164062e-01
1.210432529449462891e+00 -1.195519924163818359e+00 1.153088808059692383e+00 -1.725600659847259521e-01 -1.616582125425338745e-01 -1.368929892778396606e-01
1.210970759391784668e+00 -1.195522785186767578e+00 1.155032396316528320e+00 -1.732697188854217529e-01 -1.630611866712570190e-01 -1.376467347145080566e-01
1.211346745491027832e+00 -1.193318843841552734e+00 1.153585791587829590e+00 -1.733653992414474487e-01 -1.622243672609329224e-01 -1.377174258232116699e-01
1.213059425354003906e+00 -1.194205522537231445e+00 1.154503941535949707e+00 -1.733767092227935791e-01 -1.600096523761749268e-01 -1.402435749769210815e-01
