1.220363616943359375e+00 -1.203583478927612305e+00 1.184412717819213867e+00 -1.107194274663925171e-01 -1.430626660585403442e-01 -1.474806070327758789e-01
1.250509500503540039e+00 -1.063641190528869629e+00 1.174139380455017090e+00 -1.087920740246772766e-01 -1.428623199462890625e-01 -1.615119725465774536e-01
1.402677893638610840e+00 -1.044883728027343750e+00 1.100594758987426758e+00 -1.241706609725952148e-01 -1.574120223522186279e-01 -1.244043856859207153e-01
1.390172481536865234e+00 -1.119841098785400391e+00 9.497431516647338867e-01 -1.415031105279922485e-01 -1.285787820816040039e-01 -1.394084244966506958e-01
1.320676326751708984e+00 -1.257435321807861328e+00 9.509248733520507812e-01 -1.395709812641143799e-01 -1.397788375616073608e-01 -1.186817139387130737e-01
1.192992925643920898e+00 -1.265882611274719238e+00 1.046648740768432617e+00 -1.401966065168380737e-01 -1.234092488884925842e-01 -1.732233613729476929e-01
1.199924111366271973e+00 -1.185829162597656250e+00 1.187585473060607910e+00 -1.336315125226974487e-01 -1.448261439800262451e-01 -1.305981576442718506e-01
1.267850875854492188e+00 -1.063308715820312500e+00 1.196263551712036133e+00 -1.266890764236450195e-01 -1.456784158945083618e-01 -1.460150182247161865e-01
1.387298464775085449e+00 -1.040572404861450195e+00 1.103329300880432129e+00 -1.436558812856674194e-01 -1.420176476240158081e-01 -1.238524094223976135e-01
1.392343759536743164e+00 -1.128022074699401855e+00 9.749877452850341797e-01 -1.608466953039169312e-01 -1.324522942304611206e-01 -1.033668145537376404e-01
