1.209353804588317871e+00 -1.219588160514831543e+00 1.200380086898803711e+00 -1.317979395389556885e-01 -2.278848886489868164e-01 -2.207661122083663940e-01
1.210596919059753418e+00 -1.219159245491027832e+00 1.200546979904174805e+00 -1.314191371202468872e-01 -2.304569035768508911e-01 -2.173092365264892578e-01
1.211352944374084473e+00 -1.218569636344909668e+00 1.200985312461853027e+00 -1.301726996898651123e-01 -2.317668646574020386e-01 -2.136712968349456787e-01
1.211691021919250488e+00 -1.217877745628356934e+00 1.200280427932739258e+00 -1.307751834392547607e-01 -2.305328994989395142e-01 -2.127189934253692627e-01
1.212803483009338379e+00 -1.218860149383544922e+00 1.199548721313476562e+00 -1.301040500402450562e-01 -2.311616986989974976e-01 -2.120376229286193848e-01
1.212194919586181641e+00 -1.219212651252746582e+00 1.197751045227050781e+00 -1.275723278522491455e-01 -2.281893342733383179e-01 -2.143029719591140747e-01
1.212632536888122559e+00 -1.218682408332824707e+00 1.197211742401123047e+00 -1.269035637378692627e-01 -2.289344668388366699e-01 -2.124816179275512695e-01
1.213247179985046387e+00 -1.219391465187072754e+00 1.196465969085693359e+00 -1.261181086301803589e-01 -2.286927551031112671e-01 -2.123475372791290283e-01
1.212659955024719238e+00 -1.219729781150817871e+00 1.195480704307556152e+00 -1.263106465339660645e-01 -2.283414006233215332e-01 -2.123149335384368896e-01
1.212900280952453613e+00 -1.220002293586730957e+00 1.195855855941772461e+00 -1.246628686785697937e-01 -2.266041934490203857e-01 -2.146885395050048828e-01
