1.215163707733154297e+00 -1.209570407867431641e+00 1.190121531486511230e+00 -2.174077779054641724e-01 -1.398938447237014771e-01 -1.496029496192932129e-01
1.078568696975708008e+00 -1.206888794898986816e+00 1.197270750999450684e+00 -1.985359340906143188e-01 -1.410333961248397827e-01 -1.554360091686248779e-01
1.076269268989562988e+00 -1.193239927291870117e+00 1.338909864425659180e+00 -1.723695695400238037e-01 -1.560242623090744019e-01 -1.749266833066940308e-01
1.093543410301208496e+00 -1.046749114990234375e+00 1.318985581398010254e+00 -1.597526073455810547e-01 -1.555324792861938477e-01 -1.685372591018676758e-01
1.234390139579772949e+00 -1.070775032043457031e+00 1.317011475563049316e+00 -1.706504076719284058e-01 -1.790281683206558228e-01 -1.398030370473861694e-01
1.219395756721496582e+00 -1.073353767395019531e+00 1.162152767181396484e+00 -1.813325434923171997e-01 -1.548465490341186523e-01 -1.557797491550445557e-01
1.212832689285278320e+00 -1.236282587051391602e+00 1.194252967834472656e+00 -1.599444448947906494e-01 -1.797966808080673218e-01 -1.538910716772079468e-01
1.049654006958007812e+00 -1.209248661994934082e+00 1.202572464942932129e+00 -1.360924988985061646e-01 -1.350618898868560791e-01 -2.298329919576644897e-01
1.076450467109680176e+00 -1.179773449897766113e+00 1.362591385841369629e+00 -1.286896914243698120e-01 -1.801669895648956299e-01 -1.814654767513275146e-01
1.108564496040344238e+00 -1.020143151283264160e+00 1.313478231430053711e+00 -1.165555939078330994e-01 -1.667030304670333862e-01 -1.984449177980422974e-01
