1.105503201484680176e+00 -1.147159576416015625e+00 1.232685804367065430e+00 -2.380432039499282837e-01 -1.838957518339157104e-01 -1.738617420196533203e-01
1.106178402900695801e+00 -1.148566722869873047e+00 1.233030319213867188e+00 -2.380542755126953125e-01 -1.840565651655197144e-01 -1.738645732402801514e-01
1.107944369316101074e+00 -1.152568459510803223e+00 1.234097003936767578e+00 -2.381127178668975830e-01 -1.845634877681732178e-01 -1.738864183425903320e-01
1.112196803092956543e+00 -1.164206981658935547e+00 1.237738728523254395e+00 -2.382353246212005615e-01 -1.867879331111907959e-01 -1.734251677989959717e-01
1.124795436859130859e+00 -1.191575527191162109e+00 1.244724512100219727e+00 -2.381735146045684814e-01 -1.910414397716522217e-01 -1.732079237699508667e-01
1.148826241493225098e+00 -1.237276554107666016e+00 1.252618551254272461e+00 -2.377451062202453613e-01 -1.899645179510116577e-01 -1.850703656673431396e-01
1.166538238525390625e+00 -1.264374256134033203e+00 1.254662632942199707e+00 -2.409270703792572021e-01 -1.909293234348297119e-01 -1.915812790393829346e-01
1.172341227531433105e+00 -1.268181800842285156e+00 1.254414558410644531e+00 -2.463360428810119629e-01 -1.960009932518005371e-01 -1.877228468656539917e-01
1.172424077987670898e+00 -1.269731760025024414e+00 1.254573464393615723e+00 -2.495696842670440674e-01 -1.988103091716766357e-01 -1.860643774271011353e-01
1.172005414962768555e+00 -1.270923018455505371e+00 1.255272626876831055e+00 -2.510343790054321289e-01 -1.990265548229217529e-01 -1.877882629632949829e-01
1.172393798828125000e+00 -1.269986391067504883e+00 1.255605816841125488e+00 -2.520106732845306396e-01 -1.988101750612258911e-01 -1.901903152465820312e-01
