1.211405515670776367e+00 -9.786472916603088379e-01 1.324917912483215332e+00 -2.901471853256225586e-01 -1.474831104278564453e-01 -2.363819926977157593e-01
1.211155056953430176e+00 -9.816492795944213867e-01 1.324107885360717773e+00 -2.906040251255035400e-01 -1.478310227394104004e-01 -2.357440292835235596e-01
1.210449695587158203e+00 -9.898943901062011719e-01 1.321879625320434570e+00 -2.918691635131835938e-01 -1.488083153963088989e-01 -2.340301275253295898e-01
1.208111643791198730e+00 -1.012883305549621582e+00 1.316344857215881348e+00 -2.951238453388214111e-01 -1.518403589725494385e-01 -2.296448498964309692e-01
1.201017498970031738e+00 -1.072754144668579102e+00 1.302566289901733398e+00 -3.033857345581054688e-01 -1.612021476030349731e-01 -2.186713069677352905e-01
1.187895655632019043e+00 -1.177300572395324707e+00 1.273789882659912109e+00 -3.188444972038269043e-01 -1.785027980804443359e-01 -2.011549174785614014e-01
1.179282188415527344e+00 -1.244139194488525391e+00 1.252367854118347168e+00 -3.240094482898712158e-01 -1.918536573648452759e-01 -1.938268989324569702e-01
1.179677367210388184e+00 -1.255662322044372559e+00 1.243538618087768555e+00 -3.224432468414306641e-01 -1.949013471603393555e-01 -1.954756975173950195e-01
1.180070281028747559e+00 -1.256960272789001465e+00 1.241443991661071777e+00 -3.233131766319274902e-01 -1.972117573022842407e-01 -1.955798268318176270e-01
1.179465174674987793e+00 -1.258164167404174805e+00 1.242639899253845215e+00 -3.252409696578979492e-01 -2.003390192985534668e-01 -1.952277123928070068e-01
1.178554296493530273e+00 -1.259591341018676758e+00 1.244533061981201172e+00 -3.262276947498321533e-01 -2.038397192955017090e-01 -1.957457065582275391e-01
