1.218822002410888672e+00 -1.211444854736328125e+00 1.203195810317993164e+00 -2.036705464124679565e-01 -2.160449922084808350e-01 -1.991688013076782227e-01
1.218703985214233398e+00 -1.211500048637390137e+00 1.203161120414733887e+00 -2.037140429019927979e-01 -2.160695344209671021e-01 -1.991153061389923096e-01
1.218399286270141602e+00 -1.211637854576110840e+00 1.203062176704406738e+00 -2.038178741931915283e-01 -2.161231637001037598e-01 -1.990051567554473877e-01
1.217630624771118164e+00 -1.211990952491760254e+00 1.202769875526428223e+00 -2.039271146059036255e-01 -2.161464095115661621e-01 -1.989183425903320312e-01
1.215450763702392578e+00 -1.213150382041931152e+00 1.202151536941528320e+00 -2.039972543716430664e-01 -2.162982523441314697e-01 -1.985655128955841064e-01
1.211392402648925781e+00 -1.215361595153808594e+00 1.201292514801025391e+00 -2.048688977956771851e-01 -2.172288596630096436e-01 -1.967896968126296997e-01
1.208124995231628418e+00 -1.217208385467529297e+00 1.201073884963989258e+00 -2.051877677440643311e-01 -2.177683115005493164e-01 -1.955006420612335205e-01
1.206728816032409668e+00 -1.218104362487792969e+00 1.201506614685058594e+00 -2.063487172126770020e-01 -2.180395275354385376e-01 -1.946261525154113770e-01
1.205747008323669434e+00 -1.218936681747436523e+00 1.202386736869812012e+00 -2.088670879602432251e-01 -2.188701033592224121e-01 -1.929492354393005371e-01
1.205302834510803223e+00 -1.219924211502075195e+00 1.203385233879089355e+00 -2.101367264986038208e-01 -2.192545831203460693e-01 -1.919825077056884766e-01
1.204346537590026855e+00 -1.221323847770690918e+00 1.204711556434631348e+00 -2.094946801662445068e-01 -2.182358652353286743e-01 -1.913801282644271851e-01
