1.192982792854309082e+00 -1.106962442398071289e+00 1.257561802864074707e+00 -2.070747315883636475e-01 -2.197437435388565063e-01 -1.701767742633819580e-01
1.193569183349609375e+00 -1.107545375823974609e+00 1.256300210952758789e+00 -2.072199434041976929e-01 -2.196490764617919922e-01 -1.701657772064208984e-01
1.195214033126831055e+00 -1.109092354774475098e+00 1.252748370170593262e+00 -2.076119333505630493e-01 -2.193747758865356445e-01 -1.701444685459136963e-01
1.199495434761047363e+00 -1.113631844520568848e+00 1.243284940719604492e+00 -2.086467742919921875e-01 -2.185375839471817017e-01 -1.704036295413970947e-01
1.211097478866577148e+00 -1.123586177825927734e+00 1.218261957168579102e+00 -2.131002843379974365e-01 -2.168202996253967285e-01 -1.697263717651367188e-01
1.229881405830383301e+00 -1.142242789268493652e+00 1.176557540893554688e+00 -2.218800485134124756e-01 -2.143307328224182129e-01 -1.667236089706420898e-01
1.230643987655639648e+00 -1.173184037208557129e+00 1.168328762054443359e+00 -2.240439653396606445e-01 -2.107020318508148193e-01 -1.710977852344512939e-01
1.229403257369995117e+00 -1.182868599891662598e+00 1.169052600860595703e+00 -2.218315303325653076e-01 -2.088017165660858154e-01 -1.736549884080886841e-01
1.232601523399353027e+00 -1.178544640541076660e+00 1.163247108459472656e+00 -2.211843132972717285e-01 -2.085976451635360718e-01 -1.713286936283111572e-01
1.235712647438049316e+00 -1.173443317413330078e+00 1.157786965370178223e+00 -2.228062450885772705e-01 -2.081744968891143799e-01 -1.686968654394149780e-01
1.235917329788208008e+00 -1.173399090766906738e+00 1.157502651214599609e+00 -2.248351424932479858e-01 -2.049699276685714722e-01 -1.711290180683135986e-01
