1.375647544860839844e+00 -1.283038020133972168e+00 1.095134615898132324e+00 -1.490300893783569336e-01 -1.566760241985321045e-01 -2.277744710445404053e-01
1.374263405799865723e+00 -1.281936645507812500e+00 1.096146941184997559e+00 -1.491068154573440552e-01 -1.570671200752258301e-01 -2.271872609853744507e-01
1.370673060417175293e+00 -1.278462290763854980e+00 1.098429679870605469e+00 -1.494309455156326294e-01 -1.582020372152328491e-01 -2.255078256130218506e-01
1.360775947570800781e+00 -1.269285798072814941e+00 1.105039000511169434e+00 -1.504245251417160034e-01 -1.617865711450576782e-01 -2.209963053464889526e-01
1.334361433982849121e+00 -1.248834252357482910e+00 1.125626683235168457e+00 -1.518702507019042969e-01 -1.696550250053405762e-01 -2.120507806539535522e-01
1.285283684730529785e+00 -1.215233564376831055e+00 1.163204669952392578e+00 -1.520497351884841919e-01 -1.840005964040756226e-01 -1.950578093528747559e-01
1.241834759712219238e+00 -1.211605548858642578e+00 1.206680893898010254e+00 -1.500860303640365601e-01 -1.962881982326507568e-01 -1.857303380966186523e-01
1.214437007904052734e+00 -1.230909585952758789e+00 1.230724573135375977e+00 -1.503054201602935791e-01 -2.026375830173492432e-01 -1.845671236515045166e-01
1.202791094779968262e+00 -1.241335868835449219e+00 1.238902688026428223e+00 -1.518539786338806152e-01 -2.062145173549652100e-01 -1.839749217033386230e-01
1.202390313148498535e+00 -1.241035819053649902e+00 1.238496422767639160e+00 -1.534509807825088501e-01 -2.082940787076950073e-01 -1.848092228174209595e-01
1.203779220581054688e+00 -1.237497806549072266e+00 1.233323812484741211e+00 -1.558910906314849854e-01 -2.070980817079544067e-01 -1.898289918899536133e-01
