1.236174941062927246e+00 -1.280315637588500977e+00 1.246037483215332031e+00 -1.990567892789840698e-01 -2.764596045017242432e-01 -2.837614715099334717e-01
1.193920612335205078e+00 -1.230135202407836914e+00 1.209368109703063965e+00 -2.137769311666488647e-01 -2.857108414173126221e-01 -2.471224963665008545e-01
1.175499796867370605e+00 -1.245818972587585449e+00 1.228935003280639648e+00 -1.972741335630416870e-01 -2.928565740585327148e-01 -2.407965511083602905e-01
1.161597490310668945e+00 -1.265512824058532715e+00 1.258491039276123047e+00 -2.124078422784805298e-01 -2.854554355144500732e-01 -2.220663726329803467e-01
1.182895183563232422e+00 -1.253228425979614258e+00 1.242532849311828613e+00 -2.318721711635589600e-01 -2.781360149383544922e-01 -2.303829044103622437e-01
1.196200489997863770e+00 -1.228708386421203613e+00 1.212473273277282715e+00 -2.235592007637023926e-01 -2.840694487094879150e-01 -2.393333613872528076e-01
1.197502493858337402e+00 -1.222891092300415039e+00 1.200968742370605469e+00 -2.239791601896286011e-01 -2.822864055633544922e-01 -2.344109565019607544e-01
1.184313058853149414e+00 -1.239265918731689453e+00 1.228387236595153809e+00 -2.283437848091125488e-01 -2.858313620090484619e-01 -2.443494200706481934e-01
1.188322067260742188e+00 -1.242376923561096191e+00 1.222280859947204590e+00 -2.253466546535491943e-01 -2.889101207256317139e-01 -2.443913221359252930e-01
1.195215463638305664e+00 -1.235021710395812988e+00 1.216188430786132812e+00 -2.206250876188278198e-01 -2.821128964424133301e-01 -2.518352270126342773e-01
1.192336082458496094e+00 -1.236374974250793457e+00 1.214677214622497559e+00 -2.116280943155288696e-01 -2.834174633026123047e-01 -2.421687841415405273e-01
