1.196206688880920410e+00 -1.330424547195434570e+00 1.162280917167663574e+00 -2.491658478975296021e-01 -1.861432194709777832e-01 -9.303279966115951538e-02
1.168182849884033203e+00 -1.276703119277954102e+00 1.260758638381958008e+00 -2.195960432291030884e-01 -1.569828987121582031e-01 -1.549592465162277222e-01
1.148635983467102051e+00 -1.304979205131530762e+00 1.288618087768554688e+00 -2.098331302404403687e-01 -1.500200629234313965e-01 -1.436807662248611450e-01
1.178560853004455566e+00 -1.260564684867858887e+00 1.243563890457153320e+00 -2.246260344982147217e-01 -1.514542847871780396e-01 -1.424058079719543457e-01
1.142360329627990723e+00 -1.303001999855041504e+00 1.289611339569091797e+00 -2.215388715267181396e-01 -1.554285883903503418e-01 -1.438325792551040649e-01
1.133183598518371582e+00 -1.327171444892883301e+00 1.307907462120056152e+00 -2.126150429248809814e-01 -1.576904207468032837e-01 -1.654604673385620117e-01
1.133135199546813965e+00 -1.318421959877014160e+00 1.303860306739807129e+00 -2.197250872850418091e-01 -1.660268604755401611e-01 -1.551904976367950439e-01
1.130926012992858887e+00 -1.329078912734985352e+00 1.302942037582397461e+00 -2.161732465028762817e-01 -1.605724245309829712e-01 -1.752615869045257568e-01
1.146854162216186523e+00 -1.306900620460510254e+00 1.285720467567443848e+00 -2.135994136333465576e-01 -1.526071131229400635e-01 -1.607904285192489624e-01
1.153013467788696289e+00 -1.298492789268493652e+00 1.284028530120849609e+00 -2.100029885768890381e-01 -1.565943062305450439e-01 -1.528148949146270752e-01
1.161421298980712891e+00 -1.282867789268493652e+00 1.266998291015625000e+00 -2.112857550382614136e-01 -1.519642770290374756e-01 -1.509475558996200562e-01
