1.336463212966918945e+00 -1.205657482147216797e+00 1.050676226615905762e+00 -2.180951386690139771e-01 -1.948959529399871826e-01 -2.034719884395599365e-01
1.210301876068115234e+00 -1.211540579795837402e+00 1.195465564727783203e+00 -2.455088645219802856e-01 -2.233700156211853027e-01 -1.911142766475677490e-01
1.407800078392028809e+00 -9.790992140769958496e-01 9.458272457122802734e-01 -1.692404747009277344e-01 -1.151424348354339600e-01 -1.733611375093460083e-01
1.335637927055358887e+00 -1.039824724197387695e+00 1.015369772911071777e+00 -2.130332738161087036e-01 -1.260121166706085205e-01 -1.519397199153900146e-01
1.278062820434570312e+00 -1.177451014518737793e+00 1.057325959205627441e+00 -1.802169084548950195e-01 -8.578124642372131348e-02 -1.744019240140914917e-01
1.218781590461730957e+00 -1.202677607536315918e+00 1.161770343780517578e+00 -2.935227453708648682e-01 -2.297037392854690552e-01 -1.927258670330047607e-01
1.205062985420227051e+00 -1.218851566314697266e+00 1.197662115097045898e+00 -2.210493087768554688e-01 -2.016445696353912354e-01 -1.833439171314239502e-01
1.199296236038208008e+00 -1.234531641006469727e+00 1.218438625335693359e+00 -2.193033546209335327e-01 -2.102042734622955322e-01 -1.983053088188171387e-01
1.203261613845825195e+00 -1.226791501045227051e+00 1.207669615745544434e+00 -2.410923689603805542e-01 -2.261403650045394897e-01 -2.029874622821807861e-01
1.200766682624816895e+00 -1.225467085838317871e+00 1.207929968833923340e+00 -2.392447143793106079e-01 -2.233684659004211426e-01 -1.869828850030899048e-01
1.201062321662902832e+00 -1.226329565048217773e+00 1.209303617477416992e+00 -2.262689322233200073e-01 -2.145573496818542480e-01 -1.931274533271789551e-01
