1.209290385246276855e+00 -1.215534567832946777e+00 1.198372006416320801e+00 -1.875512599945068359e-01 -2.402469217777252197e-01 -2.062137424945831299e-01
1.160255432128906250e+00 -1.220485091209411621e+00 1.257682442665100098e+00 -1.828624606132507324e-01 -2.410837411880493164e-01 -2.117082625627517700e-01
1.153806090354919434e+00 -1.159548878669738770e+00 1.304131865501403809e+00 -1.825354695320129395e-01 -2.406044155359268188e-01 -2.136402279138565063e-01
1.212432861328125000e+00 -1.110420584678649902e+00 1.310293316841125488e+00 -1.886963993310928345e-01 -2.456167191267013550e-01 -1.910118460655212402e-01
1.261983275413513184e+00 -1.102992296218872070e+00 1.250007629394531250e+00 -1.947716027498245239e-01 -2.385275512933731079e-01 -1.838766634464263916e-01
1.272636413574218750e+00 -1.163591027259826660e+00 1.200550675392150879e+00 -1.980275362730026245e-01 -2.322961390018463135e-01 -1.769371330738067627e-01
1.212462425231933594e+00 -1.217823743820190430e+00 1.194216728210449219e+00 -1.969346255064010620e-01 -2.210377752780914307e-01 -1.936454474925994873e-01
1.158323526382446289e+00 -1.224367260932922363e+00 1.255060076713562012e+00 -1.930939704179763794e-01 -2.219342738389968872e-01 -1.991402357816696167e-01
1.151068329811096191e+00 -1.160071611404418945e+00 1.303790211677551270e+00 -1.926176100969314575e-01 -2.231134772300720215e-01 -2.010540217161178589e-01
1.213196516036987305e+00 -1.108733296394348145e+00 1.311292171478271484e+00 -1.977299600839614868e-01 -2.265188395977020264e-01 -1.774497330188751221e-01
