1.218850612640380859e+00 -1.203019022941589355e+00 1.182691693305969238e+00 -1.932642757892608643e-01 -2.282133847475051880e-01 -2.206215709447860718e-01
9.723572134971618652e-01 -1.291942954063415527e+00 1.205585956573486328e+00 -1.753612756729125977e-01 -2.014321535825729370e-01 -2.609540820121765137e-01
8.627517819404602051e-01 -1.230200171470642090e+00 1.440618395805358887e+00 -1.710749566555023193e-01 -2.420116215944290161e-01 -2.333936095237731934e-01
9.132562279701232910e-01 -9.757682085037231445e-01 1.501484513282775879e+00 -1.686470508575439453e-01 -2.338383197784423828e-01 -2.477464377880096436e-01
1.183019280433654785e+00 -9.090129137039184570e-01 1.458942174911499023e+00 -2.036933451890945435e-01 -2.497300207614898682e-01 -1.971703767776489258e-01
1.261095881462097168e+00 -9.978080987930297852e-01 1.202958345413208008e+00 -2.415707707405090332e-01 -2.278057783842086792e-01 -1.795792579650878906e-01
1.181992888450622559e+00 -1.268105626106262207e+00 1.161661028861999512e+00 -2.455988228321075439e-01 -2.298966348171234131e-01 -2.004222869873046875e-01
8.953283429145812988e-01 -1.307863116264343262e+00 1.236124157905578613e+00 -2.062487453222274780e-01 -1.987898498773574829e-01 -2.649529278278350830e-01
8.371989130973815918e-01 -1.182952404022216797e+00 1.508479237556457520e+00 -2.077332139015197754e-01 -2.576192617416381836e-01 -2.120303213596343994e-01
9.594891667366027832e-01 -8.993612527847290039e-01 1.518392205238342285e+00 -1.981585025787353516e-01 -2.454985976219177246e-01 -2.201520055532455444e-01
