1.207081556320190430e+00 -1.219221115112304688e+00 1.201450109481811523e+00 -2.281272858381271362e-01 -2.057108581066131592e-01 -1.958819329738616943e-01
1.156428933143615723e+00 -1.167114615440368652e+00 1.339940428733825684e+00 -2.128452658653259277e-01 -2.229439318180084229e-01 -2.053275704383850098e-01
1.199254274368286133e+00 -1.020266294479370117e+00 1.378981232643127441e+00 -2.074514031410217285e-01 -2.321363240480422974e-01 -2.075133323669433594e-01
1.338752985000610352e+00 -9.678047895431518555e-01 1.328929781913757324e+00 -2.192582637071609497e-01 -2.376151233911514282e-01 -1.752292215824127197e-01
1.390124440193176270e+00 -1.017791748046875000e+00 1.184649705886840820e+00 -2.336893677711486816e-01 -2.155842781066894531e-01 -1.808914095163345337e-01
1.352149367332458496e+00 -1.169735670089721680e+00 1.144601345062255859e+00 -2.411153316497802734e-01 -2.208602875471115112e-01 -1.621686518192291260e-01
1.205844283103942871e+00 -1.223628759384155273e+00 1.193770766258239746e+00 -2.342201024293899536e-01 -2.057917267084121704e-01 -1.984321326017379761e-01
1.153593063354492188e+00 -1.173483729362487793e+00 1.340320944786071777e+00 -2.210181653499603271e-01 -2.275377959012985229e-01 -1.952827870845794678e-01
1.191555619239807129e+00 -1.021181225776672363e+00 1.383365511894226074e+00 -2.117939889430999756e-01 -2.344301342964172363e-01 -2.039328962564468384e-01
1.335432887077331543e+00 -9.645232558250427246e-01 1.339407682418823242e+00 -2.240317761898040771e-01 -2.417090833187103271e-01 -1.703975349664688110e-01
