1.199812769889831543e+00 -1.232867598533630371e+00 1.212839126586914062e+00 -1.665739119052886963e-01 -2.296351045370101929e-01 -2.295453548431396484e-01
1.144082903861999512e+00 -1.253163218498229980e+00 1.267548322677612305e+00 -1.597854942083358765e-01 -2.457946687936782837e-01 -2.160756289958953857e-01
1.124663710594177246e+00 -1.193856358528137207e+00 1.314836382865905762e+00 -1.532265543937683105e-01 -2.440864145755767822e-01 -2.433002889156341553e-01
1.178221940994262695e+00 -1.146832108497619629e+00 1.337929725646972656e+00 -1.604560911655426025e-01 -2.596482336521148682e-01 -2.148519158363342285e-01
1.221436142921447754e+00 -1.130883097648620605e+00 1.292291164398193359e+00 -1.681721806526184082e-01 -2.555217146873474121e-01 -2.156004160642623901e-01
1.244965434074401855e+00 -1.171553373336791992e+00 1.246234178543090820e+00 -1.716109663248062134e-01 -2.519037723541259766e-01 -2.142196595668792725e-01
1.206381201744079590e+00 -1.221024870872497559e+00 1.223569035530090332e+00 -1.746089011430740356e-01 -2.493767142295837402e-01 -2.228171527385711670e-01
1.155474901199340820e+00 -1.245509862899780273e+00 1.262404203414916992e+00 -1.710010915994644165e-01 -2.537939548492431641e-01 -2.253047227859497070e-01
1.133610248565673828e+00 -1.196874141693115234e+00 1.303618311882019043e+00 -1.688689291477203369e-01 -2.594970762729644775e-01 -2.279779464006423950e-01
1.172846436500549316e+00 -1.162947773933410645e+00 1.334514141082763672e+00 -1.693527698516845703e-01 -2.696687281131744385e-01 -2.202868163585662842e-01
