1.218644380569458008e+00 -1.201053738594055176e+00 1.180179715156555176e+00 -1.959864497184753418e-01 -2.220492213964462280e-01 -2.074192315340042114e-01
1.119878292083740234e+00 -1.217422962188720703e+00 1.160476803779602051e+00 -1.961981207132339478e-01 -2.207017093896865845e-01 -2.158821523189544678e-01
1.098960638046264648e+00 -1.236436367034912109e+00 1.265511393547058105e+00 -1.857594698667526245e-01 -2.429018914699554443e-01 -2.088305801153182983e-01
1.086520314216613770e+00 -1.125021815299987793e+00 1.274485230445861816e+00 -1.808387339115142822e-01 -2.426498979330062866e-01 -2.225257754325866699e-01
1.198841810226440430e+00 -1.114702939987182617e+00 1.284607172012329102e+00 -1.870023459196090698e-01 -2.561001777648925781e-01 -1.922059357166290283e-01
1.206645727157592773e+00 -1.113940000534057617e+00 1.173664927482604980e+00 -1.951027065515518188e-01 -2.380896806716918945e-01 -2.019968330860137939e-01
1.206451058387756348e+00 -1.224924087524414062e+00 1.171595692634582520e+00 -1.936660110950469971e-01 -2.482610046863555908e-01 -2.022521495819091797e-01
1.094317674636840820e+00 -1.227073073387145996e+00 1.175155520439147949e+00 -1.913150995969772339e-01 -2.394417673349380493e-01 -2.337348610162734985e-01
1.090909719467163086e+00 -1.217759728431701660e+00 1.286067962646484375e+00 -1.790852099657058716e-01 -2.647771835327148438e-01 -2.177996635437011719e-01
1.100446581840515137e+00 -1.110300421714782715e+00 1.283400893211364746e+00 -1.744591891765594482e-01 -2.602330744266510010e-01 -2.290447056293487549e-01
