1.198186993598937988e+00 -1.229548692703247070e+00 1.214088320732116699e+00 -1.997672319412231445e-01 -2.174569368362426758e-01 -1.839066445827484131e-01
1.028127074241638184e+00 -1.266056299209594727e+00 1.255743861198425293e+00 -2.005049288272857666e-01 -1.993939280509948730e-01 -2.049897760152816772e-01
9.768112301826477051e-01 -1.208520054817199707e+00 1.418861865997314453e+00 -1.875550895929336548e-01 -2.125883698463439941e-01 -2.058213949203491211e-01
1.031823158264160156e+00 -1.033934950828552246e+00 1.446848750114440918e+00 -1.925392001867294312e-01 -2.176841199398040771e-01 -2.093178033828735352e-01
1.205723762512207031e+00 -1.007674098014831543e+00 1.403880834579467773e+00 -2.093650996685028076e-01 -2.302825897932052612e-01 -1.779683232307434082e-01
1.244101047515869141e+00 -1.067424893379211426e+00 1.233625650405883789e+00 -2.402681857347488403e-01 -2.186143398284912109e-01 -1.643148064613342285e-01
1.192821145057678223e+00 -1.246926546096801758e+00 1.216774106025695801e+00 -2.457060962915420532e-01 -2.322233617305755615e-01 -1.603246927261352539e-01
1.008988142013549805e+00 -1.265134453773498535e+00 1.262305259704589844e+00 -2.352253198623657227e-01 -2.004195153713226318e-01 -2.089903950691223145e-01
9.757676720619201660e-01 -1.198792815208435059e+00 1.437611579895019531e+00 -2.235531508922576904e-01 -2.284599393606185913e-01 -1.817722022533416748e-01
1.036766648292541504e+00 -1.018373966217041016e+00 1.449507474899291992e+00 -2.162993848323822021e-01 -2.263550162315368652e-01 -2.026046961545944214e-01
