1.195468187332153320e+00 -1.237476944923400879e+00 1.221450448036193848e+00 -1.810972094535827637e-01 -1.817046254873275757e-01 -1.766063719987869263e-01
1.140169739723205566e+00 -1.185912966728210449e+00 1.214320421218872070e+00 -1.840095669031143188e-01 -1.827930957078933716e-01 -1.887571811676025391e-01
1.190796732902526855e+00 -1.191905856132507324e+00 1.272593736648559570e+00 -1.826645135879516602e-01 -2.006710469722747803e-01 -1.722553670406341553e-01
1.180567502975463867e+00 -1.141237378120422363e+00 1.221734881401062012e+00 -1.857217103242874146e-01 -1.926969140768051147e-01 -1.768160164356231689e-01
1.236691236495971680e+00 -1.184931993484497070e+00 1.230281591415405273e+00 -1.858651041984558105e-01 -2.036070525646209717e-01 -1.687046140432357788e-01
1.188989758491516113e+00 -1.182437062263488770e+00 1.177116751670837402e+00 -1.903887391090393066e-01 -1.914621889591217041e-01 -1.800756156444549561e-01
1.194619655609130859e+00 -1.230724811553955078e+00 1.223466634750366211e+00 -1.889305263757705688e-01 -2.079627364873886108e-01 -1.703737229108810425e-01
1.143074512481689453e+00 -1.189813733100891113e+00 1.219333529472351074e+00 -1.893052309751510620e-01 -2.024165689945220947e-01 -2.007489353418350220e-01
1.186394691467285156e+00 -1.187825441360473633e+00 1.270119547843933105e+00 -1.917853653430938721e-01 -2.210370749235153198e-01 -1.739267557859420776e-01
1.184601068496704102e+00 -1.142433047294616699e+00 1.226746916770935059e+00 -1.952944695949554443e-01 -2.152134329080581665e-01 -1.736716479063034058e-01
