1.189023494720458984e+00 -1.245330333709716797e+00 1.226823210716247559e+00 -2.370855212211608887e-01 -2.259146571159362793e-01 -2.100040167570114136e-01
1.277479767799377441e+00 -1.253481268882751465e+00 1.233997702598571777e+00 -2.359710484743118286e-01 -2.402774542570114136e-01 -1.933454424142837524e-01
1.275529861450195312e+00 -1.234516501426696777e+00 1.136545777320861816e+00 -2.436921745538711548e-01 -2.224326729774475098e-01 -2.020519077777862549e-01
1.292741298675537109e+00 -1.332512021064758301e+00 1.132987022399902344e+00 -2.384835332632064819e-01 -2.372870296239852905e-01 -1.952795684337615967e-01
1.196782350540161133e+00 -1.332201838493347168e+00 1.113173365592956543e+00 -2.415729761123657227e-01 -2.203152924776077271e-01 -2.333965450525283813e-01
1.191161870956420898e+00 -1.360621690750122070e+00 1.208074927330017090e+00 -2.336827516555786133e-01 -2.507034242153167725e-01 -2.148306369781494141e-01
1.166749835014343262e+00 -1.264959573745727539e+00 1.218306422233581543e+00 -2.294559180736541748e-01 -2.452871352434158325e-01 -2.364521622657775879e-01
1.258016705513000488e+00 -1.261181116104125977e+00 1.252760887145996094e+00 -2.274937629699707031e-01 -2.666020393371582031e-01 -2.064047157764434814e-01
1.265813469886779785e+00 -1.220090627670288086e+00 1.159795641899108887e+00 -2.364015281200408936e-01 -2.435224056243896484e-01 -2.191842049360275269e-01
1.306858539581298828e+00 -1.310927510261535645e+00 1.145817279815673828e+00 -2.355624437332153320e-01 -2.584331631660461426e-01 -1.933855116367340088e-01
