1.197038531303405762e+00 -1.233500838279724121e+00 1.218721985816955566e+00 -2.050289958715438843e-01 -2.634837031364440918e-01 -2.255146503448486328e-01
1.188526391983032227e+00 -1.332207083702087402e+00 1.090585350990295410e+00 -2.259654700756072998e-01 -2.547244727611541748e-01 -2.208506762981414795e-01
1.075869560241699219e+00 -1.448428630828857422e+00 1.085818409919738770e+00 -2.291135489940643311e-01 -2.401512414216995239e-01 -2.381058037281036377e-01
9.483406543731689453e-01 -1.440593481063842773e+00 1.188031673431396484e+00 -2.237664908170700073e-01 -2.288611084222793579e-01 -2.560600340366363525e-01
9.530887007713317871e-01 -1.339915394783020020e+00 1.317063570022583008e+00 -2.212697416543960571e-01 -2.499829232692718506e-01 -2.261835932731628418e-01
1.066178917884826660e+00 -1.222765684127807617e+00 1.322387814521789551e+00 -2.284999042749404907e-01 -2.487187683582305908e-01 -2.133578360080718994e-01
1.194812536239624023e+00 -1.230931639671325684e+00 1.224202632904052734e+00 -2.459069192409515381e-01 -2.451839148998260498e-01 -1.975887119770050049e-01
1.193038940429687500e+00 -1.323429465293884277e+00 1.086963772773742676e+00 -2.668187320232391357e-01 -2.337578535079956055e-01 -1.763955354690551758e-01
1.083136320114135742e+00 -1.454116940498352051e+00 1.082828402519226074e+00 -2.690929770469665527e-01 -2.176851034164428711e-01 -1.992503702640533447e-01
9.411095380783081055e-01 -1.441735506057739258e+00 1.180866360664367676e+00 -2.676016092300415039e-01 -2.032054662704467773e-01 -2.163549065589904785e-01
