1.205237030982971191e+00 -1.220062255859375000e+00 1.200877189636230469e+00 -1.737551689147949219e-01 -2.490279376506805420e-01 -2.096532434225082397e-01
1.200541615486145020e+00 -9.954752326011657715e-01 1.167478322982788086e+00 -1.763211637735366821e-01 -2.348065376281738281e-01 -2.530688047409057617e-01
1.429249763488769531e+00 -1.016175866127014160e+00 1.129235506057739258e+00 -2.045823335647583008e-01 -2.580055594444274902e-01 -2.090007960796356201e-01
1.365638732910156250e+00 -1.047907710075378418e+00 9.066396951675415039e-01 -2.325231432914733887e-01 -2.324326783418655396e-01 -1.553014814853668213e-01
1.338757395744323730e+00 -1.283835649490356445e+00 9.715945124626159668e-01 -2.179431021213531494e-01 -2.378708571195602417e-01 -1.852086186408996582e-01
1.109906315803527832e+00 -1.221757054328918457e+00 1.053502798080444336e+00 -2.044591903686523438e-01 -2.127972692251205444e-01 -2.285407632589340210e-01
1.202907681465148926e+00 -1.139919757843017578e+00 1.261511325836181641e+00 -1.934927254915237427e-01 -2.523826658725738525e-01 -1.843817234039306641e-01
1.274796843528747559e+00 -9.356541633605957031e-01 1.159844636917114258e+00 -1.915844380855560303e-01 -2.274093925952911377e-01 -2.119789123535156250e-01
1.480481386184692383e+00 -1.013106942176818848e+00 1.033093810081481934e+00 -2.052428573369979858e-01 -2.233859151601791382e-01 -1.981828212738037109e-01
1.359903097152709961e+00 -1.132190585136413574e+00 8.466302156448364258e-01 -2.255318760871887207e-01 -2.038517594337463379e-01 -1.485662609338760376e-01
