1.210591554641723633e+00 -1.214337944984436035e+00 1.196434259414672852e+00 -2.311159968376159668e-01 -1.962482929229736328e-01 -1.997234523296356201e-01
1.054293513298034668e+00 -1.268036127090454102e+00 1.311211228370666504e+00 -2.159220576286315918e-01 -2.111722826957702637e-01 -2.047580480575561523e-01
9.837843775749206543e-01 -1.141737103462219238e+00 1.450693607330322266e+00 -1.908483803272247314e-01 -2.088802903890609741e-01 -2.372328937053680420e-01
1.097206354141235352e+00 -9.824716448783874512e-01 1.505238056182861328e+00 -2.007827162742614746e-01 -2.267122864723205566e-01 -1.965700536966323853e-01
1.257562160491943359e+00 -9.286243915557861328e-01 1.391146063804626465e+00 -2.150129973888397217e-01 -2.190512418746948242e-01 -1.781371235847473145e-01
1.329245567321777344e+00 -1.052630066871643066e+00 1.246155261993408203e+00 -2.369383424520492554e-01 -2.102217227220535278e-01 -1.683636307716369629e-01
1.216800332069396973e+00 -1.218114018440246582e+00 1.189579129219055176e+00 -2.385510653257369995e-01 -2.029986381530761719e-01 -1.666326522827148438e-01
1.050012826919555664e+00 -1.276552438735961914e+00 1.306508302688598633e+00 -2.186964303255081177e-01 -1.948624998331069946e-01 -2.255821824073791504e-01
9.765270948410034180e-01 -1.144207358360290527e+00 1.458041548728942871e+00 -2.016899436712265015e-01 -2.146841734647750854e-01 -2.147056162357330322e-01
1.090646266937255859e+00 -9.764800667762756348e-01 1.512909173965454102e+00 -1.964046359062194824e-01 -2.222323417663574219e-01 -2.074323147535324097e-01
