1.209121823310852051e+00 -1.215935707092285156e+00 1.199649572372436523e+00 -2.429106235504150391e-01 -2.267430871725082397e-01 -1.956249922513961792e-01
1.155481815338134766e+00 -1.227061748504638672e+00 1.216066837310791016e+00 -2.444203794002532959e-01 -2.243275940418243408e-01 -2.008191049098968506e-01
1.143483161926269531e+00 -1.209267377853393555e+00 1.268925428390502930e+00 -2.407681494951248169e-01 -2.321256101131439209e-01 -2.095818817615509033e-01
1.161187171936035156e+00 -1.155373096466064453e+00 1.277328848838806152e+00 -2.417433857917785645e-01 -2.375960648059844971e-01 -2.017284631729125977e-01
1.216315627098083496e+00 -1.145915627479553223e+00 1.260523438453674316e+00 -2.455376386642456055e-01 -2.413030862808227539e-01 -1.927473545074462891e-01
1.224967002868652344e+00 -1.166254997253417969e+00 1.206381440162658691e+00 -2.516471743583679199e-01 -2.341494560241699219e-01 -1.862619519233703613e-01
1.204081773757934570e+00 -1.221906065940856934e+00 1.200032472610473633e+00 -2.520603239536285400e-01 -2.317967712879180908e-01 -1.959923207759857178e-01
1.149452209472656250e+00 -1.226861357688903809e+00 1.220823049545288086e+00 -2.549669444561004639e-01 -2.280096560716629028e-01 -2.038337588310241699e-01
1.142498970031738281e+00 -1.205464839935302734e+00 1.275835275650024414e+00 -2.511382400989532471e-01 -2.412889301776885986e-01 -2.009260952472686768e-01
1.165060043334960938e+00 -1.148147225379943848e+00 1.278489470481872559e+00 -2.528198957443237305e-01 -2.414882779121398926e-01 -2.014362215995788574e-01
