1.249627351760864258e+00 -1.360990166664123535e+00 1.239254474639892578e+00 -1.817454397678375244e-01 -2.132865488529205322e-01 -2.231311947107315063e-01
1.249308943748474121e+00 -1.359238147735595703e+00 1.238748431205749512e+00 -1.819469332695007324e-01 -2.133885920047760010e-01 -2.226496189832687378e-01
1.248182773590087891e+00 -1.354534506797790527e+00 1.237449288368225098e+00 -1.824512332677841187e-01 -2.136082053184509277e-01 -2.214100658893585205e-01
1.245294332504272461e+00 -1.341927289962768555e+00 1.233775615692138672e+00 -1.832886040210723877e-01 -2.128725051879882812e-01 -2.195840179920196533e-01
1.238404870033264160e+00 -1.309130787849426270e+00 1.223299503326416016e+00 -1.868557780981063843e-01 -2.138428986072540283e-01 -2.119275927543640137e-01
1.217391252517700195e+00 -1.263557910919189453e+00 1.223519682884216309e+00 -1.935444623231887817e-01 -2.213135361671447754e-01 -1.948971748352050781e-01
1.203092455863952637e+00 -1.234764218330383301e+00 1.210908293724060059e+00 -1.987731605768203735e-01 -2.229473143815994263e-01 -1.852347701787948608e-01
1.204688787460327148e+00 -1.230043172836303711e+00 1.210716485977172852e+00 -1.991188675165176392e-01 -2.208070755004882812e-01 -1.876348406076431274e-01
1.205600738525390625e+00 -1.225553750991821289e+00 1.210360646247863770e+00 -2.005904316902160645e-01 -2.209862768650054932e-01 -1.878265440464019775e-01
1.206654429435729980e+00 -1.223625540733337402e+00 1.206330776214599609e+00 -2.024815380573272705e-01 -2.204701602458953857e-01 -1.883233636617660522e-01
1.208907365798950195e+00 -1.221146941184997559e+00 1.204897165298461914e+00 -2.036816626787185669e-01 -2.195055484771728516e-01 -1.895913481712341309e-01
