1.266214013099670410e+00 -1.191842913627624512e+00 1.059018492698669434e+00 -2.656537592411041260e-01 -2.037921100854873657e-01 -1.209762170910835266e-01
1.265738248825073242e+00 -1.191903591156005859e+00 1.060287237167358398e+00 -2.655036449432373047e-01 -2.036245167255401611e-01 -1.218409612774848938e-01
1.264657616615295410e+00 -1.191657066345214844e+00 1.063309907913208008e+00 -2.652277350425720215e-01 -2.031252384185791016e-01 -1.239848583936691284e-01
1.260126471519470215e+00 -1.193633437156677246e+00 1.074343919754028320e+00 -2.632401287555694580e-01 -2.023378908634185791e-01 -1.293899416923522949e-01
1.252137899398803711e+00 -1.192761182785034180e+00 1.096153974533081055e+00 -2.608605325222015381e-01 -1.978811025619506836e-01 -1.516674160957336426e-01
1.223152875900268555e+00 -1.212791681289672852e+00 1.162233948707580566e+00 -2.534247934818267822e-01 -1.963841617107391357e-01 -1.715257018804550171e-01
1.209832310676574707e+00 -1.216245293617248535e+00 1.192793488502502441e+00 -2.476595640182495117e-01 -1.933436393737792969e-01 -1.870032399892807007e-01
1.212268352508544922e+00 -1.210348725318908691e+00 1.187968015670776367e+00 -2.487330883741378784e-01 -1.923475563526153564e-01 -1.863282322883605957e-01
1.214578151702880859e+00 -1.205274939537048340e+00 1.187881112098693848e+00 -2.484819144010543823e-01 -1.920613944530487061e-01 -1.868432462215423584e-01
1.213562607765197754e+00 -1.206790089607238770e+00 1.188283681869506836e+00 -2.475708127021789551e-01 -1.916939467191696167e-01 -1.882249861955642700e-01
1.211201548576354980e+00 -1.209283828735351562e+00 1.191930770874023438e+00 -2.471808642148971558e-01 -1.920166015625000000e-01 -1.880700588226318359e-01
