1.286398530006408691e+00 -1.288583636283874512e+00 8.938959836959838867e-01 -2.379541844129562378e-01 -1.671061068773269653e-01 -2.307867556810379028e-01
1.285652518272399902e+00 -1.287919759750366211e+00 8.973856568336486816e-01 -2.377807050943374634e-01 -1.678408086299896240e-01 -2.304379045963287354e-01
1.283441543579101562e+00 -1.286322951316833496e+00 9.070018529891967773e-01 -2.372611165046691895e-01 -1.698618084192276001e-01 -2.296597808599472046e-01
1.278350353240966797e+00 -1.280278682708740234e+00 9.328196048736572266e-01 -2.359418123960494995e-01 -1.748744398355484009e-01 -2.276438325643539429e-01
1.262850642204284668e+00 -1.266303300857543945e+00 9.996637701988220215e-01 -2.323720753192901611e-01 -1.896283477544784546e-01 -2.198400050401687622e-01
1.232357978820800781e+00 -1.240821242332458496e+00 1.111995577812194824e+00 -2.253060489892959595e-01 -2.110770940780639648e-01 -2.146005034446716309e-01
1.211001634597778320e+00 -1.226729512214660645e+00 1.190703630447387695e+00 -2.185515016317367554e-01 -2.255108952522277832e-01 -2.078550159931182861e-01
1.212926506996154785e+00 -1.210578322410583496e+00 1.198912382125854492e+00 -2.188308089971542358e-01 -2.275662422180175781e-01 -2.048419117927551270e-01
1.212201237678527832e+00 -1.209900259971618652e+00 1.199698209762573242e+00 -2.183866053819656372e-01 -2.271496504545211792e-01 -2.039246857166290283e-01
1.211915373802185059e+00 -1.210657715797424316e+00 1.201550722122192383e+00 -2.177496999502182007e-01 -2.269242107868194580e-01 -2.043295949697494507e-01
1.210837244987487793e+00 -1.211686372756958008e+00 1.202032208442687988e+00 -2.176717519760131836e-01 -2.263778597116470337e-01 -2.040431052446365356e-01
