1.467004656791687012e+00 3.176874294877052307e-02 -9.703715890645980835e-02 -5.128828808665275574e-02 -7.646437883377075195e-01 -2.720727920532226562e-01
1.467417120933532715e+00 3.235382214188575745e-02 -9.799130260944366455e-02 -5.164725333452224731e-02 -7.644712924957275391e-01 -2.724365592002868652e-01
1.468633770942687988e+00 3.389934822916984558e-02 -1.004963070154190063e-01 -5.259105563163757324e-02 -7.638878822326660156e-01 -2.736232876777648926e-01
1.472056031227111816e+00 3.855834901332855225e-02 -1.079280301928520203e-01 -5.537654086947441101e-02 -7.624716758728027344e-01 -2.766337990760803223e-01
1.480688810348510742e+00 4.923028871417045593e-02 -1.270307898521423340e-01 -6.270074844360351562e-02 -7.583229541778564453e-01 -2.850140035152435303e-01
1.496616125106811523e+00 8.826187998056411743e-02 -1.853749155998229980e-01 -8.461961150169372559e-02 -7.475637793540954590e-01 -3.032750487327575684e-01
1.509603142738342285e+00 1.238722354173660278e-01 -2.457200735807418823e-01 -1.077658981084823608e-01 -7.387172579765319824e-01 -3.218940496444702148e-01
1.515923619270324707e+00 1.353768706321716309e-01 -2.943338751792907715e-01 -1.286893934011459351e-01 -7.232728004455566406e-01 -3.413102626800537109e-01
1.516037940979003906e+00 1.453178375959396362e-01 -3.139751851558685303e-01 -1.377591937780380249e-01 -7.089984416961669922e-01 -3.573840856552124023e-01
1.518820285797119141e+00 1.438402682542800903e-01 -3.175893723964691162e-01 -1.422937959432601929e-01 -6.972937583923339844e-01 -3.756544589996337891e-01
1.520095586776733398e+00 1.454018354415893555e-01 -3.250030875205993652e-01 -1.482054591178894043e-01 -6.806010007858276367e-01 -3.987717926502227783e-01
