1.203572869300842285e+00 -1.224845170974731445e+00 1.206942319869995117e+00 -1.743993908166885376e-01 -2.247264981269836426e-01 -2.126628011465072632e-01
1.283759355545043945e+00 -1.130557179450988770e+00 1.185670137405395508e+00 -1.777846217155456543e-01 -2.271480858325958252e-01 -1.927669197320938110e-01
1.372193932533264160e+00 -1.148676156997680664e+00 1.099797368049621582e+00 -1.838014721870422363e-01 -2.183738499879837036e-01 -2.026327848434448242e-01
1.347812175750732422e+00 -1.224062085151672363e+00 1.004033923149108887e+00 -1.865120679140090942e-01 -2.110329568386077881e-01 -1.967459917068481445e-01
1.272192955017089844e+00 -1.319623351097106934e+00 1.024110794067382812e+00 -1.837141215801239014e-01 -2.066522240638732910e-01 -2.095511555671691895e-01
1.182393670082092285e+00 -1.302820086479187012e+00 1.109542012214660645e+00 -1.683059334754943848e-01 -2.076452374458312988e-01 -2.352476269006729126e-01
1.205020666122436523e+00 -1.227532982826232910e+00 1.204815149307250977e+00 -1.599619537591934204e-01 -2.276439666748046875e-01 -2.253799587488174438e-01
1.279694080352783203e+00 -1.134961366653442383e+00 1.185626506805419922e+00 -1.623739451169967651e-01 -2.309159934520721436e-01 -2.043529450893402100e-01
1.370318055152893066e+00 -1.145878314971923828e+00 1.100336670875549316e+00 -1.684953123331069946e-01 -2.211594581604003906e-01 -2.096590995788574219e-01
1.349729895591735840e+00 -1.225803732872009277e+00 1.006385207176208496e+00 -1.702472567558288574e-01 -2.090955674648284912e-01 -2.107384055852890015e-01
