1.210506796836853027e+00 -1.216148734092712402e+00 1.195607066154479980e+00 -2.925549149513244629e-01 -1.358338892459869385e-01 -1.735363900661468506e-01
9.296130537986755371e-01 -1.232881903648376465e+00 1.384293079376220703e+00 -2.588586211204528809e-01 -1.172447130084037781e-01 -2.285042107105255127e-01
8.813052773475646973e-01 -9.871677756309509277e-01 1.604542255401611328e+00 -2.043066620826721191e-01 -1.304599195718765259e-01 -2.474078536033630371e-01
1.089940667152404785e+00 -7.316097021102905273e-01 1.605618596076965332e+00 -1.649948656558990479e-01 -1.529011428356170654e-01 -2.187891006469726562e-01
1.340844511985778809e+00 -7.467079162597656250e-01 1.406714439392089844e+00 -1.985672265291213989e-01 -1.249403506517410278e-01 -1.917578428983688354e-01
1.364143610000610352e+00 -9.962413907051086426e-01 1.206423640251159668e+00 -2.082167565822601318e-01 -1.129318550229072571e-01 -1.484416276216506958e-01
1.143594741821289062e+00 -1.237252712249755859e+00 1.229057192802429199e+00 -1.884037554264068604e-01 -7.876789569854736328e-02 -2.520321011543273926e-01
9.033496379852294922e-01 -1.187235474586486816e+00 1.443983912467956543e+00 -1.785214394330978394e-01 -1.204455345869064331e-01 -2.558635175228118896e-01
8.946619629859924316e-01 -9.413959383964538574e-01 1.638063788414001465e+00 -1.550496518611907959e-01 -1.684068739414215088e-01 -2.778638601303100586e-01
1.131040811538696289e+00 -6.919822096824645996e-01 1.578139901161193848e+00 -1.852099448442459106e-01 -1.968518793582916260e-01 -2.263104021549224854e-01
