1.210463285446166992e+00 -1.218502163887023926e+00 1.200613141059875488e+00 -1.946124732494354248e-01 -2.067953497171401978e-01 -1.976811438798904419e-01
1.342129349708557129e+00 -1.238784313201904297e+00 1.206538200378417969e+00 -2.250440567731857300e-01 -2.448269426822662354e-01 -1.525703966617584229e-01
1.321139693260192871e+00 -1.220431327819824219e+00 1.079809308052062988e+00 -2.295591384172439575e-01 -2.223241627216339111e-01 -1.451230347156524658e-01
1.338941574096679688e+00 -1.347868800163269043e+00 1.081873536109924316e+00 -2.237853109836578369e-01 -2.355909645557403564e-01 -1.527062952518463135e-01
1.211187362670898438e+00 -1.337900876998901367e+00 1.066835284233093262e+00 -2.107585072517395020e-01 -2.095300257205963135e-01 -1.688629090785980225e-01
1.218409538269042969e+00 -1.370283246040344238e+00 1.192704081535339355e+00 -2.054841071367263794e-01 -2.237668931484222412e-01 -1.591346859931945801e-01
1.193355083465576172e+00 -1.238228559494018555e+00 1.194320321083068848e+00 -2.011969983577728271e-01 -2.067316919565200806e-01 -1.838322877883911133e-01
1.320090889930725098e+00 -1.248893380165100098e+00 1.225776076316833496e+00 -2.218212783336639404e-01 -2.435027360916137695e-01 -1.448682844638824463e-01
1.312297344207763672e+00 -1.202202916145324707e+00 1.100444436073303223e+00 -2.167312204837799072e-01 -2.202852368354797363e-01 -1.428127288818359375e-01
1.357086181640625000e+00 -1.329644560813903809e+00 1.093519568443298340e+00 -2.161812931299209595e-01 -2.312868684530258179e-01 -1.465784013271331787e-01
