1.211065769195556641e+00 -1.214367628097534180e+00 1.195996284484863281e+00 -2.105396240949630737e-01 -2.341069877147674561e-01 -2.006103545427322388e-01
1.243810653686523438e+00 -1.220485806465148926e+00 1.323353648185729980e+00 -1.968595236539840698e-01 -2.462618350982666016e-01 -2.059586048126220703e-01
1.231670022010803223e+00 -1.091899275779724121e+00 1.287932395935058594e+00 -2.129031568765640259e-01 -2.365296483039855957e-01 -2.095281183719635010e-01
1.361391305923461914e+00 -1.113592863082885742e+00 1.301134228706359863e+00 -2.226984500885009766e-01 -2.572112083435058594e-01 -1.590407490730285645e-01
1.334177851676940918e+00 -1.100408077239990234e+00 1.170538306236267090e+00 -2.238196283578872681e-01 -2.398115694522857666e-01 -1.777820587158203125e-01
1.360788106918334961e+00 -1.232047796249389648e+00 1.197536706924438477e+00 -2.165708094835281372e-01 -2.435008287429809570e-01 -1.760465800762176514e-01
1.223900079727172852e+00 -1.215000629425048828e+00 1.170843243598937988e+00 -2.248361855745315552e-01 -2.248754501342773438e-01 -2.204814553260803223e-01
1.247442483901977539e+00 -1.241664290428161621e+00 1.309857845306396484e+00 -2.182072550058364868e-01 -2.573215067386627197e-01 -1.948885619640350342e-01
1.211412668228149414e+00 -1.107215523719787598e+00 1.283788800239562988e+00 -2.447407692670822144e-01 -2.390897572040557861e-01 -2.014238983392715454e-01
1.347704410552978516e+00 -1.118693709373474121e+00 1.322139739990234375e+00 -2.508492469787597656e-01 -2.686839103698730469e-01 -1.477913856506347656e-01
