1.262200355529785156e+00 -1.165427088737487793e+00 1.160145878791809082e+00 -2.044746279716491699e-01 -2.220041006803512573e-01 -1.903188228607177734e-01
1.261848449707031250e+00 -1.165910840034484863e+00 1.160519361495971680e+00 -2.044227272272109985e-01 -2.220324873924255371e-01 -1.903727203607559204e-01
1.260895490646362305e+00 -1.167231440544128418e+00 1.161553859710693359e+00 -2.042803764343261719e-01 -2.221118807792663574e-01 -1.905180215835571289e-01
1.258359432220458984e+00 -1.170783400535583496e+00 1.164459586143493652e+00 -2.038847357034683228e-01 -2.223387509584426880e-01 -1.909097582101821899e-01
1.251810312271118164e+00 -1.179874777793884277e+00 1.172105193138122559e+00 -2.028232961893081665e-01 -2.229195684194564819e-01 -1.919482350349426270e-01
1.238909125328063965e+00 -1.196781396865844727e+00 1.186300992965698242e+00 -2.008238136768341064e-01 -2.238938808441162109e-01 -1.937922686338424683e-01
1.227076888084411621e+00 -1.211184620857238770e+00 1.201172709465026855e+00 -1.988652497529983521e-01 -2.248451709747314453e-01 -1.953616142272949219e-01
1.220202684402465820e+00 -1.219471812248229980e+00 1.211512207984924316e+00 -1.976367235183715820e-01 -2.253530770540237427e-01 -1.964673995971679688e-01
1.216363430023193359e+00 -1.224619746208190918e+00 1.218409776687622070e+00 -1.968681961297988892e-01 -2.255223095417022705e-01 -1.975255310535430908e-01
1.214293718338012695e+00 -1.227250576019287109e+00 1.221732735633850098e+00 -1.965322494506835938e-01 -2.253184467554092407e-01 -1.985730826854705811e-01
1.213298916816711426e+00 -1.227885842323303223e+00 1.222532272338867188e+00 -1.965245455503463745e-01 -2.248652428388595581e-01 -1.994322538375854492e-01
