1.253670811653137207e+00 -1.202834129333496094e+00 1.200890779495239258e+00 -3.010377585887908936e-01 -1.269655823707580566e-01 -1.365807652473449707e-01
1.253141403198242188e+00 -1.203085780143737793e+00 1.200977206230163574e+00 -3.010224103927612305e-01 -1.269568651914596558e-01 -1.366317421197891235e-01
1.251703381538391113e+00 -1.203777432441711426e+00 1.201227903366088867e+00 -3.009789586067199707e-01 -1.269352734088897705e-01 -1.367765814065933228e-01
1.247923135757446289e+00 -1.205579519271850586e+00 1.201812982559204102e+00 -3.008604645729064941e-01 -1.268594861030578613e-01 -1.371768116950988770e-01
1.238519191741943359e+00 -1.209881424903869629e+00 1.202852964401245117e+00 -3.005602359771728516e-01 -1.265635043382644653e-01 -1.381831914186477661e-01
1.221580505371093750e+00 -1.217283487319946289e+00 1.205226659774780273e+00 -2.999255657196044922e-01 -1.259965002536773682e-01 -1.401178836822509766e-01
1.209926128387451172e+00 -1.221046090126037598e+00 1.205172896385192871e+00 -2.993369102478027344e-01 -1.249349117279052734e-01 -1.418944001197814941e-01
1.205247044563293457e+00 -1.222952246665954590e+00 1.203979969024658203e+00 -2.987737357616424561e-01 -1.236631423234939575e-01 -1.437028944492340088e-01
1.202594280242919922e+00 -1.224408626556396484e+00 1.203822016716003418e+00 -2.981627881526947021e-01 -1.225596368312835693e-01 -1.455471962690353394e-01
1.201267123222351074e+00 -1.225420832633972168e+00 1.203611850738525391e+00 -2.976038455963134766e-01 -1.215428113937377930e-01 -1.472524106502532959e-01
1.200980424880981445e+00 -1.225731968879699707e+00 1.203117847442626953e+00 -2.971190214157104492e-01 -1.205883920192718506e-01 -1.487340331077575684e-01
