1.188897609710693359e+00 -1.256299614906311035e+00 1.198030710220336914e+00 -2.063843309879302979e-01 -1.629540622234344482e-01 -1.032106429338455200e-01
1.189103603363037109e+00 -1.255959033966064453e+00 1.198117852210998535e+00 -2.063863426446914673e-01 -1.629737019538879395e-01 -1.031812727451324463e-01
1.189675092697143555e+00 -1.255042314529418945e+00 1.198363661766052246e+00 -2.063915580511093140e-01 -1.630271077156066895e-01 -1.031015813350677490e-01
1.191234230995178223e+00 -1.252544522285461426e+00 1.199002504348754883e+00 -2.064101994037628174e-01 -1.631653904914855957e-01 -1.028852164745330811e-01
1.195386767387390137e+00 -1.246246576309204102e+00 1.200528264045715332e+00 -2.064816355705261230e-01 -1.634913831949234009e-01 -1.023717671632766724e-01
1.203114628791809082e+00 -1.235671281814575195e+00 1.203581213951110840e+00 -2.066549509763717651e-01 -1.640765815973281860e-01 -1.015893295407295227e-01
1.207627415657043457e+00 -1.227847933769226074e+00 1.204468607902526855e+00 -2.071501016616821289e-01 -1.643589138984680176e-01 -1.010446250438690186e-01
1.209010004997253418e+00 -1.224280476570129395e+00 1.204093694686889648e+00 -2.078938484191894531e-01 -1.643821895122528076e-01 -1.010480076074600220e-01
1.210213422775268555e+00 -1.222160816192626953e+00 1.204281330108642578e+00 -2.086606174707412720e-01 -1.643933653831481934e-01 -1.013894081115722656e-01
1.211335301399230957e+00 -1.220789551734924316e+00 1.204886078834533691e+00 -2.093371152877807617e-01 -1.644123196601867676e-01 -1.018502563238143921e-01
1.211909532546997070e+00 -1.219909906387329102e+00 1.205352544784545898e+00 -2.099343538284301758e-01 -1.644187569618225098e-01 -1.022164672613143921e-01
