1.312969088554382324e+00 -1.167075395584106445e+00 1.146309018135070801e+00 -2.299072146415710449e-01 -2.167606204748153687e-01 -1.757572144269943237e-01
1.311944603919982910e+00 -1.167557001113891602e+00 1.146906495094299316e+00 -2.297997027635574341e-01 -2.166688442230224609e-01 -1.759449541568756104e-01
1.309139013290405273e+00 -1.168960809707641602e+00 1.148733854293823242e+00 -2.293938845396041870e-01 -2.162345349788665771e-01 -1.767572015523910522e-01
1.301089406013488770e+00 -1.172613978385925293e+00 1.152953386306762695e+00 -2.288829535245895386e-01 -2.162901461124420166e-01 -1.771971136331558228e-01
1.280941009521484375e+00 -1.182239174842834473e+00 1.165260791778564453e+00 -2.269954085350036621e-01 -2.149339318275451660e-01 -1.798442304134368896e-01
1.243072032928466797e+00 -1.199182748794555664e+00 1.183576464653015137e+00 -2.243471443653106689e-01 -2.119862437248229980e-01 -1.848552674055099487e-01
1.221905827522277832e+00 -1.206544280052185059e+00 1.193585753440856934e+00 -2.243701964616775513e-01 -2.129054367542266846e-01 -1.860074996948242188e-01
1.218009591102600098e+00 -1.208944678306579590e+00 1.196690320968627930e+00 -2.249332219362258911e-01 -2.121564298868179321e-01 -1.885883957147598267e-01
1.213430523872375488e+00 -1.212398648262023926e+00 1.195199847221374512e+00 -2.260407209396362305e-01 -2.134303897619247437e-01 -1.884376257658004761e-01
1.212597608566284180e+00 -1.213170886039733887e+00 1.197970867156982422e+00 -2.264330238103866577e-01 -2.142060101032257080e-01 -1.892107427120208740e-01
1.211890101432800293e+00 -1.215539574623107910e+00 1.198921322822570801e+00 -2.270825952291488647e-01 -2.139852494001388550e-01 -1.909746229648590088e-01
