1.223933577537536621e+00 -1.344334363937377930e+00 1.216720700263977051e+00 -2.049419581890106201e-01 -2.189524322748184204e-01 -1.818221509456634521e-01
1.223744034767150879e+00 -1.343037486076354980e+00 1.216709136962890625e+00 -2.048683464527130127e-01 -2.188378423452377319e-01 -1.818186938762664795e-01
1.223306775093078613e+00 -1.339369058609008789e+00 1.216507077217102051e+00 -2.047200798988342285e-01 -2.185548096895217896e-01 -1.816998124122619629e-01
1.222737193107604980e+00 -1.328335285186767578e+00 1.215429663658142090e+00 -2.039859890937805176e-01 -2.170604467391967773e-01 -1.824746727943420410e-01
1.217513680458068848e+00 -1.303418636322021484e+00 1.216023206710815430e+00 -2.060891985893249512e-01 -2.196224331855773926e-01 -1.728502511978149414e-01
1.211396694183349609e+00 -1.264020919799804688e+00 1.213699221611022949e+00 -2.017923146486282349e-01 -2.130747139453887939e-01 -1.787429451942443848e-01
1.201194286346435547e+00 -1.249408483505249023e+00 1.221584558486938477e+00 -2.023597657680511475e-01 -2.133347094058990479e-01 -1.812803745269775391e-01
1.198461890220642090e+00 -1.234731435775756836e+00 1.220862865447998047e+00 -2.062112689018249512e-01 -2.167797088623046875e-01 -1.762758493423461914e-01
1.200424432754516602e+00 -1.231564402580261230e+00 1.215690016746520996e+00 -2.086476683616638184e-01 -2.163429558277130127e-01 -1.767332851886749268e-01
1.202140450477600098e+00 -1.227931022644042969e+00 1.213889956474304199e+00 -2.108359932899475098e-01 -2.169287055730819702e-01 -1.766816079616546631e-01
1.204989433288574219e+00 -1.230498194694519043e+00 1.213594794273376465e+00 -2.117493897676467896e-01 -2.154228091239929199e-01 -1.810359954833984375e-01
