1.262225151062011719e+00 -1.174417138099670410e+00 1.167419552803039551e+00 -1.744097024202346802e-01 -2.778677344322204590e-01 -1.590977609157562256e-01
1.261932730674743652e+00 -1.174485087394714355e+00 1.167347192764282227e+00 -1.744245588779449463e-01 -2.778252959251403809e-01 -1.591096669435501099e-01
1.261187076568603516e+00 -1.174685001373291016e+00 1.167161226272583008e+00 -1.744537055492401123e-01 -2.776780724525451660e-01 -1.592048704624176025e-01
1.258368372917175293e+00 -1.175599455833435059e+00 1.166799664497375488e+00 -1.746898889541625977e-01 -2.776333093643188477e-01 -1.588024049997329712e-01
1.253529429435729980e+00 -1.176658272743225098e+00 1.164770245552062988e+00 -1.750214099884033203e-01 -2.767386734485626221e-01 -1.592298448085784912e-01
1.244612455368041992e+00 -1.178257703781127930e+00 1.161636590957641602e+00 -1.753291040658950806e-01 -2.742971181869506836e-01 -1.613432168960571289e-01
1.235872387886047363e+00 -1.176984906196594238e+00 1.159553408622741699e+00 -1.763677597045898438e-01 -2.738814949989318848e-01 -1.610671877861022949e-01
1.236606121063232422e+00 -1.178236603736877441e+00 1.156540989875793457e+00 -1.772394180297851562e-01 -2.722183465957641602e-01 -1.631384044885635376e-01
1.234811782836914062e+00 -1.176298856735229492e+00 1.158314943313598633e+00 -1.779865175485610962e-01 -2.730977535247802734e-01 -1.628518849611282349e-01
1.233859419822692871e+00 -1.176555275917053223e+00 1.155558824539184570e+00 -1.790627539157867432e-01 -2.730111479759216309e-01 -1.635850369930267334e-01
1.237129330635070801e+00 -1.176312327384948730e+00 1.155583381652832031e+00 -1.794808208942413330e-01 -2.716441750526428223e-01 -1.658930778503417969e-01
