1.186031341552734375e+00 -1.190155386924743652e+00 1.194798707962036133e+00 -2.335134446620941162e-01 -2.230937480926513672e-01 -1.382047832012176514e-01
1.186377882957458496e+00 -1.190334558486938477e+00 1.194712758064270020e+00 -2.335098683834075928e-01 -2.230722308158874512e-01 -1.383036375045776367e-01
1.187303304672241211e+00 -1.190780997276306152e+00 1.194447040557861328e+00 -2.335191369056701660e-01 -2.230411916971206665e-01 -1.385160237550735474e-01
1.189825892448425293e+00 -1.192181348800659180e+00 1.193504571914672852e+00 -2.333908826112747192e-01 -2.225790768861770630e-01 -1.396450996398925781e-01
1.197009205818176270e+00 -1.195186138153076172e+00 1.192602872848510742e+00 -2.333323955535888672e-01 -2.223264873027801514e-01 -1.414965987205505371e-01
1.207568526268005371e+00 -1.200964093208312988e+00 1.190295696258544922e+00 -2.330699115991592407e-01 -2.204793095588684082e-01 -1.462143063545227051e-01
1.214661240577697754e+00 -1.204010009765625000e+00 1.187764644622802734e+00 -2.334490120410919189e-01 -2.184251695871353149e-01 -1.489277184009552002e-01
1.217302083969116211e+00 -1.202928185462951660e+00 1.188540339469909668e+00 -2.341691255569458008e-01 -2.188091278076171875e-01 -1.492607593536376953e-01
1.218404173851013184e+00 -1.202920317649841309e+00 1.186927199363708496e+00 -2.350237816572189331e-01 -2.185339033603668213e-01 -1.501055359840393066e-01
1.219009160995483398e+00 -1.202126622200012207e+00 1.185553550720214844e+00 -2.357172071933746338e-01 -2.176252603530883789e-01 -1.513146311044692993e-01
1.219051241874694824e+00 -1.200293660163879395e+00 1.185550689697265625e+00 -2.364000082015991211e-01 -2.174369990825653076e-01 -1.517862677574157715e-01
