1.180337190628051758e+00 -1.332651734352111816e+00 1.107443571090698242e+00 -2.087697535753250122e-01 -1.529478281736373901e-01 -2.538928091526031494e-01
1.180654168128967285e+00 -1.331463456153869629e+00 1.108546376228332520e+00 -2.088823169469833374e-01 -1.533917039632797241e-01 -2.532071173191070557e-01
1.181525349617004395e+00 -1.328291058540344238e+00 1.111528277397155762e+00 -2.091650068759918213e-01 -1.545811295509338379e-01 -2.513602674007415771e-01
1.183157920837402344e+00 -1.319829463958740234e+00 1.120152950286865234e+00 -2.099309861660003662e-01 -1.581293642520904541e-01 -2.460383921861648560e-01
1.189032435417175293e+00 -1.298255681991577148e+00 1.141538143157958984e+00 -2.118075489997863770e-01 -1.672277450561523438e-01 -2.325850427150726318e-01
1.197098135948181152e+00 -1.261135458946228027e+00 1.179305195808410645e+00 -2.159066200256347656e-01 -1.874056458473205566e-01 -2.045206278562545776e-01
1.204559803009033203e+00 -1.232387900352478027e+00 1.203658342361450195e+00 -2.193116545677185059e-01 -1.971876323223114014e-01 -1.926047205924987793e-01
1.203515410423278809e+00 -1.228388667106628418e+00 1.208178043365478516e+00 -2.202624082565307617e-01 -1.975946128368377686e-01 -1.932108700275421143e-01
1.202755451202392578e+00 -1.227153897285461426e+00 1.209457516670227051e+00 -2.218330800533294678e-01 -1.996919512748718262e-01 -1.913216114044189453e-01
1.203335881233215332e+00 -1.225995779037475586e+00 1.211309075355529785e+00 -2.231311798095703125e-01 -2.008472383022308350e-01 -1.904501914978027344e-01
1.202369332313537598e+00 -1.227364897727966309e+00 1.210639595985412598e+00 -2.243620455265045166e-01 -2.021359205245971680e-01 -1.896516978740692139e-01
