1.113163948059082031e+00 -1.408405780792236328e+00 1.293036341667175293e+00 -1.795184314250946045e-01 -2.322493642568588257e-01 -2.346109151840209961e-01
1.113885283470153809e+00 -1.406807065010070801e+00 1.292557001113891602e+00 -1.796665489673614502e-01 -2.322661429643630981e-01 -2.342997938394546509e-01
1.115753173828125000e+00 -1.402611970901489258e+00 1.291349053382873535e+00 -1.800480931997299194e-01 -2.323118001222610474e-01 -2.334716767072677612e-01
1.120665788650512695e+00 -1.391045451164245605e+00 1.287874698638916016e+00 -1.813606172800064087e-01 -2.326972931623458862e-01 -2.308567166328430176e-01
1.135610103607177734e+00 -1.358740091323852539e+00 1.275645971298217773e+00 -1.844496428966522217e-01 -2.316927909851074219e-01 -2.252021729946136475e-01
1.160719871520996094e+00 -1.307518124580383301e+00 1.260043740272521973e+00 -1.874435991048812866e-01 -2.299954742193222046e-01 -2.181323617696762085e-01
1.169485926628112793e+00 -1.280608654022216797e+00 1.257099866867065430e+00 -1.884211450815200806e-01 -2.289268225431442261e-01 -2.144034653902053833e-01
1.178991913795471191e+00 -1.263957142829895020e+00 1.247902870178222656e+00 -1.905487179756164551e-01 -2.284251898527145386e-01 -2.103629410266876221e-01
1.187590122222900391e+00 -1.252600312232971191e+00 1.241839647293090820e+00 -1.923689544200897217e-01 -2.291106432676315308e-01 -2.073110938072204590e-01
1.187211751937866211e+00 -1.250728845596313477e+00 1.235756397247314453e+00 -1.938843280076980591e-01 -2.269710898399353027e-01 -2.089753448963165283e-01
1.189867973327636719e+00 -1.248783707618713379e+00 1.233803987503051758e+00 -1.958886981010437012e-01 -2.274006158113479614e-01 -2.089124321937561035e-01
