1.210694193840026855e+00 -1.225214481353759766e+00 1.175853252410888672e+00 -1.928988248109817505e-01 -2.080948650836944580e-01 -2.017564028501510620e-01
1.210648298263549805e+00 -1.225170135498046875e+00 1.176092386245727539e+00 -1.929007917642593384e-01 -2.081693708896636963e-01 -2.017071545124053955e-01
1.210544347763061523e+00 -1.225009202957153320e+00 1.176706314086914062e+00 -1.929224729537963867e-01 -2.083874344825744629e-01 -2.015415877103805542e-01
1.210320711135864258e+00 -1.224638462066650391e+00 1.178386926651000977e+00 -1.928147226572036743e-01 -2.087027132511138916e-01 -2.015191018581390381e-01
1.207224249839782715e+00 -1.226593732833862305e+00 1.186946868896484375e+00 -1.919522136449813843e-01 -2.096065282821655273e-01 -2.022901177406311035e-01
1.207187414169311523e+00 -1.224308848381042480e+00 1.192431926727294922e+00 -1.928303986787796021e-01 -2.129659354686737061e-01 -1.993475258350372314e-01
1.203758478164672852e+00 -1.227218985557556152e+00 1.200123190879821777e+00 -1.930842995643615723e-01 -2.149795591831207275e-01 -1.992190778255462646e-01
1.200915694236755371e+00 -1.235408425331115723e+00 1.208510518074035645e+00 -1.925630122423171997e-01 -2.154559195041656494e-01 -2.021853923797607422e-01
1.197469592094421387e+00 -1.233394742012023926e+00 1.216443181037902832e+00 -1.939956098794937134e-01 -2.198136150836944580e-01 -1.993290185928344727e-01
1.196242690086364746e+00 -1.240716934204101562e+00 1.218779444694519043e+00 -1.947397589683532715e-01 -2.207991033792495728e-01 -2.007330656051635742e-01
1.191254854202270508e+00 -1.244657635688781738e+00 1.222325205802917480e+00 -1.953007280826568604e-01 -2.209986746311187744e-01 -2.022214978933334351e-01
