1.245147943496704102e+00 -1.312940478324890137e+00 1.149333000183105469e+00 -1.529304832220077515e-01 -1.681157648563385010e-01 -1.912186741828918457e-01
1.245043158531188965e+00 -1.311570286750793457e+00 1.149526596069335938e+00 -1.530839055776596069e-01 -1.683508604764938354e-01 -1.907663047313690186e-01
1.244609594345092773e+00 -1.307868123054504395e+00 1.150172233581542969e+00 -1.536050736904144287e-01 -1.692809462547302246e-01 -1.891300529241561890e-01
1.244011402130126953e+00 -1.297633290290832520e+00 1.151256322860717773e+00 -1.545709818601608276e-01 -1.704369038343429565e-01 -1.863856613636016846e-01
1.239361882209777832e+00 -1.275116682052612305e+00 1.158434033393859863e+00 -1.577849984169006348e-01 -1.765019595623016357e-01 -1.760617345571517944e-01
1.234231829643249512e+00 -1.226358056068420410e+00 1.163920521736145020e+00 -1.632269173860549927e-01 -1.845344305038452148e-01 -1.584271490573883057e-01
1.228821158409118652e+00 -1.208561778068542480e+00 1.178606629371643066e+00 -1.659959256649017334e-01 -1.904883831739425659e-01 -1.496114432811737061e-01
1.221057295799255371e+00 -1.202406048774719238e+00 1.178444504737854004e+00 -1.688330173492431641e-01 -1.930070519447326660e-01 -1.462592631578445435e-01
1.223977088928222656e+00 -1.198412299156188965e+00 1.180878520011901855e+00 -1.702995896339416504e-01 -1.943072378635406494e-01 -1.458897739648818970e-01
1.222674250602722168e+00 -1.198791742324829102e+00 1.176859736442565918e+00 -1.719664782285690308e-01 -1.942405104637145996e-01 -1.466790586709976196e-01
1.223345041275024414e+00 -1.196660280227661133e+00 1.178368330001831055e+00 -1.735410392284393311e-01 -1.958981305360794067e-01 -1.457962393760681152e-01
