1.108641624450683594e+00 -1.104236602783203125e+00 1.172274827957153320e+00 -2.751775681972503662e-01 -1.537108570337295532e-01 -2.191541343927383423e-01
1.110427498817443848e+00 -1.104402780532836914e+00 1.171449661254882812e+00 -2.753316760063171387e-01 -1.538320481777191162e-01 -2.188934981822967529e-01
1.115426301956176758e+00 -1.104720592498779297e+00 1.169169425964355469e+00 -2.758189141750335693e-01 -1.542690098285675049e-01 -2.179661095142364502e-01
1.128888249397277832e+00 -1.105375170707702637e+00 1.162334203720092773e+00 -2.769143581390380859e-01 -1.546772122383117676e-01 -2.166122794151306152e-01
1.160752654075622559e+00 -1.111145973205566406e+00 1.148840665817260742e+00 -2.791810333728790283e-01 -1.562487632036209106e-01 -2.136363387107849121e-01
1.228866338729858398e+00 -1.102517962455749512e+00 1.115434765815734863e+00 -2.859847545623779297e-01 -1.684649139642715454e-01 -1.883450299501419067e-01
1.260908365249633789e+00 -1.109912991523742676e+00 1.105470538139343262e+00 -2.896636724472045898e-01 -1.724340915679931641e-01 -1.866450309753417969e-01
1.269856929779052734e+00 -1.115181565284729004e+00 1.098951101303100586e+00 -2.923980951309204102e-01 -1.749068200588226318e-01 -1.853837519884109497e-01
1.272092938423156738e+00 -1.113853454589843750e+00 1.098931312561035156e+00 -2.942095398902893066e-01 -1.764480769634246826e-01 -1.843699514865875244e-01
1.272666811943054199e+00 -1.113119006156921387e+00 1.098780512809753418e+00 -2.957696616649627686e-01 -1.769292056560516357e-01 -1.844497174024581909e-01
1.273404955863952637e+00 -1.112484455108642578e+00 1.099212527275085449e+00 -2.971828877925872803e-01 -1.773179918527603149e-01 -1.848551332950592041e-01
