1.103208661079406738e+00 -1.192528009414672852e+00 1.165046572685241699e+00 -1.778559684753417969e-01 -2.064356058835983276e-01 -1.927123218774795532e-01
1.104355096817016602e+00 -1.192781209945678711e+00 1.165359497070312500e+00 -1.778101921081542969e-01 -2.066154778003692627e-01 -1.927005052566528320e-01
1.107322573661804199e+00 -1.193668007850646973e+00 1.166321158409118652e+00 -1.776601970195770264e-01 -2.070520818233489990e-01 -1.927537024021148682e-01
1.115779519081115723e+00 -1.195912718772888184e+00 1.168939948081970215e+00 -1.773314177989959717e-01 -2.087060362100601196e-01 -1.924489289522171021e-01
1.137853980064392090e+00 -1.201197385787963867e+00 1.176433086395263672e+00 -1.762012243270874023e-01 -2.111835777759552002e-01 -1.933405548334121704e-01
1.176812887191772461e+00 -1.208601117134094238e+00 1.185584783554077148e+00 -1.767656952142715454e-01 -2.180958688259124756e-01 -1.906004250049591064e-01
1.198727488517761230e+00 -1.212787389755249023e+00 1.194300770759582520e+00 -1.769992411136627197e-01 -2.201871573925018311e-01 -1.926607191562652588e-01
1.210162639617919922e+00 -1.215450644493103027e+00 1.196505069732666016e+00 -1.783803850412368774e-01 -2.225053012371063232e-01 -1.928370296955108643e-01
1.212485909461975098e+00 -1.216569542884826660e+00 1.197962284088134766e+00 -1.799950003623962402e-01 -2.245910763740539551e-01 -1.920436620712280273e-01
1.211746215820312500e+00 -1.215888023376464844e+00 1.198745489120483398e+00 -1.818185150623321533e-01 -2.264139652252197266e-01 -1.907829046249389648e-01
1.211640238761901855e+00 -1.216951370239257812e+00 1.199281692504882812e+00 -1.833654642105102539e-01 -2.285225391387939453e-01 -1.897448599338531494e-01
