1.246001005172729492e+00 -1.209879517555236816e+00 1.206504464149475098e+00 -2.094800025224685669e-01 -2.026645243167877197e-01 -2.232206463813781738e-01
1.245697498321533203e+00 -1.209925174713134766e+00 1.206449389457702637e+00 -2.095726132392883301e-01 -2.027674615383148193e-01 -2.230240255594253540e-01
1.244841217994689941e+00 -1.210127472877502441e+00 1.206385254859924316e+00 -2.097922861576080322e-01 -2.030279785394668579e-01 -2.225566655397415161e-01
1.241957545280456543e+00 -1.211485505104064941e+00 1.207253098487854004e+00 -2.102998197078704834e-01 -2.041971683502197266e-01 -2.209175378084182739e-01
1.236774921417236328e+00 -1.212800264358520508e+00 1.205444693565368652e+00 -2.123264372348785400e-01 -2.062717825174331665e-01 -2.171064466238021851e-01
1.228364706039428711e+00 -1.214897990226745605e+00 1.204205036163330078e+00 -2.137585580348968506e-01 -2.077678740024566650e-01 -2.155141830444335938e-01
1.219162821769714355e+00 -1.218869566917419434e+00 1.204645037651062012e+00 -2.153791338205337524e-01 -2.097152769565582275e-01 -2.151620984077453613e-01
1.213527560234069824e+00 -1.219906687736511230e+00 1.206271529197692871e+00 -2.187561541795730591e-01 -2.152516841888427734e-01 -2.087079137563705444e-01
1.210916161537170410e+00 -1.219091653823852539e+00 1.208449363708496094e+00 -2.213613688945770264e-01 -2.192373573780059814e-01 -2.057798504829406738e-01
1.211414933204650879e+00 -1.220582604408264160e+00 1.209840416908264160e+00 -2.226264029741287231e-01 -2.196895331144332886e-01 -2.074100375175476074e-01
1.211741089820861816e+00 -1.220460772514343262e+00 1.208684206008911133e+00 -2.249199599027633667e-01 -2.216294258832931519e-01 -2.062586992979049683e-01
