1.211363315582275391e+00 -1.207219839096069336e+00 1.211543679237365723e+00 -2.031642794609069824e-01 -2.442044615745544434e-01 -2.270214408636093140e-01
1.205390214920043945e+00 -1.222703099250793457e+00 1.208265900611877441e+00 -2.088622003793716431e-01 -2.529122829437255859e-01 -2.220307588577270508e-01
1.204924583435058594e+00 -1.225250005722045898e+00 1.211333990097045898e+00 -2.108351588249206543e-01 -2.651056945323944092e-01 -2.313807606697082520e-01
1.206083178520202637e+00 -1.226475000381469727e+00 1.215052604675292969e+00 -2.107492387294769287e-01 -2.590185999870300293e-01 -2.097879052162170410e-01
1.205912709236145020e+00 -1.227181792259216309e+00 1.213299989700317383e+00 -2.198977172374725342e-01 -2.616063058376312256e-01 -2.247342765331268311e-01
1.205544590950012207e+00 -1.226711034774780273e+00 1.214321732521057129e+00 -2.175423949956893921e-01 -2.621924579143524170e-01 -2.150803357362747192e-01
1.203318476676940918e+00 -1.229063034057617188e+00 1.216174840927124023e+00 -1.945780217647552490e-01 -2.582681477069854736e-01 -2.126483917236328125e-01
1.205238819122314453e+00 -1.227189421653747559e+00 1.214060187339782715e+00 -2.054394781589508057e-01 -2.673974931240081787e-01 -2.177677452564239502e-01
1.203891396522521973e+00 -1.229474663734436035e+00 1.217083215713500977e+00 -2.112535238265991211e-01 -2.606343328952789307e-01 -2.206816524267196655e-01
1.206657409667968750e+00 -1.223240613937377930e+00 1.211662173271179199e+00 -2.161957472562789917e-01 -2.563273608684539795e-01 -2.175218462944030762e-01
1.207316994667053223e+00 -1.224884390830993652e+00 1.211150884628295898e+00 -2.123530358076095581e-01 -2.539837062358856201e-01 -2.250125557184219360e-01
