1.241767644882202148e+00 -1.295211791992187500e+00 1.238972544670104980e+00 -1.936045587062835693e-01 -2.184996902942657471e-01 -2.164534628391265869e-01
1.202941536903381348e+00 -1.224869012832641602e+00 1.206435799598693848e+00 -1.938034147024154663e-01 -2.246026098728179932e-01 -1.980419009923934937e-01
1.120831727981567383e+00 -1.342254400253295898e+00 1.322317957878112793e+00 -1.889787614345550537e-01 -2.378375083208084106e-01 -2.292000949382781982e-01
1.204547643661499023e+00 -1.222814440727233887e+00 1.205868363380432129e+00 -2.007734477519989014e-01 -2.371604740619659424e-01 -2.143076062202453613e-01
1.204377651214599609e+00 -1.221399188041687012e+00 1.207415342330932617e+00 -1.918065696954727173e-01 -2.413161993026733398e-01 -1.993526220321655273e-01
1.200973868370056152e+00 -1.229428648948669434e+00 1.212794303894042969e+00 -2.055691927671432495e-01 -2.375067621469497681e-01 -2.021175622940063477e-01
1.204111814498901367e+00 -1.223373651504516602e+00 1.205533742904663086e+00 -2.064951658248901367e-01 -2.311429381370544434e-01 -2.042387425899505615e-01
1.203970670700073242e+00 -1.223068118095397949e+00 1.205627560615539551e+00 -2.013289183378219604e-01 -2.319432795047760010e-01 -2.007360309362411499e-01
1.203138709068298340e+00 -1.224398255348205566e+00 1.206864476203918457e+00 -1.965266168117523193e-01 -2.346911728382110596e-01 -2.069147825241088867e-01
1.201938629150390625e+00 -1.226479530334472656e+00 1.208514213562011719e+00 -1.973459720611572266e-01 -2.245821505784988403e-01 -2.025558352470397949e-01
1.203742980957031250e+00 -1.225158810615539551e+00 1.206856250762939453e+00 -1.895062774419784546e-01 -2.327444255352020264e-01 -2.025179862976074219e-01
