1.204114913940429688e+00 -1.215950131416320801e+00 1.199019908905029297e+00 -2.556742429733276367e-01 -2.002998292446136475e-01 -1.594294458627700806e-01
1.208236336708068848e+00 -1.216418862342834473e+00 1.200286388397216797e+00 -2.495672255754470825e-01 -2.014090269804000854e-01 -1.755683124065399170e-01
1.207198143005371094e+00 -1.218834757804870605e+00 1.201220393180847168e+00 -2.209338843822479248e-01 -2.170777916908264160e-01 -1.937350183725357056e-01
1.208594322204589844e+00 -1.218276023864746094e+00 1.202161073684692383e+00 -2.346644103527069092e-01 -2.040446847677230835e-01 -1.884598582983016968e-01
1.206614494323730469e+00 -1.219668269157409668e+00 1.202516674995422363e+00 -2.365225553512573242e-01 -2.094279080629348755e-01 -1.925649046897888184e-01
1.207930207252502441e+00 -1.217797636985778809e+00 1.200017094612121582e+00 -2.406288683414459229e-01 -1.999278068542480469e-01 -1.827074587345123291e-01
1.208143234252929688e+00 -1.217534542083740234e+00 1.201222896575927734e+00 -2.469113767147064209e-01 -2.123712599277496338e-01 -2.023272514343261719e-01
1.206801176071166992e+00 -1.220573663711547852e+00 1.204812645912170410e+00 -2.401154935359954834e-01 -2.174088805913925171e-01 -1.862230598926544189e-01
1.208471775054931641e+00 -1.217927694320678711e+00 1.202661991119384766e+00 -2.437923848628997803e-01 -2.043679356575012207e-01 -1.891870945692062378e-01
1.207185626029968262e+00 -1.220574021339416504e+00 1.202994108200073242e+00 -2.282997816801071167e-01 -2.056585848331451416e-01 -1.896747350692749023e-01
1.209378600120544434e+00 -1.215421319007873535e+00 1.199115872383117676e+00 -2.395903170108795166e-01 -2.080141007900238037e-01 -1.872618198394775391e-01
