1.160166978836059570e+00 -1.167695641517639160e+00 1.242655158042907715e+00 -2.017671018838882446e-01 -1.716135889291763306e-01 -1.731916368007659912e-01
1.209040641784667969e+00 -1.218336105346679688e+00 1.197188019752502441e+00 -2.052924185991287231e-01 -1.714025586843490601e-01 -1.817039102315902710e-01
1.117132425308227539e+00 -1.348847150802612305e+00 1.329501509666442871e+00 -2.006882727146148682e-01 -2.028725743293762207e-01 -2.005006074905395508e-01
1.209926009178161621e+00 -1.216934323310852051e+00 1.195187330245971680e+00 -2.240807116031646729e-01 -1.773618757724761963e-01 -1.875563412904739380e-01
1.210517883300781250e+00 -1.217559218406677246e+00 1.194753527641296387e+00 -2.205661684274673462e-01 -1.807326972484588623e-01 -2.068772315979003906e-01
1.210570693016052246e+00 -1.215272545814514160e+00 1.194544076919555664e+00 -2.235739529132843018e-01 -1.846959292888641357e-01 -1.862651258707046509e-01
1.208417654037475586e+00 -1.219041466712951660e+00 1.197857379913330078e+00 -2.114422321319580078e-01 -1.878233551979064941e-01 -1.828217208385467529e-01
1.210700869560241699e+00 -1.215890645980834961e+00 1.195423245429992676e+00 -2.173789441585540771e-01 -1.800864040851593018e-01 -1.764914691448211670e-01
1.211627244949340820e+00 -1.213754296302795410e+00 1.194086432456970215e+00 -2.080747485160827637e-01 -1.825605630874633789e-01 -1.800234913825988770e-01
1.211197733879089355e+00 -1.214656472206115723e+00 1.193721771240234375e+00 -2.165291905403137207e-01 -1.802823245525360107e-01 -1.854913234710693359e-01
1.210405707359313965e+00 -1.215873956680297852e+00 1.195928335189819336e+00 -2.119085788726806641e-01 -1.746411174535751343e-01 -1.727672070264816284e-01
