1.183825016021728516e+00 -1.207326531410217285e+00 1.186403274536132812e+00 -2.974898219108581543e-01 -1.905973553657531738e-01 -1.494052857160568237e-01
1.198318362236022949e+00 -1.227909684181213379e+00 1.211274981498718262e+00 -2.951330840587615967e-01 -1.974721103906631470e-01 -1.624037772417068481e-01
1.194633841514587402e+00 -1.236406326293945312e+00 1.220218062400817871e+00 -2.749771177768707275e-01 -1.939042061567306519e-01 -1.588658839464187622e-01
1.198884963989257812e+00 -1.228914499282836914e+00 1.210949659347534180e+00 -3.161281347274780273e-01 -1.868579983711242676e-01 -1.651570051908493042e-01
1.200198531150817871e+00 -1.229041576385498047e+00 1.213851690292358398e+00 -3.161388635635375977e-01 -1.593217402696609497e-01 -1.552215516567230225e-01
1.201928257942199707e+00 -1.226133823394775391e+00 1.209998726844787598e+00 -3.260351717472076416e-01 -1.715210676193237305e-01 -1.726630628108978271e-01
1.202133774757385254e+00 -1.224716305732727051e+00 1.207693934440612793e+00 -3.121728599071502686e-01 -1.720008552074432373e-01 -1.607987880706787109e-01
1.196789383888244629e+00 -1.234917640686035156e+00 1.220975875854492188e+00 -3.017300963401794434e-01 -1.750607192516326904e-01 -1.657972037792205811e-01
1.201519727706909180e+00 -1.226551771163940430e+00 1.209675312042236328e+00 -3.088613450527191162e-01 -1.839669048786163330e-01 -1.720039695501327515e-01
1.199307322502136230e+00 -1.230177044868469238e+00 1.213243722915649414e+00 -3.043964207172393799e-01 -1.840224862098693848e-01 -1.741272360086441040e-01
1.196138024330139160e+00 -1.234548330307006836e+00 1.217379093170166016e+00 -2.994303405284881592e-01 -1.866980791091918945e-01 -1.696852892637252808e-01
