1.202159523963928223e+00 -1.214376449584960938e+00 1.191873908042907715e+00 -2.074938714504241943e-01 -2.857842743396759033e-01 -2.339931577444076538e-01
1.209939002990722656e+00 -1.213133215904235840e+00 1.196281075477600098e+00 -2.076555788516998291e-01 -2.852268218994140625e-01 -2.348631471395492554e-01
1.209785580635070801e+00 -1.213279008865356445e+00 1.195784568786621094e+00 -2.081407904624938965e-01 -2.848042547702789307e-01 -2.348717302083969116e-01
1.209937095642089844e+00 -1.212894320487976074e+00 1.196087598800659180e+00 -2.086779475212097168e-01 -2.839295864105224609e-01 -2.351670712232589722e-01
1.209928393363952637e+00 -1.212897896766662598e+00 1.195752382278442383e+00 -2.090572714805603027e-01 -2.833629250526428223e-01 -2.356361746788024902e-01
1.210044741630554199e+00 -1.212837338447570801e+00 1.195682644844055176e+00 -2.098908126354217529e-01 -2.828176021575927734e-01 -2.355785369873046875e-01
1.210146069526672363e+00 -1.212918043136596680e+00 1.195381164550781250e+00 -2.102933526039123535e-01 -2.816449105739593506e-01 -2.362683415412902832e-01
1.210049390792846680e+00 -1.212823987007141113e+00 1.195221781730651855e+00 -2.109386920928955078e-01 -2.813007235527038574e-01 -2.362260967493057251e-01
1.209961295127868652e+00 -1.212548971176147461e+00 1.195205807685852051e+00 -2.112526148557662964e-01 -2.803827524185180664e-01 -2.366658896207809448e-01
1.210474491119384766e+00 -1.212543129920959473e+00 1.195258259773254395e+00 -2.122330814599990845e-01 -2.788985967636108398e-01 -2.365657538175582886e-01
