1.211288809776306152e+00 -1.215271949768066406e+00 1.196262359619140625e+00 -2.066811323165893555e-01 -2.046738862991333008e-01 -1.966310143470764160e-01
1.212239146232604980e+00 -1.212685823440551758e+00 1.194868683815002441e+00 -2.083911895751953125e-01 -2.018264830112457275e-01 -1.960554122924804688e-01
1.213725805282592773e+00 -1.211191177368164062e+00 1.193430542945861816e+00 -2.098596096038818359e-01 -1.983080804347991943e-01 -1.963611245155334473e-01
1.214523315429687500e+00 -1.210396409034729004e+00 1.191384792327880859e+00 -2.118448913097381592e-01 -1.976834982633590698e-01 -1.944714337587356567e-01
1.215216755867004395e+00 -1.209366917610168457e+00 1.190115690231323242e+00 -2.140574604272842407e-01 -1.956154108047485352e-01 -1.935953199863433838e-01
1.215708255767822266e+00 -1.208590984344482422e+00 1.188951253890991211e+00 -2.154798656702041626e-01 -1.938259005546569824e-01 -1.923823505640029907e-01
1.216104388236999512e+00 -1.207287073135375977e+00 1.187834143638610840e+00 -2.153213769197463989e-01 -1.908819675445556641e-01 -1.939512342214584351e-01
1.216973423957824707e+00 -1.206661343574523926e+00 1.186930894851684570e+00 -2.178723216056823730e-01 -1.899699717760086060e-01 -1.918760240077972412e-01
1.217414855957031250e+00 -1.205570220947265625e+00 1.186623215675354004e+00 -2.198472321033477783e-01 -1.894958317279815674e-01 -1.897143125534057617e-01
1.218474745750427246e+00 -1.204977750778198242e+00 1.186092972755432129e+00 -2.217022627592086792e-01 -1.877492815256118774e-01 -1.891291439533233643e-01
