1.175675272941589355e+00 -1.259724020957946777e+00 1.223722219467163086e+00 -1.950010955333709717e-01 -2.553475201129913330e-01 -2.427277415990829468e-01
1.185107469558715820e+00 -1.251544117927551270e+00 1.232141733169555664e+00 -1.951903402805328369e-01 -2.567959725856781006e-01 -2.384909540414810181e-01
1.185810804367065430e+00 -1.251129508018493652e+00 1.231930971145629883e+00 -1.951540857553482056e-01 -2.582531273365020752e-01 -2.330103665590286255e-01
1.186727643013000488e+00 -1.250136852264404297e+00 1.232567667961120605e+00 -1.961717456579208374e-01 -2.584898471832275391e-01 -2.298956662416458130e-01
1.187026143074035645e+00 -1.249865412712097168e+00 1.232394814491271973e+00 -1.962114721536636353e-01 -2.588104903697967529e-01 -2.285428941249847412e-01
1.187412977218627930e+00 -1.249519586563110352e+00 1.232337594032287598e+00 -1.959215253591537476e-01 -2.590179145336151123e-01 -2.279672920703887939e-01
1.187364339828491211e+00 -1.249234914779663086e+00 1.231888532638549805e+00 -1.963973492383956909e-01 -2.586241662502288818e-01 -2.271610200405120850e-01
1.187522649765014648e+00 -1.248787283897399902e+00 1.231827855110168457e+00 -1.971710175275802612e-01 -2.582329213619232178e-01 -2.255075275897979736e-01
1.187800765037536621e+00 -1.248368382453918457e+00 1.231959342956542969e+00 -1.979529261589050293e-01 -2.577819824218750000e-01 -2.250780016183853149e-01
1.188329815864562988e+00 -1.248236775398254395e+00 1.232182502746582031e+00 -1.987585127353668213e-01 -2.568684816360473633e-01 -2.238460332155227661e-01
