1.206691145896911621e+00 -1.221829652786254883e+00 1.207669854164123535e+00 -1.609522849321365356e-01 -2.135490328073501587e-01 -1.771683245897293091e-01
1.206560730934143066e+00 -1.223298311233520508e+00 1.204964399337768555e+00 -1.651745736598968506e-01 -2.106051743030548096e-01 -1.792478561401367188e-01
1.207261085510253906e+00 -1.222992658615112305e+00 1.204864859580993652e+00 -1.651500910520553589e-01 -2.096576988697052002e-01 -1.792680770158767700e-01
1.206531763076782227e+00 -1.223238945007324219e+00 1.203422665596008301e+00 -1.645277738571166992e-01 -2.090534269809722900e-01 -1.794888377189636230e-01
1.206587791442871094e+00 -1.223165750503540039e+00 1.202832818031311035e+00 -1.637745946645736694e-01 -2.087928354740142822e-01 -1.800196170806884766e-01
1.206596374511718750e+00 -1.222688674926757812e+00 1.202773809432983398e+00 -1.632594764232635498e-01 -2.093914896249771118e-01 -1.800239086151123047e-01
1.206654548645019531e+00 -1.222341537475585938e+00 1.202942371368408203e+00 -1.642529964447021484e-01 -2.088114470243453979e-01 -1.793849915266036987e-01
1.206756591796875000e+00 -1.222135186195373535e+00 1.202964425086975098e+00 -1.644239574670791626e-01 -2.085899561643600464e-01 -1.785768866539001465e-01
1.206881165504455566e+00 -1.221779108047485352e+00 1.203151822090148926e+00 -1.647359728813171387e-01 -2.083852887153625488e-01 -1.773648709058761597e-01
1.207089066505432129e+00 -1.221812725067138672e+00 1.202928423881530762e+00 -1.647046953439712524e-01 -2.077474296092987061e-01 -1.771832704544067383e-01
