1.216563224792480469e+00 -1.202017545700073242e+00 1.196168184280395508e+00 -3.263282775878906250e-01 -2.541750371456146240e-01 -2.607125639915466309e-01
1.215623855590820312e+00 -1.206173062324523926e+00 1.194226622581481934e+00 -3.223313689231872559e-01 -2.511043548583984375e-01 -2.495409846305847168e-01
1.214138865470886230e+00 -1.207223057746887207e+00 1.194093346595764160e+00 -3.167347013950347900e-01 -2.478943616151809692e-01 -2.406369149684906006e-01
1.213677525520324707e+00 -1.207811117172241211e+00 1.194693446159362793e+00 -3.123399615287780762e-01 -2.453733831644058228e-01 -2.353262305259704590e-01
1.213355302810668945e+00 -1.207964777946472168e+00 1.195649623870849609e+00 -3.108306825160980225e-01 -2.443417608737945557e-01 -2.341396510601043701e-01
1.212798237800598145e+00 -1.209071755409240723e+00 1.195468306541442871e+00 -3.068678379058837891e-01 -2.419707179069519043e-01 -2.301520705223083496e-01
1.212568759918212891e+00 -1.209616303443908691e+00 1.195946097373962402e+00 -3.051933646202087402e-01 -2.400655448436737061e-01 -2.276268899440765381e-01
1.212134957313537598e+00 -1.210200905799865723e+00 1.196311712265014648e+00 -3.035314083099365234e-01 -2.380932569503784180e-01 -2.273373454809188843e-01
1.212010741233825684e+00 -1.210543513298034668e+00 1.196768283843994141e+00 -3.017399013042449951e-01 -2.369695901870727539e-01 -2.266079634428024292e-01
1.211599826812744141e+00 -1.211050391197204590e+00 1.196899175643920898e+00 -3.000765144824981689e-01 -2.362839728593826294e-01 -2.264143824577331543e-01
