1.203734397888183594e+00 -1.224484205245971680e+00 1.204649925231933594e+00 -1.522355526685714722e-01 -2.238688021898269653e-01 -2.067842483520507812e-01
1.204016208648681641e+00 -1.224168896675109863e+00 1.205317735671997070e+00 -1.528480947017669678e-01 -2.242070287466049194e-01 -2.049656212329864502e-01
1.204671740531921387e+00 -1.223650574684143066e+00 1.206136584281921387e+00 -1.541441828012466431e-01 -2.240953594446182251e-01 -2.029082477092742920e-01
1.204567790031433105e+00 -1.223885059356689453e+00 1.206049799919128418e+00 -1.550475209951400757e-01 -2.245548814535140991e-01 -2.009064704179763794e-01
1.204316377639770508e+00 -1.223819971084594727e+00 1.205960512161254883e+00 -1.562184244394302368e-01 -2.248466312885284424e-01 -1.989706456661224365e-01
1.204585909843444824e+00 -1.223505735397338867e+00 1.206489086151123047e+00 -1.572477817535400391e-01 -2.251774221658706665e-01 -1.970825195312500000e-01
1.204518675804138184e+00 -1.224014043807983398e+00 1.206238389015197754e+00 -1.574921309947967529e-01 -2.261726558208465576e-01 -1.967462152242660522e-01
1.203657627105712891e+00 -1.224131345748901367e+00 1.205695033073425293e+00 -1.582000702619552612e-01 -2.274397909641265869e-01 -1.958778798580169678e-01
1.203927159309387207e+00 -1.224458217620849609e+00 1.205719113349914551e+00 -1.581177115440368652e-01 -2.273350358009338379e-01 -1.958056390285491943e-01
1.203849434852600098e+00 -1.224096298217773438e+00 1.206092715263366699e+00 -1.582064777612686157e-01 -2.294426262378692627e-01 -1.959181427955627441e-01
