1.211865663528442383e+00 -1.210491418838500977e+00 1.191160321235656738e+00 -2.482262849807739258e-01 -2.088784724473953247e-01 -2.005202472209930420e-01
1.212295293807983398e+00 -1.211490273475646973e+00 1.193003892898559570e+00 -2.492612749338150024e-01 -2.089602202177047729e-01 -1.985681354999542236e-01
1.212346911430358887e+00 -1.212404727935791016e+00 1.195179581642150879e+00 -2.496319264173507690e-01 -2.098626941442489624e-01 -1.975628882646560669e-01
1.211297273635864258e+00 -1.213333845138549805e+00 1.196191310882568359e+00 -2.502892911434173584e-01 -2.096147388219833374e-01 -1.969262361526489258e-01
1.210684299468994141e+00 -1.214695334434509277e+00 1.196644186973571777e+00 -2.507323920726776123e-01 -2.091535925865173340e-01 -1.963444650173187256e-01
1.209949016571044922e+00 -1.215628147125244141e+00 1.197610259056091309e+00 -2.510624229907989502e-01 -2.090328782796859741e-01 -1.959286481142044067e-01
1.209236741065979004e+00 -1.216481685638427734e+00 1.198527097702026367e+00 -2.514916956424713135e-01 -2.089803218841552734e-01 -1.957563757896423340e-01
1.209377765655517578e+00 -1.216459035873413086e+00 1.199716567993164062e+00 -2.517707347869873047e-01 -2.087185978889465332e-01 -1.955611854791641235e-01
1.209017992019653320e+00 -1.217297196388244629e+00 1.199706077575683594e+00 -2.525276243686676025e-01 -2.083251625299453735e-01 -1.945335268974304199e-01
1.208688497543334961e+00 -1.217407107353210449e+00 1.200569987297058105e+00 -2.530274987220764160e-01 -2.075794339179992676e-01 -1.945281028747558594e-01
