1.214651107788085938e+00 -1.214416623115539551e+00 1.188236117362976074e+00 -2.633318901062011719e-01 -2.159229069948196411e-01 -1.366180777549743652e-01
1.208364844322204590e+00 -1.211701154708862305e+00 1.188668489456176758e+00 -2.481998801231384277e-01 -1.951532959938049316e-01 -1.746999621391296387e-01
1.210023760795593262e+00 -1.211927533149719238e+00 1.190642118453979492e+00 -2.471995502710342407e-01 -1.920373588800430298e-01 -1.742145270109176636e-01
1.208994388580322266e+00 -1.213030695915222168e+00 1.190131664276123047e+00 -2.466504126787185669e-01 -1.889841258525848389e-01 -1.731368303298950195e-01
1.209571361541748047e+00 -1.213361620903015137e+00 1.191287159919738770e+00 -2.462671250104904175e-01 -1.874845027923583984e-01 -1.734025180339813232e-01
1.209511995315551758e+00 -1.213997483253479004e+00 1.191737771034240723e+00 -2.456735074520111084e-01 -1.872566640377044678e-01 -1.709370315074920654e-01
1.209462165832519531e+00 -1.214309334754943848e+00 1.192409992218017578e+00 -2.437833696603775024e-01 -1.858813464641571045e-01 -1.707930117845535278e-01
1.209459543228149414e+00 -1.214741230010986328e+00 1.192703485488891602e+00 -2.432196438312530518e-01 -1.861653029918670654e-01 -1.705370396375656128e-01
1.208868145942687988e+00 -1.215188980102539062e+00 1.192556142807006836e+00 -2.420224249362945557e-01 -1.865650117397308350e-01 -1.709634512662887573e-01
1.209207296371459961e+00 -1.215393543243408203e+00 1.192874550819396973e+00 -2.403462529182434082e-01 -1.852271854877471924e-01 -1.728679686784744263e-01
