1.209581851959228516e+00 -1.213680982589721680e+00 1.192104339599609375e+00 -1.973780691623687744e-01 -2.365794181823730469e-01 -2.178369909524917603e-01
1.202629685401916504e+00 -1.222159028053283691e+00 1.198897004127502441e+00 -1.963102966547012329e-01 -2.387368381023406982e-01 -2.175807058811187744e-01
1.194861412048339844e+00 -1.234566092491149902e+00 1.208187222480773926e+00 -1.748177409172058105e-01 -2.496519088745117188e-01 -2.148506343364715576e-01
1.197135448455810547e+00 -1.232846975326538086e+00 1.215854167938232422e+00 -1.890140175819396973e-01 -2.481182217597961426e-01 -2.279476523399353027e-01
1.196600794792175293e+00 -1.230785846710205078e+00 1.208151459693908691e+00 -2.031776905059814453e-01 -2.418879866600036621e-01 -2.109267413616180420e-01
1.194924473762512207e+00 -1.233069658279418945e+00 1.207336187362670898e+00 -2.103009819984436035e-01 -2.413565814495086670e-01 -2.061315774917602539e-01
1.194726228713989258e+00 -1.233109474182128906e+00 1.205065846443176270e+00 -2.080181539058685303e-01 -2.382017970085144043e-01 -2.002851366996765137e-01
1.194384574890136719e+00 -1.237296462059020996e+00 1.218436598777770996e+00 -1.970469057559967041e-01 -2.320009618997573853e-01 -2.084285765886306763e-01
1.197812318801879883e+00 -1.230261087417602539e+00 1.209593176841735840e+00 -2.010680735111236572e-01 -2.394163608551025391e-01 -2.151498645544052124e-01
1.196629881858825684e+00 -1.233213424682617188e+00 1.212042212486267090e+00 -1.986857503652572632e-01 -2.394097894430160522e-01 -2.175776362419128418e-01
1.198264598846435547e+00 -1.229003071784973145e+00 1.204555988311767578e+00 -1.936944127082824707e-01 -2.411455065011978149e-01 -2.131907641887664795e-01
