1.218233585357666016e+00 -1.207083582878112793e+00 1.192578673362731934e+00 -2.112331837415695190e-01 -2.318390607833862305e-01 -2.059711664915084839e-01
1.215445041656494141e+00 -1.221105456352233887e+00 1.202285289764404297e+00 -2.084459513425827026e-01 -2.299930304288864136e-01 -2.087237834930419922e-01
1.199883580207824707e+00 -1.239505052566528320e+00 1.213938713073730469e+00 -2.186567485332489014e-01 -2.492842823266983032e-01 -2.182175815105438232e-01
1.204752087593078613e+00 -1.235215067863464355e+00 1.212215542793273926e+00 -1.942900121212005615e-01 -2.329313904047012329e-01 -2.036175727844238281e-01
1.205485582351684570e+00 -1.232141852378845215e+00 1.209133863449096680e+00 -1.950721293687820435e-01 -2.346237897872924805e-01 -2.001515030860900879e-01
1.203388810157775879e+00 -1.235122799873352051e+00 1.212880849838256836e+00 -1.910668313503265381e-01 -2.378452271223068237e-01 -2.020337879657745361e-01
1.206190824508666992e+00 -1.229430913925170898e+00 1.209789991378784180e+00 -2.059740573167800903e-01 -2.319065481424331665e-01 -2.095456570386886597e-01
1.211615443229675293e+00 -1.224602341651916504e+00 1.208469748497009277e+00 -2.104341536760330200e-01 -2.324651628732681274e-01 -2.097362577915191650e-01
1.207352757453918457e+00 -1.235255718231201172e+00 1.218123793601989746e+00 -2.109261751174926758e-01 -2.277385592460632324e-01 -2.132248282432556152e-01
1.210152268409729004e+00 -1.230129361152648926e+00 1.211647391319274902e+00 -2.034396231174468994e-01 -2.358445525169372559e-01 -2.099250555038452148e-01
1.210321903228759766e+00 -1.226788997650146484e+00 1.206320881843566895e+00 -2.084164023399353027e-01 -2.319409251213073730e-01 -2.062357664108276367e-01
