1.218843460083007812e+00 -1.169836640357971191e+00 1.198726654052734375e+00 -2.333636581897735596e-01 -1.820439100265502930e-01 -2.178599238395690918e-01
1.214671850204467773e+00 -1.222911477088928223e+00 1.208652973175048828e+00 -2.375001907348632812e-01 -2.001181542873382568e-01 -1.944377869367599487e-01
1.242056608200073242e+00 -1.233071088790893555e+00 1.230082988739013672e+00 -1.915484517812728882e-01 -1.439659297466278076e-01 -3.069923222064971924e-01
1.205453872680664062e+00 -1.232359647750854492e+00 1.207118511199951172e+00 -2.499024420976638794e-01 -1.835079193115234375e-01 -1.453692317008972168e-01
1.207900643348693848e+00 -1.231265664100646973e+00 1.214365839958190918e+00 -2.445176541805267334e-01 -1.949202865362167358e-01 -1.662095785140991211e-01
1.214405059814453125e+00 -1.219747662544250488e+00 1.213388204574584961e+00 -2.448684126138687134e-01 -2.025425285100936890e-01 -1.721970438957214355e-01
1.208658218383789062e+00 -1.228895545005798340e+00 1.213159799575805664e+00 -2.443771660327911377e-01 -1.989254653453826904e-01 -1.670063287019729614e-01
1.212939858436584473e+00 -1.228106021881103516e+00 1.213900446891784668e+00 -2.336572110652923584e-01 -1.917839348316192627e-01 -1.756920218467712402e-01
1.212281227111816406e+00 -1.224194169044494629e+00 1.211804270744323730e+00 -2.341506332159042358e-01 -1.994121372699737549e-01 -1.893183290958404541e-01
1.213837742805480957e+00 -1.224007368087768555e+00 1.210907220840454102e+00 -2.354117780923843384e-01 -2.021224498748779297e-01 -1.915120780467987061e-01
1.215584993362426758e+00 -1.216254711151123047e+00 1.204232335090637207e+00 -2.380052208900451660e-01 -2.012817859649658203e-01 -2.010434567928314209e-01
