1.209946870803833008e+00 -1.263194441795349121e+00 1.313935875892639160e+00 -2.183301597833633423e-01 -2.721114158630371094e-01 -2.841411530971527100e-01
1.213605642318725586e+00 -1.214642047882080078e+00 1.195747852325439453e+00 -2.375766634941101074e-01 -2.564885914325714111e-01 -2.484928071498870850e-01
1.218487024307250977e+00 -1.210055589675903320e+00 1.199057817459106445e+00 -2.601429224014282227e-01 -2.527443170547485352e-01 -2.239705771207809448e-01
1.212741374969482422e+00 -1.211580991744995117e+00 1.194561481475830078e+00 -2.364466488361358643e-01 -2.352967262268066406e-01 -2.309031337499618530e-01
1.215023159980773926e+00 -1.212710618972778320e+00 1.196434259414672852e+00 -2.513652145862579346e-01 -2.536968588829040527e-01 -2.314533442258834839e-01
1.208985090255737305e+00 -1.213784813880920410e+00 1.196546673774719238e+00 -2.622414231300354004e-01 -2.559334933757781982e-01 -2.256507873535156250e-01
1.211775541305541992e+00 -1.213472723960876465e+00 1.195792198181152344e+00 -2.548221349716186523e-01 -2.552742660045623779e-01 -2.279201596975326538e-01
1.217816591262817383e+00 -1.212209463119506836e+00 1.199696302413940430e+00 -2.391303181648254395e-01 -2.476958781480789185e-01 -2.317158579826354980e-01
1.210233211517333984e+00 -1.213301420211791992e+00 1.200217247009277344e+00 -2.373208254575729370e-01 -2.510611414909362793e-01 -2.463264018297195435e-01
1.214267134666442871e+00 -1.214418768882751465e+00 1.200952649116516113e+00 -2.432521134614944458e-01 -2.528137564659118652e-01 -2.321218699216842651e-01
1.208721876144409180e+00 -1.219213366508483887e+00 1.204884171485900879e+00 -2.383470535278320312e-01 -2.557570040225982666e-01 -2.431464344263076782e-01
