1.230856895446777344e+00 -1.054764270782470703e+00 1.240638017654418945e+00 -1.806427985429763794e-01 -2.103557884693145752e-01 -1.709629893302917480e-01
1.211993575096130371e+00 -1.221873283386230469e+00 1.200244545936584473e+00 -1.815552115440368652e-01 -2.117797285318374634e-01 -1.776051372289657593e-01
1.198403358459472656e+00 -1.247992157936096191e+00 1.220907092094421387e+00 -1.880934238433837891e-01 -2.102568596601486206e-01 -1.730019748210906982e-01
1.205927968025207520e+00 -1.231196165084838867e+00 1.207036852836608887e+00 -2.064950168132781982e-01 -2.091180980205535889e-01 -1.900656819343566895e-01
1.213347077369689941e+00 -1.221036434173583984e+00 1.199304223060607910e+00 -1.909393966197967529e-01 -2.043763250112533569e-01 -1.927935183048248291e-01
1.214570760726928711e+00 -1.221321702003479004e+00 1.203196167945861816e+00 -1.924047172069549561e-01 -2.033655792474746704e-01 -1.921048164367675781e-01
1.214276194572448730e+00 -1.225407123565673828e+00 1.204046130180358887e+00 -1.840693801641464233e-01 -2.097100466489791870e-01 -1.963990926742553711e-01
1.218712568283081055e+00 -1.219463825225830078e+00 1.199013710021972656e+00 -1.840220689773559570e-01 -2.031353712081909180e-01 -1.809710711240768433e-01
1.213894963264465332e+00 -1.218955397605895996e+00 1.201334357261657715e+00 -1.797493249177932739e-01 -2.087356597185134888e-01 -1.763119250535964966e-01
1.215629100799560547e+00 -1.217094659805297852e+00 1.195532321929931641e+00 -1.797570735216140747e-01 -1.984138935804367065e-01 -1.826637834310531616e-01
1.219792127609252930e+00 -1.216552972793579102e+00 1.197119116783142090e+00 -1.819930821657180786e-01 -2.039164304733276367e-01 -1.808669269084930420e-01
