1.273269772529602051e+00 -1.255699396133422852e+00 1.267516493797302246e+00 -1.754446178674697876e-01 -1.733481287956237793e-01 -2.592259645462036133e-01
1.224498033523559570e+00 -1.221190810203552246e+00 1.220499157905578613e+00 -2.001964300870895386e-01 -2.003402262926101685e-01 -1.919801831245422363e-01
1.228846073150634766e+00 -1.219119906425476074e+00 1.219485402107238770e+00 -1.897768676280975342e-01 -1.912025809288024902e-01 -1.869243681430816650e-01
1.230784773826599121e+00 -1.212108373641967773e+00 1.210543036460876465e+00 -1.789788007736206055e-01 -2.046635895967483521e-01 -1.933633387088775635e-01
1.226485729217529297e+00 -1.214148521423339844e+00 1.210886836051940918e+00 -1.943645477294921875e-01 -2.049262970685958862e-01 -2.063814699649810791e-01
1.229258775711059570e+00 -1.210439324378967285e+00 1.210910797119140625e+00 -1.972119957208633423e-01 -2.054603099822998047e-01 -1.910738945007324219e-01
1.215442180633544922e+00 -1.220968365669250488e+00 1.208579063415527344e+00 -2.025923877954483032e-01 -2.027611583471298218e-01 -1.961778551340103149e-01
1.226891517639160156e+00 -1.217376351356506348e+00 1.218786835670471191e+00 -2.031352967023849487e-01 -1.977209895849227905e-01 -1.937623471021652222e-01
1.224436640739440918e+00 -1.219956278800964355e+00 1.219422459602355957e+00 -2.173537164926528931e-01 -2.114059776067733765e-01 -1.980162113904953003e-01
1.227585673332214355e+00 -1.222284197807312012e+00 1.228764891624450684e+00 -2.197499871253967285e-01 -2.097798287868499756e-01 -2.008759677410125732e-01
1.227669835090637207e+00 -1.221201658248901367e+00 1.224352359771728516e+00 -2.200106084346771240e-01 -2.069090157747268677e-01 -1.977628022432327271e-01
