1.143880963325500488e+00 -1.348879575729370117e+00 1.090132594108581543e+00 -1.413447558879852295e-01 -1.766169667243957520e-01 -1.927736550569534302e-01
1.213860988616943359e+00 -1.210337162017822266e+00 1.206247568130493164e+00 -1.422920823097229004e-01 -1.870393455028533936e-01 -1.946000009775161743e-01
1.210668325424194336e+00 -1.214226365089416504e+00 1.203224062919616699e+00 -1.315016150474548340e-01 -1.858950555324554443e-01 -1.904099583625793457e-01
1.215815186500549316e+00 -1.214238047599792480e+00 1.202910184860229492e+00 -1.245721057057380676e-01 -2.135411947965621948e-01 -1.923012286424636841e-01
1.205749750137329102e+00 -1.220257163047790527e+00 1.200980782508850098e+00 -1.349370479583740234e-01 -1.993819773197174072e-01 -2.002240866422653198e-01
1.205234527587890625e+00 -1.222659707069396973e+00 1.206182599067687988e+00 -1.369690299034118652e-01 -1.926207840442657471e-01 -2.075781226158142090e-01
1.212455034255981445e+00 -1.218249320983886719e+00 1.204013228416442871e+00 -1.404441595077514648e-01 -1.901495009660720825e-01 -2.005854099988937378e-01
1.212074637413024902e+00 -1.218563079833984375e+00 1.213165998458862305e+00 -1.543637067079544067e-01 -2.010719329118728638e-01 -1.925243586301803589e-01
1.215248107910156250e+00 -1.214548945426940918e+00 1.208194136619567871e+00 -1.632181406021118164e-01 -1.966102421283721924e-01 -1.843078434467315674e-01
1.212677717208862305e+00 -1.218134284019470215e+00 1.211316943168640137e+00 -1.668743044137954712e-01 -1.967604309320449829e-01 -1.888384521007537842e-01
1.213912129402160645e+00 -1.212214231491088867e+00 1.204609513282775879e+00 -1.588876545429229736e-01 -1.969978362321853638e-01 -1.887626051902770996e-01
