1.190491557121276855e+00 -1.213092803955078125e+00 1.193853139877319336e+00 -2.034612447023391724e-01 -9.154622256755828857e-02 -1.875186562538146973e-01
1.206410169601440430e+00 -1.221145987510681152e+00 1.201560020446777344e+00 -2.093318998813629150e-01 -1.229141652584075928e-01 -1.612815707921981812e-01
1.204771995544433594e+00 -1.223012208938598633e+00 1.204149961471557617e+00 -2.116122692823410034e-01 -1.237991303205490112e-01 -1.208691298961639404e-01
1.204519867897033691e+00 -1.223624825477600098e+00 1.201857686042785645e+00 -2.149246037006378174e-01 -1.431887745857238770e-01 -1.494160592555999756e-01
1.205577015876770020e+00 -1.221484661102294922e+00 1.203926444053649902e+00 -2.122081816196441650e-01 -1.482436060905456543e-01 -1.519484072923660278e-01
1.205270528793334961e+00 -1.220928788185119629e+00 1.201993584632873535e+00 -2.142486125230789185e-01 -1.595478951930999756e-01 -1.654758900403976440e-01
1.204883098602294922e+00 -1.222236633300781250e+00 1.201493978500366211e+00 -2.116997241973876953e-01 -1.768981069326400757e-01 -1.734165698289871216e-01
1.205394387245178223e+00 -1.222057819366455078e+00 1.203694224357604980e+00 -2.250978350639343262e-01 -1.510224044322967529e-01 -1.702300757169723511e-01
1.202052950859069824e+00 -1.227275490760803223e+00 1.207886457443237305e+00 -2.157058715820312500e-01 -1.469340175390243530e-01 -1.716935187578201294e-01
1.205619931221008301e+00 -1.220763921737670898e+00 1.202630043029785156e+00 -2.100350558757781982e-01 -1.513200551271438599e-01 -1.526688933372497559e-01
1.204779267311096191e+00 -1.222422838211059570e+00 1.202780246734619141e+00 -2.037889659404754639e-01 -1.445367634296417236e-01 -1.456358432769775391e-01
