1.297486662864685059e+00 -1.214698791503906250e+00 1.107471823692321777e+00 -2.231050580739974976e-01 -1.865063905715942383e-01 -1.862927377223968506e-01
1.209705829620361328e+00 -1.213770985603332520e+00 1.195875763893127441e+00 -2.194350957870483398e-01 -1.970030963420867920e-01 -1.794034838676452637e-01
1.227585911750793457e+00 -1.185054540634155273e+00 1.167289733886718750e+00 -2.465178668498992920e-01 -1.931860148906707764e-01 -1.738067418336868286e-01
1.197179079055786133e+00 -1.233677864074707031e+00 1.215676784515380859e+00 -2.189182937145233154e-01 -2.061124742031097412e-01 -1.886157691478729248e-01
1.201961755752563477e+00 -1.228348374366760254e+00 1.213205933570861816e+00 -2.220892608165740967e-01 -2.030712515115737915e-01 -1.817598789930343628e-01
1.198266386985778809e+00 -1.231429338455200195e+00 1.214511871337890625e+00 -2.239612340927124023e-01 -1.857296675443649292e-01 -1.727741658687591553e-01
1.199957847595214844e+00 -1.230742335319519043e+00 1.212936282157897949e+00 -2.060111016035079956e-01 -1.997418552637100220e-01 -1.812730580568313599e-01
1.192037463188171387e+00 -1.237388491630554199e+00 1.223046183586120605e+00 -2.201619148254394531e-01 -2.073692679405212402e-01 -2.000212371349334717e-01
1.201608180999755859e+00 -1.226701855659484863e+00 1.208314418792724609e+00 -2.253366261720657349e-01 -1.909375041723251343e-01 -1.736146509647369385e-01
1.206186532974243164e+00 -1.220027089118957520e+00 1.202298045158386230e+00 -2.259097099304199219e-01 -1.801508069038391113e-01 -1.722798049449920654e-01
1.206110239028930664e+00 -1.220927238464355469e+00 1.203216433525085449e+00 -2.247907370328903198e-01 -1.920574605464935303e-01 -1.805297732353210449e-01
