1.234807372093200684e+00 -1.446448683738708496e+00 1.377357721328735352e+00 -1.949431896209716797e-01 -3.106396496295928955e-01 -1.658435463905334473e-01
1.195025801658630371e+00 -1.233221769332885742e+00 1.212878108024597168e+00 -2.134253382682800293e-01 -2.796427011489868164e-01 -2.451710999011993408e-01
1.188243389129638672e+00 -1.244601726531982422e+00 1.224803447723388672e+00 -1.986448764801025391e-01 -2.521476447582244873e-01 -2.379003465175628662e-01
1.173140168190002441e+00 -1.261947989463806152e+00 1.237719774246215820e+00 -2.109950780868530273e-01 -2.912119030952453613e-01 -2.512069046497344971e-01
1.202275156974792480e+00 -1.219695687294006348e+00 1.202126741409301758e+00 -2.090426087379455566e-01 -2.708838880062103271e-01 -2.285853326320648193e-01
1.209874033927917480e+00 -1.214883565902709961e+00 1.195939898490905762e+00 -2.035074234008789062e-01 -2.682665288448333740e-01 -2.335342913866043091e-01
1.201800584793090820e+00 -1.227171540260314941e+00 1.208889365196228027e+00 -2.005805373191833496e-01 -2.645832598209381104e-01 -2.169921100139617920e-01
1.204264163970947266e+00 -1.223392248153686523e+00 1.206510305404663086e+00 -1.957433670759201050e-01 -2.605712413787841797e-01 -2.178866267204284668e-01
1.204890489578247070e+00 -1.222807168960571289e+00 1.206631064414978027e+00 -2.072356939315795898e-01 -2.765546739101409912e-01 -2.339189648628234863e-01
1.205586314201354980e+00 -1.223244786262512207e+00 1.206942200660705566e+00 -1.941020041704177856e-01 -2.686934471130371094e-01 -2.247690260410308838e-01
1.203695893287658691e+00 -1.224897027015686035e+00 1.206965684890747070e+00 -1.972353160381317139e-01 -2.686651945114135742e-01 -2.262325435876846313e-01
