1.231345772743225098e+00 -1.177350878715515137e+00 1.134247183799743652e+00 -7.736407965421676636e-02 -2.159861475229263306e-01 -1.900239586830139160e-01
1.210026383399963379e+00 -1.214573860168457031e+00 1.198304891586303711e+00 -7.812687754631042480e-02 -2.321465611457824707e-01 -1.870321035385131836e-01
1.208535313606262207e+00 -1.216553330421447754e+00 1.201037645339965820e+00 -7.302413880825042725e-02 -2.371785044670104980e-01 -1.816486865282058716e-01
1.207305312156677246e+00 -1.220197081565856934e+00 1.201807975769042969e+00 -8.839277178049087524e-02 -2.504135966300964355e-01 -2.132291495800018311e-01
1.209667086601257324e+00 -1.216219186782836914e+00 1.199100494384765625e+00 -8.943966031074523926e-02 -2.450800240039825439e-01 -2.117515355348587036e-01
1.212554812431335449e+00 -1.211671710014343262e+00 1.195473432540893555e+00 -9.253394603729248047e-02 -2.454500198364257812e-01 -2.016203999519348145e-01
1.210536837577819824e+00 -1.214818358421325684e+00 1.198650121688842773e+00 -8.451612293720245361e-02 -2.363741695880889893e-01 -1.966891139745712280e-01
1.208269834518432617e+00 -1.218279361724853516e+00 1.201737880706787109e+00 -8.799878507852554321e-02 -2.300458252429962158e-01 -1.960805505514144897e-01
1.209592461585998535e+00 -1.215277433395385742e+00 1.197774648666381836e+00 -9.055408835411071777e-02 -2.365867644548416138e-01 -1.992834508419036865e-01
1.212267398834228516e+00 -1.211158394813537598e+00 1.194849371910095215e+00 -9.554635733366012573e-02 -2.349656820297241211e-01 -1.966674476861953735e-01
1.209322929382324219e+00 -1.215620756149291992e+00 1.198452115058898926e+00 -9.306541085243225098e-02 -2.361447215080261230e-01 -1.910042166709899902e-01
