1.219119191169738770e+00 -1.221134543418884277e+00 1.193713068962097168e+00 -1.669554710388183594e-01 -1.634455621242523193e-01 -3.017168641090393066e-01
1.206603407859802246e+00 -1.222774505615234375e+00 1.199218392372131348e+00 -1.702445745468139648e-01 -1.831304579973220825e-01 -1.874635517597198486e-01
1.202932476997375488e+00 -1.226425528526306152e+00 1.206791758537292480e+00 -1.858904957771301270e-01 -1.997027844190597534e-01 -1.678064316511154175e-01
1.198974490165710449e+00 -1.230068564414978027e+00 1.208471179008483887e+00 -1.924605667591094971e-01 -2.149612754583358765e-01 -1.794725805521011353e-01
1.201243758201599121e+00 -1.231892824172973633e+00 1.208162307739257812e+00 -1.783178597688674927e-01 -1.936638206243515015e-01 -2.111286818981170654e-01
1.202322721481323242e+00 -1.228194594383239746e+00 1.208059787750244141e+00 -1.883127242326736450e-01 -2.034129202365875244e-01 -1.683681905269622803e-01
1.201921820640563965e+00 -1.226609349250793457e+00 1.207223296165466309e+00 -1.972521692514419556e-01 -2.073827683925628662e-01 -1.657824963331222534e-01
1.202372789382934570e+00 -1.227335453033447266e+00 1.205609202384948730e+00 -2.063630372285842896e-01 -1.957084089517593384e-01 -1.847185492515563965e-01
1.203366994857788086e+00 -1.226269125938415527e+00 1.205240488052368164e+00 -2.006401717662811279e-01 -1.899740397930145264e-01 -2.007213681936264038e-01
1.204032778739929199e+00 -1.224301815032958984e+00 1.203102231025695801e+00 -1.978038549423217773e-01 -1.951413750648498535e-01 -1.861491352319717407e-01
1.206312656402587891e+00 -1.221856594085693359e+00 1.200190782546997070e+00 -1.963595896959304810e-01 -1.911849081516265869e-01 -1.886608600616455078e-01
