1.181862831115722656e+00 -1.266160726547241211e+00 1.268604397773742676e+00 -1.866970062255859375e-01 -2.273531258106231689e-01 -2.395371794700622559e-01
1.182159066200256348e+00 -1.265676736831665039e+00 1.267878174781799316e+00 -1.867978870868682861e-01 -2.272564470767974854e-01 -2.394661605358123779e-01
1.182931184768676758e+00 -1.264421463012695312e+00 1.266029119491577148e+00 -1.870532631874084473e-01 -2.270154058933258057e-01 -2.392809391021728516e-01
1.185186862945556641e+00 -1.260803818702697754e+00 1.260839223861694336e+00 -1.877786964178085327e-01 -2.263325750827789307e-01 -2.387497723102569580e-01
1.190797209739685059e+00 -1.251995205879211426e+00 1.249088168144226074e+00 -1.894398331642150879e-01 -2.248255014419555664e-01 -2.374319434165954590e-01
1.199885725975036621e+00 -1.233687400817871094e+00 1.224998354911804199e+00 -1.927857100963592529e-01 -2.218566983938217163e-01 -2.344619333744049072e-01
1.209749579429626465e+00 -1.225424647331237793e+00 1.210693120956420898e+00 -1.943758130073547363e-01 -2.198514193296432495e-01 -2.330696135759353638e-01
1.207826256752014160e+00 -1.222093105316162109e+00 1.201746821403503418e+00 -1.950947791337966919e-01 -2.188242971897125244e-01 -2.317443042993545532e-01
1.209227085113525391e+00 -1.221158981323242188e+00 1.202389240264892578e+00 -1.947271972894668579e-01 -2.188872247934341431e-01 -2.312700599431991577e-01
1.208940148353576660e+00 -1.220694780349731445e+00 1.202360272407531738e+00 -1.944435536861419678e-01 -2.188494950532913208e-01 -2.308405935764312744e-01
1.210026144981384277e+00 -1.220596551895141602e+00 1.201991915702819824e+00 -1.941880583763122559e-01 -2.186529189348220825e-01 -2.305806279182434082e-01
