1.127617597579956055e+00 -1.196119666099548340e+00 1.163440465927124023e+00 -2.666993737220764160e-01 -1.514675021171569824e-01 -2.431437075138092041e-01
1.128621578216552734e+00 -1.196358680725097656e+00 1.163889408111572266e+00 -2.666423916816711426e-01 -1.515147686004638672e-01 -2.432301342487335205e-01
1.131325483322143555e+00 -1.197065472602844238e+00 1.165058493614196777e+00 -2.664852440357208252e-01 -1.516309678554534912e-01 -2.434736639261245728e-01
1.139088153839111328e+00 -1.198809504508972168e+00 1.168726801872253418e+00 -2.660425901412963867e-01 -1.520267575979232788e-01 -2.441405653953552246e-01
1.159133672714233398e+00 -1.203129529953002930e+00 1.176787257194519043e+00 -2.649524211883544922e-01 -1.527915745973587036e-01 -2.457921057939529419e-01
1.193691134452819824e+00 -1.211339473724365234e+00 1.193346381187438965e+00 -2.625289559364318848e-01 -1.551538407802581787e-01 -2.483510226011276245e-01
1.215510606765747070e+00 -1.209945082664489746e+00 1.191887855529785156e+00 -2.618820369243621826e-01 -1.549836248159408569e-01 -2.483749985694885254e-01
1.223191618919372559e+00 -1.214196205139160156e+00 1.194467782974243164e+00 -2.603925764560699463e-01 -1.556825041770935059e-01 -2.489457279443740845e-01
1.224236965179443359e+00 -1.215460181236267090e+00 1.197462201118469238e+00 -2.590514421463012695e-01 -1.569454073905944824e-01 -2.486286908388137817e-01
1.224366784095764160e+00 -1.215439200401306152e+00 1.198704481124877930e+00 -2.580025196075439453e-01 -1.580120325088500977e-01 -2.479749321937561035e-01
1.224746108055114746e+00 -1.215378165245056152e+00 1.198716402053833008e+00 -2.570802569389343262e-01 -1.587513387203216553e-01 -2.474188208580017090e-01
