1.378877282142639160e+00 -1.236060619354248047e+00 1.235517501831054688e+00 -2.632324695587158203e-01 -2.134166210889816284e-01 -2.809693813323974609e-01
1.377017140388488770e+00 -1.235899925231933594e+00 1.235068678855895996e+00 -2.633025646209716797e-01 -2.134229987859725952e-01 -2.807996273040771484e-01
1.371898293495178223e+00 -1.235440135002136230e+00 1.233831286430358887e+00 -2.634962499141693115e-01 -2.134444713592529297e-01 -2.803236246109008789e-01
1.357866406440734863e+00 -1.233997464179992676e+00 1.230704665184020996e+00 -2.640187144279479980e-01 -2.135624438524246216e-01 -2.789905369281768799e-01
1.322382926940917969e+00 -1.230770111083984375e+00 1.222042798995971680e+00 -2.653866708278656006e-01 -2.139430940151214600e-01 -2.754923403263092041e-01
1.258832097053527832e+00 -1.225497841835021973e+00 1.205880999565124512e+00 -2.679542899131774902e-01 -2.141879498958587646e-01 -2.696351706981658936e-01
1.219473361968994141e+00 -1.219439864158630371e+00 1.198662400245666504e+00 -2.691049575805664062e-01 -2.156876027584075928e-01 -2.649314999580383301e-01
1.211737513542175293e+00 -1.218917846679687500e+00 1.198047041893005371e+00 -2.693670392036437988e-01 -2.162222564220428467e-01 -2.645440697669982910e-01
1.207154035568237305e+00 -1.219959259033203125e+00 1.197411775588989258e+00 -2.696073055267333984e-01 -2.166047841310501099e-01 -2.646144628524780273e-01
1.206143617630004883e+00 -1.219917416572570801e+00 1.197275042533874512e+00 -2.698404490947723389e-01 -2.169361710548400879e-01 -2.647147774696350098e-01
1.206904888153076172e+00 -1.220143914222717285e+00 1.197345376014709473e+00 -2.700252234935760498e-01 -2.171786874532699585e-01 -2.650517523288726807e-01
