1.068324565887451172e+00 -1.380590558052062988e+00 1.213594436645507812e+00 -1.120105683803558350e-01 -2.792596817016601562e-01 -1.772319376468658447e-01
1.069846868515014648e+00 -1.378848910331726074e+00 1.213525295257568359e+00 -1.120400428771972656e-01 -2.792581617832183838e-01 -1.771904826164245605e-01
1.074065208435058594e+00 -1.374042630195617676e+00 1.213391065597534180e+00 -1.121126338839530945e-01 -2.792626023292541504e-01 -1.770747452974319458e-01
1.085657835006713867e+00 -1.360745906829833984e+00 1.213153839111328125e+00 -1.122847422957420349e-01 -2.793176770210266113e-01 -1.767142862081527710e-01
1.114461898803710938e+00 -1.327975749969482422e+00 1.210568070411682129e+00 -1.129788756370544434e-01 -2.793134450912475586e-01 -1.758226454257965088e-01
1.162235260009765625e+00 -1.268604755401611328e+00 1.208401083946228027e+00 -1.138475909829139709e-01 -2.796896994113922119e-01 -1.736394315958023071e-01
1.195975542068481445e+00 -1.225324630737304688e+00 1.202842593193054199e+00 -1.149407029151916504e-01 -2.795405089855194092e-01 -1.722596287727355957e-01
1.201643109321594238e+00 -1.223400235176086426e+00 1.209317803382873535e+00 -1.143560707569122314e-01 -2.795581221580505371e-01 -1.736538708209991455e-01
1.206734538078308105e+00 -1.217670202255249023e+00 1.211060643196105957e+00 -1.145007163286209106e-01 -2.790834903717041016e-01 -1.746410131454467773e-01
1.208031296730041504e+00 -1.216301679611206055e+00 1.213239192962646484e+00 -1.144590675830841064e-01 -2.787562608718872070e-01 -1.754777133464813232e-01
1.209421515464782715e+00 -1.215535521507263184e+00 1.213793396949768066e+00 -1.146031022071838379e-01 -2.782022953033447266e-01 -1.764485090970993042e-01
