1.206282973289489746e+00 -1.234075665473937988e+00 1.135748267173767090e+00 -2.097767889499664307e-01 -2.333678603172302246e-01 -2.611848711967468262e-01
1.206309318542480469e+00 -1.233880639076232910e+00 1.136413455009460449e+00 -2.097126543521881104e-01 -2.334817200899124146e-01 -2.611618936061859131e-01
1.206366300582885742e+00 -1.233374953269958496e+00 1.138220548629760742e+00 -2.095375359058380127e-01 -2.337901592254638672e-01 -2.611030340194702148e-01
1.206610202789306641e+00 -1.231916904449462891e+00 1.143314123153686523e+00 -2.090467363595962524e-01 -2.346529960632324219e-01 -2.609423398971557617e-01
1.207266688346862793e+00 -1.228118419647216797e+00 1.156295299530029297e+00 -2.077605873346328735e-01 -2.369567751884460449e-01 -2.603883445262908936e-01
1.208078503608703613e+00 -1.222082853317260742e+00 1.179248094558715820e+00 -2.054346948862075806e-01 -2.409510761499404907e-01 -2.594834566116333008e-01
1.207034349441528320e+00 -1.218675136566162109e+00 1.191245198249816895e+00 -2.041261792182922363e-01 -2.440340369939804077e-01 -2.575725913047790527e-01
1.208066463470458984e+00 -1.216468453407287598e+00 1.194850444793701172e+00 -2.037049233913421631e-01 -2.457560598850250244e-01 -2.558464407920837402e-01
1.208624005317687988e+00 -1.215824484825134277e+00 1.196779966354370117e+00 -2.034353017807006836e-01 -2.471038550138473511e-01 -2.544206380844116211e-01
1.207889318466186523e+00 -1.216354966163635254e+00 1.197266697883605957e+00 -2.032496482133865356e-01 -2.482048422098159790e-01 -2.531256377696990967e-01
1.207407712936401367e+00 -1.216842532157897949e+00 1.197310209274291992e+00 -2.030994296073913574e-01 -2.491937130689620972e-01 -2.518770396709442139e-01
