1.197212576866149902e+00 -1.236468434333801270e+00 1.224031567573547363e+00 -1.386526226997375488e-01 -2.200663089752197266e-01 -1.779711097478866577e-01
1.198063254356384277e+00 -1.208498716354370117e+00 1.296125769615173340e+00 -1.766395866870880127e-01 -2.589008510112762451e-01 -1.752057373523712158e-01
1.220827579498291016e+00 -1.149549365043640137e+00 1.323401451110839844e+00 -2.141110450029373169e-01 -2.950515747070312500e-01 -1.495734900236129761e-01
1.272787809371948242e+00 -1.127817630767822266e+00 1.302475094795227051e+00 -2.346018999814987183e-01 -3.121104240417480469e-01 -1.314898431301116943e-01
1.299064636230468750e+00 -1.145277500152587891e+00 1.253099918365478516e+00 -2.402224838733673096e-01 -3.154893517494201660e-01 -1.173404827713966370e-01
1.280966520309448242e+00 -1.187631011009216309e+00 1.204067111015319824e+00 -2.568109631538391113e-01 -3.192840218544006348e-01 -1.272288113832473755e-01
1.252933263778686523e+00 -1.218617916107177734e+00 1.195941090583801270e+00 -2.665838003158569336e-01 -3.288210034370422363e-01 -1.201720982789993286e-01
1.220773220062255859e+00 -1.229263782501220703e+00 1.230393171310424805e+00 -2.661553919315338135e-01 -3.329944610595703125e-01 -1.174375861883163452e-01
1.205590844154357910e+00 -1.203005313873291016e+00 1.274770855903625488e+00 -2.770911157131195068e-01 -3.313585519790649414e-01 -1.298636496067047119e-01
1.222762703895568848e+00 -1.167297601699829102e+00 1.303446292877197266e+00 -2.877771556377410889e-01 -3.446924984455108643e-01 -1.183172613382339478e-01
