1.177807450294494629e+00 -1.252817869186401367e+00 1.226406335830688477e+00 -2.232629954814910889e-01 -2.741914391517639160e-01 -1.942794322967529297e-01
8.133772611618041992e-01 -1.404679179191589355e+00 1.282356858253479004e+00 -2.506471872329711914e-01 -2.305923551321029663e-01 -3.291219472885131836e-01
6.497228741645812988e-01 -1.229139566421508789e+00 1.536942601203918457e+00 -2.739001810550689697e-01 -2.902991771697998047e-01 -2.788872122764587402e-01
7.617627978324890137e-01 -9.612670540809631348e-01 1.716309309005737305e+00 -2.777971029281616211e-01 -3.207138180732727051e-01 -2.405497133731842041e-01
1.031461715698242188e+00 -8.083350658416748047e-01 1.605313539505004883e+00 -3.271983563899993896e-01 -3.199157714843750000e-01 -2.042894661426544189e-01
1.222801208496093750e+00 -9.904109239578247070e-01 1.409500241279602051e+00 -3.488511443138122559e-01 -2.806429862976074219e-01 -2.289255559444427490e-01
1.072689056396484375e+00 -1.241892457008361816e+00 1.264620661735534668e+00 -3.804036080837249756e-01 -3.403855562210083008e-01 -1.457563191652297974e-01
8.259553313255310059e-01 -1.347459077835083008e+00 1.385953903198242188e+00 -3.406241834163665771e-01 -2.212816923856735229e-01 -2.137996852397918701e-01
6.782108545303344727e-01 -1.173329353332519531e+00 1.546650767326354980e+00 -2.574253976345062256e-01 -1.858661025762557983e-01 -2.360163331031799316e-01
8.175973892211914062e-01 -9.537204504013061523e-01 1.694537401199340820e+00 -2.180830985307693481e-01 -2.373833954334259033e-01 -1.871509850025177002e-01
