1.193998336791992188e+00 -1.242965102195739746e+00 1.221106410026550293e+00 -1.813653707504272461e-01 -1.458904147148132324e-01 -1.469428092241287231e-01
1.171610474586486816e+00 -1.201545000076293945e+00 1.118038296699523926e+00 -2.171551436185836792e-01 -1.634128689765930176e-01 -1.582776010036468506e-01
1.198737382888793945e+00 -1.307806849479675293e+00 1.136300206184387207e+00 -2.394453585147857666e-01 -2.022208273410797119e-01 -1.385994255542755127e-01
1.100978255271911621e+00 -1.271617293357849121e+00 1.100991725921630859e+00 -2.537440061569213867e-01 -1.736238896846771240e-01 -1.370273530483245850e-01
1.124677538871765137e+00 -1.322234034538269043e+00 1.208341717720031738e+00 -2.562990188598632812e-01 -2.017765641212463379e-01 -1.354621350765228271e-01
1.091414928436279297e+00 -1.209305644035339355e+00 1.184602260589599609e+00 -2.940648496150970459e-01 -1.890041977167129517e-01 -1.548924148082733154e-01
1.197300076484680176e+00 -1.239356517791748047e+00 1.221113443374633789e+00 -3.218672275543212891e-01 -2.389279901981353760e-01 -7.430417835712432861e-02
1.179027318954467773e+00 -1.194036364555358887e+00 1.113014817237854004e+00 -3.312651515007019043e-01 -1.879088282585144043e-01 -9.592425078153610229e-02
1.205417871475219727e+00 -1.312403202056884766e+00 1.132433891296386719e+00 -3.374356627464294434e-01 -2.286196649074554443e-01 -6.832385808229446411e-02
1.096196770668029785e+00 -1.275606989860534668e+00 1.098493933677673340e+00 -3.258799910545349121e-01 -1.401674449443817139e-01 -7.268368452787399292e-02
