1.133888363838195801e+00 -1.316398739814758301e+00 1.284919023513793945e+00 -2.480838596820831299e-01 -2.524754106998443604e-01 -2.544853389263153076e-01
1.352964878082275391e+00 -1.278208494186401367e+00 1.474833250045776367e+00 -2.894126474857330322e-01 -3.449135422706604004e-01 -1.286165565252304077e-01
1.364287614822387695e+00 -1.102619171142578125e+00 1.312952637672424316e+00 -3.220500946044921875e-01 -2.819048166275024414e-01 -1.558220684528350830e-01
1.620192050933837891e+00 -1.155201315879821777e+00 1.179308772087097168e+00 -3.497981727123260498e-01 -3.080804944038391113e-01 -7.474821805953979492e-02
1.540314078330993652e+00 -1.291523694992065430e+00 9.768041968345642090e-01 -3.686106801033020020e-01 -2.780302762985229492e-01 -4.100331664085388184e-02
1.432163357734680176e+00 -1.498087644577026367e+00 9.823783636093139648e-01 -3.545796871185302734e-01 -2.417210638523101807e-01 -7.525090128183364868e-02
1.205302596092224121e+00 -1.540429592132568359e+00 1.088737845420837402e+00 -2.920533418655395508e-01 -1.480121314525604248e-01 -6.226809322834014893e-02
1.165744900703430176e+00 -1.454159259796142578e+00 1.315757513046264648e+00 -2.089651674032211304e-01 -6.088894978165626526e-02 -9.362730383872985840e-02
1.226520061492919922e+00 -1.251531004905700684e+00 1.413235545158386230e+00 -1.452797502279281616e-01 -1.603065058588981628e-02 -1.138768643140792847e-01
1.410987377166748047e+00 -1.141054630279541016e+00 1.404457807540893555e+00 -1.377862989902496338e-01 1.889491640031337738e-02 -1.503567397594451904e-01
