1.172635555267333984e+00 -1.225842356681823730e+00 1.206417322158813477e+00 -2.169138789176940918e-01 -2.459533512592315674e-01 -2.561309635639190674e-01
1.173080801963806152e+00 -1.225695967674255371e+00 1.206403970718383789e+00 -2.169796079397201538e-01 -2.460815608501434326e-01 -2.559357583522796631e-01
1.174228429794311523e+00 -1.225293397903442383e+00 1.206124186515808105e+00 -2.172477990388870239e-01 -2.464400231838226318e-01 -2.553834319114685059e-01
1.177741289138793945e+00 -1.224170923233032227e+00 1.206334590911865234e+00 -2.175865173339843750e-01 -2.475606799125671387e-01 -2.536928653717041016e-01
1.183533668518066406e+00 -1.223559021949768066e+00 1.206668734550476074e+00 -2.179440706968307495e-01 -2.494206428527832031e-01 -2.506704032421112061e-01
1.198216080665588379e+00 -1.218719005584716797e+00 1.207467198371887207e+00 -2.190960198640823364e-01 -2.538735866546630859e-01 -2.451164871454238892e-01
1.203008413314819336e+00 -1.221480011940002441e+00 1.209998250007629395e+00 -2.210372537374496460e-01 -2.564321458339691162e-01 -2.409826517105102539e-01
1.205279111862182617e+00 -1.220374703407287598e+00 1.209040760993957520e+00 -2.231616079807281494e-01 -2.579275369644165039e-01 -2.353315651416778564e-01
1.206362485885620117e+00 -1.217849731445312500e+00 1.212082147598266602e+00 -2.249013483524322510e-01 -2.604109644889831543e-01 -2.302300930023193359e-01
1.205814838409423828e+00 -1.216855883598327637e+00 1.207394838333129883e+00 -2.258253097534179688e-01 -2.589769065380096436e-01 -2.297264486551284790e-01
1.209791541099548340e+00 -1.214868426322937012e+00 1.203887224197387695e+00 -2.258552908897399902e-01 -2.566214203834533691e-01 -2.301801741123199463e-01
