1.181866049766540527e+00 -1.275459289550781250e+00 1.214956283569335938e+00 -2.025473266839981079e-01 -2.404439002275466919e-01 -2.160842418670654297e-01
1.182048439979553223e+00 -1.275063157081604004e+00 1.215011358261108398e+00 -2.025431841611862183e-01 -2.404014021158218384e-01 -2.161576747894287109e-01
1.182513713836669922e+00 -1.273945569992065430e+00 1.214865088462829590e+00 -2.025692462921142578e-01 -2.402556240558624268e-01 -2.163655012845993042e-01
1.183554530143737793e+00 -1.271428346633911133e+00 1.215680122375488281e+00 -2.025350034236907959e-01 -2.401900738477706909e-01 -2.166945338249206543e-01
1.185103893280029297e+00 -1.266971588134765625e+00 1.218996405601501465e+00 -2.020796239376068115e-01 -2.397035360336303711e-01 -2.182189822196960449e-01
1.186182975769042969e+00 -1.256260633468627930e+00 1.225232720375061035e+00 -2.034909576177597046e-01 -2.408090084791183472e-01 -2.166868001222610474e-01
1.190759897232055664e+00 -1.251623272895812988e+00 1.230093002319335938e+00 -2.034313380718231201e-01 -2.422773391008377075e-01 -2.175036221742630005e-01
1.189496755599975586e+00 -1.246836900711059570e+00 1.234841585159301758e+00 -2.017511576414108276e-01 -2.409336417913436890e-01 -2.194843292236328125e-01
1.196461439132690430e+00 -1.247537732124328613e+00 1.227062463760375977e+00 -2.001364529132843018e-01 -2.361279129981994629e-01 -2.283490151166915894e-01
1.190386652946472168e+00 -1.244819402694702148e+00 1.231593489646911621e+00 -2.014708369970321655e-01 -2.385634928941726685e-01 -2.262749969959259033e-01
1.194643259048461914e+00 -1.246296644210815430e+00 1.223532080650329590e+00 -2.030107527971267700e-01 -2.370550930500030518e-01 -2.293607592582702637e-01
