1.177941560745239258e+00 -1.357556223869323730e+00 1.094505310058593750e+00 -9.048598259687423706e-02 -1.854863017797470093e-01 -1.879640370607376099e-01
1.178619623184204102e+00 -1.355539917945861816e+00 1.095080614089965820e+00 -9.041632711887359619e-02 -1.854534596204757690e-01 -1.879943162202835083e-01
1.180705904960632324e+00 -1.349796056747436523e+00 1.096400260925292969e+00 -9.033295512199401855e-02 -1.851491332054138184e-01 -1.881528496742248535e-01
1.185168743133544922e+00 -1.334895491600036621e+00 1.101155519485473633e+00 -8.968564867973327637e-02 -1.847502440214157104e-01 -1.890271604061126709e-01
1.200739264488220215e+00 -1.291790723800659180e+00 1.108699917793273926e+00 -8.898983895778656006e-02 -1.812618821859359741e-01 -1.915704309940338135e-01
1.218823075294494629e+00 -1.232762813568115234e+00 1.133839964866638184e+00 -8.859144151210784912e-02 -1.838918775320053101e-01 -1.871093958616256714e-01
1.237707495689392090e+00 -1.183090329170227051e+00 1.140366911888122559e+00 -8.672318607568740845e-02 -1.768162548542022705e-01 -1.944979429244995117e-01
1.245549082756042480e+00 -1.164733767509460449e+00 1.139129877090454102e+00 -8.622391521930694580e-02 -1.739207059144973755e-01 -1.945219784975051880e-01
1.246080994606018066e+00 -1.162133574485778809e+00 1.138716816902160645e+00 -8.584082871675491333e-02 -1.712985038757324219e-01 -1.922143250703811646e-01
1.249039530754089355e+00 -1.161531925201416016e+00 1.138843774795532227e+00 -8.561425656080245972e-02 -1.686636209487915039e-01 -1.907863020896911621e-01
1.247301936149597168e+00 -1.160048007965087891e+00 1.134945034980773926e+00 -8.625254780054092407e-02 -1.656569689512252808e-01 -1.894093006849288940e-01
