1.010214090347290039e+00 -1.297740459442138672e+00 1.180691480636596680e+00 -1.681513339281082153e-01 -2.495960891246795654e-01 -2.149974405765533447e-01
1.012082099914550781e+00 -1.297232866287231445e+00 1.181370615959167480e+00 -1.680778414011001587e-01 -2.497267425060272217e-01 -2.151011973619461060e-01
1.017570734024047852e+00 -1.295460820198059082e+00 1.182810544967651367e+00 -1.680283993482589722e-01 -2.500611543655395508e-01 -2.151945531368255615e-01
1.031079292297363281e+00 -1.291951894760131836e+00 1.187932610511779785e+00 -1.678990721702575684e-01 -2.517553567886352539e-01 -2.149992883205413818e-01
1.064552545547485352e+00 -1.286609172821044922e+00 1.201265931129455566e+00 -1.644247770309448242e-01 -2.513659000396728516e-01 -2.229093909263610840e-01
1.136233091354370117e+00 -1.257380843162536621e+00 1.213985443115234375e+00 -1.641247421503067017e-01 -2.530645132064819336e-01 -2.258427441120147705e-01
1.161453247070312500e+00 -1.270740628242492676e+00 1.238373637199401855e+00 -1.620646417140960693e-01 -2.566719055175781250e-01 -2.330975532531738281e-01
1.179735541343688965e+00 -1.261502385139465332e+00 1.235199928283691406e+00 -1.646257787942886353e-01 -2.583749592304229736e-01 -2.290125787258148193e-01
1.183652162551879883e+00 -1.253260374069213867e+00 1.236328363418579102e+00 -1.656382083892822266e-01 -2.593019604682922363e-01 -2.285556644201278687e-01
1.183815836906433105e+00 -1.258690953254699707e+00 1.235413551330566406e+00 -1.666898280382156372e-01 -2.604219913482666016e-01 -2.291149944067001343e-01
1.182821631431579590e+00 -1.255149483680725098e+00 1.234496831893920898e+00 -1.679561585187911987e-01 -2.598363459110260010e-01 -2.278200685977935791e-01
