1.169140934944152832e+00 -1.275301098823547363e+00 1.253845095634460449e+00 -1.979632228612899780e-01 -2.196783721446990967e-01 -2.061988711357116699e-01
1.169343829154968262e+00 -1.275083065032958984e+00 1.253727555274963379e+00 -1.979947090148925781e-01 -2.196447402238845825e-01 -2.061761617660522461e-01
1.169881939888000488e+00 -1.274480938911437988e+00 1.253426194190979004e+00 -1.980878561735153198e-01 -2.195567339658737183e-01 -2.061205208301544189e-01
1.171400070190429688e+00 -1.272627234458923340e+00 1.252290129661560059e+00 -1.983382701873779297e-01 -2.193727791309356689e-01 -2.058707028627395630e-01
1.175369262695312500e+00 -1.267981648445129395e+00 1.249750494956970215e+00 -1.988976150751113892e-01 -2.186478525400161743e-01 -2.057802230119705200e-01
1.183203339576721191e+00 -1.257279634475708008e+00 1.241928100585937500e+00 -1.996396332979202271e-01 -2.172996103763580322e-01 -2.053488194942474365e-01
1.194801568984985352e+00 -1.243006467819213867e+00 1.227845549583435059e+00 -2.021432220935821533e-01 -2.153649181127548218e-01 -2.057465016841888428e-01
1.203553676605224609e+00 -1.232912659645080566e+00 1.221985459327697754e+00 -2.040886431932449341e-01 -2.181786298751831055e-01 -2.039541900157928467e-01
1.204398274421691895e+00 -1.224912762641906738e+00 1.209488987922668457e+00 -2.067098915576934814e-01 -2.150308340787887573e-01 -2.040154039859771729e-01
1.204801201820373535e+00 -1.228272914886474609e+00 1.208980798721313477e+00 -2.066197544336318970e-01 -2.143879383802413940e-01 -2.064907252788543701e-01
1.205024719238281250e+00 -1.224335551261901855e+00 1.208277344703674316e+00 -2.076598405838012695e-01 -2.143822163343429565e-01 -2.063466161489486694e-01
