1.186287164688110352e+00 -1.239639163017272949e+00 1.176267027854919434e+00 -2.172937989234924316e-01 -1.850717067718505859e-01 -2.423769533634185791e-01
1.211023688316345215e+00 -1.214043736457824707e+00 1.193935751914978027e+00 -2.241414487361907959e-01 -2.001640647649765015e-01 -2.108334451913833618e-01
1.210187315940856934e+00 -1.211638092994689941e+00 1.191115856170654297e+00 -2.219563722610473633e-01 -2.093828618526458740e-01 -1.889547705650329590e-01
1.206323742866516113e+00 -1.216601610183715820e+00 1.192720890045166016e+00 -1.977532505989074707e-01 -1.972286254167556763e-01 -1.890833675861358643e-01
1.209370970726013184e+00 -1.210258245468139648e+00 1.186563491821289062e+00 -2.130973190069198608e-01 -2.135965228080749512e-01 -2.160866409540176392e-01
1.210246324539184570e+00 -1.210637211799621582e+00 1.194734334945678711e+00 -2.200852334499359131e-01 -2.046315968036651611e-01 -2.011055052280426025e-01
1.209570765495300293e+00 -1.215757012367248535e+00 1.196056723594665527e+00 -2.270560413599014282e-01 -2.053356766700744629e-01 -2.113109827041625977e-01
1.208551764488220215e+00 -1.214539885520935059e+00 1.197656393051147461e+00 -2.231998294591903687e-01 -2.102109640836715698e-01 -2.072980701923370361e-01
1.212420940399169922e+00 -1.209465384483337402e+00 1.190905451774597168e+00 -2.222781181335449219e-01 -2.031928896903991699e-01 -2.062232196331024170e-01
1.209655284881591797e+00 -1.212285995483398438e+00 1.191807627677917480e+00 -2.260190993547439575e-01 -2.071990817785263062e-01 -2.049438953399658203e-01
1.215740323066711426e+00 -1.205813884735107422e+00 1.187378168106079102e+00 -2.276758402585983276e-01 -2.000016123056411743e-01 -2.130688428878784180e-01
