1.079082369804382324e+00 -1.297554492950439453e+00 1.338253378868103027e+00 -1.840295493602752686e-01 -1.392317712306976318e-01 -9.648695588111877441e-02
1.214971065521240234e+00 -1.217777848243713379e+00 1.206717491149902344e+00 -1.839985847473144531e-01 -1.159642040729522705e-01 -1.164355352520942688e-01
1.208036780357360840e+00 -1.226391196250915527e+00 1.206557273864746094e+00 -1.950452327728271484e-01 -1.073216795921325684e-01 -1.192885786294937134e-01
1.214910507202148438e+00 -1.220761299133300781e+00 1.208135843276977539e+00 -2.002287507057189941e-01 -1.094878390431404114e-01 -1.012034416198730469e-01
1.208688378334045410e+00 -1.222820758819580078e+00 1.212459206581115723e+00 -2.039161473512649536e-01 -1.038448214530944824e-01 -1.047938317060470581e-01
1.208744168281555176e+00 -1.221104741096496582e+00 1.217479586601257324e+00 -1.911444813013076782e-01 -1.143761053681373596e-01 -7.625481486320495605e-02
1.214751601219177246e+00 -1.218104958534240723e+00 1.208938598632812500e+00 -1.818583607673645020e-01 -1.008080542087554932e-01 -9.951008856296539307e-02
1.215390086174011230e+00 -1.218721628189086914e+00 1.208944678306579590e+00 -1.801287829875946045e-01 -9.774728119373321533e-02 -1.231152191758155823e-01
1.217697143554687500e+00 -1.215384483337402344e+00 1.207665920257568359e+00 -1.770953685045242310e-01 -1.094296723604202271e-01 -1.012778580188751221e-01
1.211515307426452637e+00 -1.225897669792175293e+00 1.213646888732910156e+00 -1.783499419689178467e-01 -1.168837249279022217e-01 -1.156647652387619019e-01
1.215638160705566406e+00 -1.219482064247131348e+00 1.210629105567932129e+00 -1.841774284839630127e-01 -1.174847558140754700e-01 -1.321398317813873291e-01
