1.374349236488342285e+00 -1.369612455368041992e+00 1.090473532676696777e+00 -1.538680046796798706e-01 -1.575595438480377197e-01 -2.471178025007247925e-01
1.195272326469421387e+00 -1.231288194656372070e+00 1.204105615615844727e+00 -1.699769794940948486e-01 -2.072906196117401123e-01 -1.864557117223739624e-01
1.216896057128906250e+00 -1.221287131309509277e+00 1.214309096336364746e+00 -1.656624525785446167e-01 -1.991334557533264160e-01 -1.874576956033706665e-01
1.213657498359680176e+00 -1.224895596504211426e+00 1.213520765304565430e+00 -1.772817224264144897e-01 -2.052424997091293335e-01 -1.865499466657638550e-01
1.213851094245910645e+00 -1.228411078453063965e+00 1.221697449684143066e+00 -1.832385361194610596e-01 -2.072351425886154175e-01 -1.978872716426849365e-01
1.208317160606384277e+00 -1.228802084922790527e+00 1.218169450759887695e+00 -1.742050051689147949e-01 -1.910649538040161133e-01 -1.705506145954132080e-01
1.213185310363769531e+00 -1.228679537773132324e+00 1.220120429992675781e+00 -1.837440133094787598e-01 -1.941356062889099121e-01 -1.877608001232147217e-01
1.210082411766052246e+00 -1.226985454559326172e+00 1.219146490097045898e+00 -1.771666705608367920e-01 -1.995476335287094116e-01 -1.853137165307998657e-01
1.216331362724304199e+00 -1.227988243103027344e+00 1.222798705101013184e+00 -1.787520945072174072e-01 -2.110590338706970215e-01 -1.921178400516510010e-01
1.216421604156494141e+00 -1.226755142211914062e+00 1.221315503120422363e+00 -1.795646101236343384e-01 -2.136479765176773071e-01 -1.917285770177841187e-01
1.217381358146667480e+00 -1.221063137054443359e+00 1.213052630424499512e+00 -1.780097335577011108e-01 -2.142601311206817627e-01 -1.930389404296875000e-01
