1.207659125328063965e+00 -1.216518998146057129e+00 1.224407434463500977e+00 -2.031896114349365234e-01 -2.256000936031341553e-01 -2.134155035018920898e-01
1.206056952476501465e+00 -1.222122907638549805e+00 1.202092409133911133e+00 -2.042016535997390747e-01 -2.225786149501800537e-01 -2.113685160875320435e-01
1.209510922431945801e+00 -1.213956713676452637e+00 1.195736169815063477e+00 -1.818549335002899170e-01 -2.209926247596740723e-01 -2.093123793601989746e-01
1.211225271224975586e+00 -1.210437297821044922e+00 1.188308835029602051e+00 -2.079352587461471558e-01 -2.118056416511535645e-01 -2.089176476001739502e-01
1.210684061050415039e+00 -1.212222576141357422e+00 1.194554328918457031e+00 -2.123884111642837524e-01 -2.333825230598449707e-01 -2.132968306541442871e-01
1.210681796073913574e+00 -1.211628675460815430e+00 1.193801879882812500e+00 -2.111644446849822998e-01 -2.283410131931304932e-01 -2.033429741859436035e-01
1.211009263992309570e+00 -1.213245272636413574e+00 1.191962480545043945e+00 -2.138004451990127563e-01 -2.258192151784896851e-01 -2.082999348640441895e-01
1.208795428276062012e+00 -1.215361118316650391e+00 1.196146368980407715e+00 -2.076552510261535645e-01 -2.291337549686431885e-01 -2.122642248868942261e-01
1.210706710815429688e+00 -1.211880326271057129e+00 1.193199276924133301e+00 -2.000692039728164673e-01 -2.245433330535888672e-01 -2.060350328683853149e-01
1.207101345062255859e+00 -1.215370178222656250e+00 1.196467995643615723e+00 -2.039438188076019287e-01 -2.304633706808090210e-01 -2.107350379228591919e-01
1.212823033332824707e+00 -1.210012555122375488e+00 1.192290544509887695e+00 -2.075813859701156616e-01 -2.241689264774322510e-01 -2.102926671504974365e-01
