1.174878954887390137e+00 -1.426860809326171875e+00 1.109201073646545410e+00 -1.970820873975753784e-01 -1.424766182899475098e-01 -2.319722920656204224e-01
1.208522081375122070e+00 -1.218347072601318359e+00 1.206782937049865723e+00 -2.004055082798004150e-01 -1.762276291847229004e-01 -1.876723915338516235e-01
1.212419986724853516e+00 -1.216277599334716797e+00 1.207904577255249023e+00 -1.985491663217544556e-01 -1.603487730026245117e-01 -1.671538501977920532e-01
1.209468841552734375e+00 -1.215381026268005371e+00 1.207439303398132324e+00 -1.821340769529342651e-01 -1.530214250087738037e-01 -2.089504152536392212e-01
1.209552168846130371e+00 -1.215476155281066895e+00 1.199703931808471680e+00 -1.886389404535293579e-01 -1.764794737100601196e-01 -1.727453172206878662e-01
1.206561088562011719e+00 -1.221473813056945801e+00 1.203510403633117676e+00 -1.860753297805786133e-01 -1.693592220544815063e-01 -1.822908222675323486e-01
1.211717844009399414e+00 -1.213184356689453125e+00 1.195652961730957031e+00 -1.870560199022293091e-01 -1.640427410602569580e-01 -1.734198182821273804e-01
1.209856510162353516e+00 -1.219027638435363770e+00 1.201173067092895508e+00 -1.959707736968994141e-01 -1.717010885477066040e-01 -1.803865134716033936e-01
1.210572123527526855e+00 -1.213588356971740723e+00 1.196378827095031738e+00 -1.956436783075332642e-01 -1.754912585020065308e-01 -1.719178259372711182e-01
1.210292458534240723e+00 -1.216061592102050781e+00 1.199634313583374023e+00 -2.026403248310089111e-01 -1.738573610782623291e-01 -1.747937500476837158e-01
1.207097291946411133e+00 -1.219551682472229004e+00 1.201446652412414551e+00 -2.054016888141632080e-01 -1.821891367435455322e-01 -1.786986291408538818e-01
