1.277612328529357910e+00 -1.357824325561523438e+00 1.176910877227783203e+00 -1.613089293241500854e-01 -2.235468924045562744e-01 -1.753588020801544189e-01
1.210696101188659668e+00 -1.214401006698608398e+00 1.203563213348388672e+00 -1.736768633127212524e-01 -2.230813652276992798e-01 -2.119487971067428589e-01
1.214253783226013184e+00 -1.211582660675048828e+00 1.195598721504211426e+00 -1.682482808828353882e-01 -2.347676753997802734e-01 -2.265960723161697388e-01
1.210571765899658203e+00 -1.215019226074218750e+00 1.188933730125427246e+00 -1.638922989368438721e-01 -2.153370380401611328e-01 -2.030846923589706421e-01
1.203549385070800781e+00 -1.211316108703613281e+00 1.190721988677978516e+00 -1.722561568021774292e-01 -2.019636929035186768e-01 -2.050459533929824829e-01
1.210550069808959961e+00 -1.216506481170654297e+00 1.194336414337158203e+00 -1.736020445823669434e-01 -2.087059766054153442e-01 -2.052459269762039185e-01
1.203250885009765625e+00 -1.221408963203430176e+00 1.200680017471313477e+00 -1.687160730361938477e-01 -2.229128181934356689e-01 -2.015775442123413086e-01
1.207671403884887695e+00 -1.216600060462951660e+00 1.193861365318298340e+00 -1.679169386625289917e-01 -2.212515473365783691e-01 -1.973412334918975830e-01
1.204968929290771484e+00 -1.220055699348449707e+00 1.199457526206970215e+00 -1.685897260904312134e-01 -2.217487096786499023e-01 -1.945736706256866455e-01
1.201060175895690918e+00 -1.226553440093994141e+00 1.204876542091369629e+00 -1.725563853979110718e-01 -2.303496897220611572e-01 -2.143298387527465820e-01
1.203110218048095703e+00 -1.221789956092834473e+00 1.201573133468627930e+00 -1.877986490726470947e-01 -2.295100837945938110e-01 -2.082057893276214600e-01
