1.131994605064392090e+00 -1.509082913398742676e+00 1.081182360649108887e+00 -1.659149825572967529e-01 -3.150335550308227539e-01 -2.269612252712249756e-01
1.211759328842163086e+00 -1.214925646781921387e+00 1.200723648071289062e+00 -1.237145066261291504e-01 -2.796184122562408447e-01 -2.727300524711608887e-01
1.209611892700195312e+00 -1.219316005706787109e+00 1.195502996444702148e+00 -1.267132908105850220e-01 -2.885570526123046875e-01 -2.753289341926574707e-01
1.205195784568786621e+00 -1.217554569244384766e+00 1.196700811386108398e+00 -1.579387187957763672e-01 -2.957249879837036133e-01 -2.618549466133117676e-01
1.201248526573181152e+00 -1.218179225921630859e+00 1.184859514236450195e+00 -1.450326293706893921e-01 -3.025138378143310547e-01 -2.843926548957824707e-01
1.203172087669372559e+00 -1.221680283546447754e+00 1.212566018104553223e+00 -1.384491622447967529e-01 -3.045476377010345459e-01 -2.571517527103424072e-01
1.193468213081359863e+00 -1.220638036727905273e+00 1.197715282440185547e+00 -1.512129902839660645e-01 -3.058536052703857422e-01 -2.526457309722900391e-01
1.201588630676269531e+00 -1.226707696914672852e+00 1.203125000000000000e+00 -1.495453417301177979e-01 -3.033541738986968994e-01 -2.696560919284820557e-01
1.201879501342773438e+00 -1.225202322006225586e+00 1.206028223037719727e+00 -1.519394367933273315e-01 -2.974454164505004883e-01 -2.691157758235931396e-01
1.203445315361022949e+00 -1.222641229629516602e+00 1.200419425964355469e+00 -1.499955356121063232e-01 -2.999591827392578125e-01 -2.746957838535308838e-01
1.205062031745910645e+00 -1.221784472465515137e+00 1.200542688369750977e+00 -1.477523595094680786e-01 -2.922673821449279785e-01 -2.557942867279052734e-01
