1.201635122299194336e+00 -1.224393725395202637e+00 1.211418867111206055e+00 -2.120448499917984009e-01 -2.196810543537139893e-01 -2.022368907928466797e-01
1.201685070991516113e+00 -1.226630926132202148e+00 1.208198785781860352e+00 -2.111827731132507324e-01 -2.177672684192657471e-01 -2.033329904079437256e-01
1.201847195625305176e+00 -1.226633787155151367e+00 1.207716822624206543e+00 -2.108364999294281006e-01 -2.179462015628814697e-01 -2.042782455682754517e-01
1.202386021614074707e+00 -1.225695848464965820e+00 1.207756638526916504e+00 -2.102908790111541748e-01 -2.178124338388442993e-01 -2.049252986907958984e-01
1.202644586563110352e+00 -1.225775122642517090e+00 1.207387328147888184e+00 -2.095758467912673950e-01 -2.174631059169769287e-01 -2.064003944396972656e-01
1.202951073646545410e+00 -1.225703835487365723e+00 1.206967949867248535e+00 -2.092923223972320557e-01 -2.172088325023651123e-01 -2.071707695722579956e-01
1.202878952026367188e+00 -1.225895047187805176e+00 1.206447124481201172e+00 -2.084104269742965698e-01 -2.163716852664947510e-01 -2.080857008695602417e-01
1.203357815742492676e+00 -1.225394845008850098e+00 1.206449270248413086e+00 -2.077823579311370850e-01 -2.152835726737976074e-01 -2.088716626167297363e-01
1.203055739402770996e+00 -1.225258231163024902e+00 1.206167817115783691e+00 -2.078916430473327637e-01 -2.147365510463714600e-01 -2.094603031873703003e-01
1.203021645545959473e+00 -1.225058317184448242e+00 1.205622434616088867e+00 -2.075141966342926025e-01 -2.144115567207336426e-01 -2.103308588266372681e-01
