1.248769283294677734e+00 -1.180849671363830566e+00 1.183447003364562988e+00 -1.277796328067779541e-01 -1.468671113252639771e-01 -2.610768675804138184e-01
1.200335979461669922e+00 -1.245698094367980957e+00 1.221844792366027832e+00 -1.400117725133895874e-01 -1.998322308063507080e-01 -1.837498396635055542e-01
1.229193449020385742e+00 -1.194440126419067383e+00 1.162431478500366211e+00 -1.288772225379943848e-01 -1.985975652933120728e-01 -1.580804288387298584e-01
1.203551530838012695e+00 -1.241007804870605469e+00 1.223556041717529297e+00 -1.414689719676971436e-01 -2.031382322311401367e-01 -1.803191304206848145e-01
1.210864305496215820e+00 -1.220744013786315918e+00 1.200625777244567871e+00 -1.622830629348754883e-01 -2.018047571182250977e-01 -1.683776825666427612e-01
1.217698574066162109e+00 -1.210269689559936523e+00 1.195484876632690430e+00 -1.628986150026321411e-01 -2.097088247537612915e-01 -1.665419042110443115e-01
1.221880197525024414e+00 -1.193851113319396973e+00 1.177840590476989746e+00 -1.664014905691146851e-01 -2.021568864583969116e-01 -1.624814271926879883e-01
1.212257981300354004e+00 -1.219037890434265137e+00 1.194386959075927734e+00 -1.706928908824920654e-01 -2.095775753259658813e-01 -1.750420928001403809e-01
1.198955416679382324e+00 -1.246476650238037109e+00 1.228101491928100586e+00 -1.597794741392135620e-01 -2.084305584430694580e-01 -1.917723864316940308e-01
1.199122071266174316e+00 -1.249960541725158691e+00 1.229901790618896484e+00 -1.592945158481597900e-01 -2.088315337896347046e-01 -1.895240396261215210e-01
1.203304529190063477e+00 -1.239928841590881348e+00 1.219041585922241211e+00 -1.541622132062911987e-01 -2.095749527215957642e-01 -1.817826926708221436e-01
