1.022786021232604980e+00 -1.274688363075256348e+00 1.071515560150146484e+00 -3.359353542327880859e-01 -1.080278009176254272e-01 -2.579225301742553711e-01
1.202282547950744629e+00 -1.234991908073425293e+00 1.217026710510253906e+00 -3.523495197296142578e-01 -1.885168403387069702e-01 -1.912416666746139526e-01
1.253102898597717285e+00 -1.167470455169677734e+00 1.125362753868103027e+00 -3.562819361686706543e-01 -1.855856925249099731e-01 -1.658053994178771973e-01
1.240921258926391602e+00 -1.185831069946289062e+00 1.149145960807800293e+00 -3.686026334762573242e-01 -2.081412971019744873e-01 -1.707574725151062012e-01
1.204475998878479004e+00 -1.236851930618286133e+00 1.224442720413208008e+00 -3.609887063503265381e-01 -1.948465406894683838e-01 -1.888461112976074219e-01
1.209759235382080078e+00 -1.224542260169982910e+00 1.209215760231018066e+00 -3.499246537685394287e-01 -1.933471858501434326e-01 -1.947867870330810547e-01
1.207522153854370117e+00 -1.228727698326110840e+00 1.220274806022644043e+00 -3.505970835685729980e-01 -1.913549005985260010e-01 -1.772451102733612061e-01
1.194564342498779297e+00 -1.245466589927673340e+00 1.245539307594299316e+00 -3.475207686424255371e-01 -2.125475108623504639e-01 -1.882960349321365356e-01
1.205123662948608398e+00 -1.237089514732360840e+00 1.227661848068237305e+00 -3.459700047969818115e-01 -1.911637932062149048e-01 -1.882516890764236450e-01
1.210596084594726562e+00 -1.222044706344604492e+00 1.211967110633850098e+00 -3.536090850830078125e-01 -1.834843754768371582e-01 -1.911660283803939819e-01
1.209470152854919434e+00 -1.227463960647583008e+00 1.212304115295410156e+00 -3.486528396606445312e-01 -1.883731037378311157e-01 -1.800413578748703003e-01
