1.155185341835021973e+00 -1.253812193870544434e+00 1.195099353790283203e+00 -1.733830422163009644e-01 -2.600169777870178223e-01 -3.471821844577789307e-01
1.205584764480590820e+00 -1.239765286445617676e+00 1.231174230575561523e+00 -1.950728595256805420e-01 -3.134965300559997559e-01 -2.598905861377716064e-01
1.196154713630676270e+00 -1.241207480430603027e+00 1.244730710983276367e+00 -1.956537365913391113e-01 -3.290221393108367920e-01 -2.941264808177947998e-01
1.206168055534362793e+00 -1.243731856346130371e+00 1.236649274826049805e+00 -1.951738744974136353e-01 -3.224668204784393311e-01 -2.760480642318725586e-01
1.208787918090820312e+00 -1.249348282814025879e+00 1.245050668716430664e+00 -2.022992223501205444e-01 -3.133201003074645996e-01 -2.700564563274383545e-01
1.209182977676391602e+00 -1.243291139602661133e+00 1.250871658325195312e+00 -2.054226398468017578e-01 -3.172690868377685547e-01 -2.695169746875762939e-01
1.212707757949829102e+00 -1.234977245330810547e+00 1.223881602287292480e+00 -1.980919092893600464e-01 -3.033240437507629395e-01 -2.738386690616607666e-01
1.206578612327575684e+00 -1.238143682479858398e+00 1.232291936874389648e+00 -1.931359171867370605e-01 -3.060470819473266602e-01 -2.606068849563598633e-01
1.210366010665893555e+00 -1.232849240303039551e+00 1.221648812294006348e+00 -1.963602006435394287e-01 -3.084458112716674805e-01 -2.643518447875976562e-01
1.211861729621887207e+00 -1.238702893257141113e+00 1.231419324874877930e+00 -1.996535062789916992e-01 -3.068958818912506104e-01 -2.745515108108520508e-01
1.206164717674255371e+00 -1.238983273506164551e+00 1.230719208717346191e+00 -1.988000571727752686e-01 -3.117594122886657715e-01 -2.653924524784088135e-01
