1.173637509346008301e+00 -1.224784135818481445e+00 1.210994839668273926e+00 -2.750726342201232910e-01 -2.716431319713592529e-01 -1.900439560413360596e-01
1.244678616523742676e+00 -1.173987030982971191e+00 1.184187650680541992e+00 -2.676640450954437256e-01 -2.557828128337860107e-01 -2.117456942796707153e-01
1.244974493980407715e+00 -1.178472280502319336e+00 1.194635272026062012e+00 -2.598300278186798096e-01 -2.519836723804473877e-01 -2.178910523653030396e-01
1.243556380271911621e+00 -1.185295104980468750e+00 1.189056515693664551e+00 -2.679621875286102295e-01 -2.472706139087677002e-01 -2.284571975469589233e-01
1.247047066688537598e+00 -1.173612833023071289e+00 1.184138298034667969e+00 -2.608162760734558105e-01 -2.516576647758483887e-01 -2.031761258840560913e-01
1.249796032905578613e+00 -1.172693967819213867e+00 1.188363909721374512e+00 -2.563065886497497559e-01 -2.498603910207748413e-01 -1.982454061508178711e-01
1.245535850524902344e+00 -1.176848649978637695e+00 1.192817091941833496e+00 -2.491737604141235352e-01 -2.485410869121551514e-01 -2.073841392993927002e-01
1.252285957336425781e+00 -1.175349831581115723e+00 1.190876722335815430e+00 -2.572261989116668701e-01 -2.580452859401702881e-01 -2.192540466785430908e-01
1.249941349029541016e+00 -1.175593614578247070e+00 1.187695384025573730e+00 -2.612000405788421631e-01 -2.479986250400543213e-01 -2.213522642850875854e-01
1.243952393531799316e+00 -1.178395628929138184e+00 1.193919420242309570e+00 -2.640325129032135010e-01 -2.529680132865905762e-01 -2.091952562332153320e-01
1.244204163551330566e+00 -1.180018305778503418e+00 1.193297982215881348e+00 -2.632129192352294922e-01 -2.464209645986557007e-01 -2.120490521192550659e-01
