1.162013292312622070e+00 -1.197604060173034668e+00 1.240926504135131836e+00 -1.812025159597396851e-01 -1.754024326801300049e-01 -9.286424517631530762e-02
1.229166507720947266e+00 -1.195685267448425293e+00 1.194580793380737305e+00 -1.789674311876296997e-01 -1.505899131298065186e-01 -1.452257633209228516e-01
1.210003495216369629e+00 -1.229028224945068359e+00 1.216556429862976074e+00 -1.664687693119049072e-01 -1.399107426404953003e-01 -1.514299213886260986e-01
1.226634263992309570e+00 -1.194209694862365723e+00 1.199067711830139160e+00 -1.772575378417968750e-01 -1.548290252685546875e-01 -1.402103304862976074e-01
1.223899841308593750e+00 -1.196917414665222168e+00 1.193366169929504395e+00 -1.777257919311523438e-01 -1.662336438894271851e-01 -1.533646285533905029e-01
1.229270935058593750e+00 -1.193249583244323730e+00 1.193634271621704102e+00 -1.790239512920379639e-01 -1.628219038248062134e-01 -1.411367952823638916e-01
1.223490834236145020e+00 -1.196025609970092773e+00 1.193804860115051270e+00 -1.775509119033813477e-01 -1.522959917783737183e-01 -1.443436443805694580e-01
1.232868909835815430e+00 -1.187633633613586426e+00 1.187281012535095215e+00 -1.858830153942108154e-01 -1.454422473907470703e-01 -1.289875507354736328e-01
1.230346441268920898e+00 -1.192583918571472168e+00 1.195229530334472656e+00 -1.837356984615325928e-01 -1.548651456832885742e-01 -1.323568224906921387e-01
1.232763051986694336e+00 -1.191113233566284180e+00 1.194975376129150391e+00 -1.844167709350585938e-01 -1.602381467819213867e-01 -1.328431814908981323e-01
1.231170296669006348e+00 -1.194206953048706055e+00 1.200309157371520996e+00 -1.829092651605606079e-01 -1.514161229133605957e-01 -1.448966413736343384e-01
