1.191782474517822266e+00 -1.219393491744995117e+00 1.200894355773925781e+00 -3.194424808025360107e-01 -2.583983838558197021e-01 -1.697786599397659302e-01
1.204214692115783691e+00 -1.226303696632385254e+00 1.204396128654479980e+00 -3.043057918548583984e-01 -2.311523556709289551e-01 -2.114944010972976685e-01
1.209321618080139160e+00 -1.225272417068481445e+00 1.209900498390197754e+00 -2.968579530715942383e-01 -2.020632326602935791e-01 -2.034112215042114258e-01
1.202431797981262207e+00 -1.229761362075805664e+00 1.205653309822082520e+00 -3.250782787799835205e-01 -2.345566302537918091e-01 -2.111020237207412720e-01
1.205889225006103516e+00 -1.228577256202697754e+00 1.210740089416503906e+00 -3.058091104030609131e-01 -2.342676371335983276e-01 -2.379837632179260254e-01
1.208349704742431641e+00 -1.228349566459655762e+00 1.224558472633361816e+00 -3.099459707736968994e-01 -2.458240687847137451e-01 -2.236581742763519287e-01
1.209285259246826172e+00 -1.228563785552978516e+00 1.209175705909729004e+00 -3.082703053951263428e-01 -2.210641652345657349e-01 -2.297052890062332153e-01
1.201398253440856934e+00 -1.229166865348815918e+00 1.209680795669555664e+00 -3.012942671775817871e-01 -2.287630140781402588e-01 -2.184047251939773560e-01
1.202174425125122070e+00 -1.231012940406799316e+00 1.207080960273742676e+00 -2.954064905643463135e-01 -2.263547331094741821e-01 -2.290462553501129150e-01
1.204007744789123535e+00 -1.227885127067565918e+00 1.208237886428833008e+00 -3.037245869636535645e-01 -2.348130643367767334e-01 -2.184315919876098633e-01
1.199833393096923828e+00 -1.233020424842834473e+00 1.210993409156799316e+00 -3.018239736557006836e-01 -2.303030341863632202e-01 -2.188611328601837158e-01
