1.241367101669311523e+00 -1.271023392677307129e+00 1.260297417640686035e+00 -1.756846308708190918e-01 -1.854112148284912109e-01 -2.080584764480590820e-01
1.241070389747619629e+00 -1.270345687866210938e+00 1.259554147720336914e+00 -1.761501133441925049e-01 -1.856148540973663330e-01 -2.077961862087249756e-01
1.240203857421875000e+00 -1.268548369407653809e+00 1.257583379745483398e+00 -1.772573441267013550e-01 -1.862834990024566650e-01 -2.067514806985855103e-01
1.238058924674987793e+00 -1.263284921646118164e+00 1.251529097557067871e+00 -1.811461150646209717e-01 -1.881611347198486328e-01 -2.053305953741073608e-01
1.231926798820495605e+00 -1.251072168350219727e+00 1.238390684127807617e+00 -1.891932487487792969e-01 -1.922409832477569580e-01 -1.997757405042648315e-01
1.219197630882263184e+00 -1.231405258178710938e+00 1.216478347778320312e+00 -2.042188048362731934e-01 -1.997635215520858765e-01 -1.923318803310394287e-01
1.209670782089233398e+00 -1.220383524894714355e+00 1.203426122665405273e+00 -2.098404467105865479e-01 -2.016386240720748901e-01 -1.874238550662994385e-01
1.209108948707580566e+00 -1.217647910118103027e+00 1.200107812881469727e+00 -2.099508494138717651e-01 -2.021875679492950439e-01 -1.871634423732757568e-01
1.208823800086975098e+00 -1.216431856155395508e+00 1.196281194686889648e+00 -2.115565389394760132e-01 -2.038105577230453491e-01 -1.862868964672088623e-01
1.211271047592163086e+00 -1.213326692581176758e+00 1.196188688278198242e+00 -2.120111435651779175e-01 -2.050589919090270996e-01 -1.865337491035461426e-01
1.211244463920593262e+00 -1.212291836738586426e+00 1.194159865379333496e+00 -2.133657783269882202e-01 -2.062775194644927979e-01 -1.856111288070678711e-01
