1.219300508499145508e+00 -1.235384941101074219e+00 1.212208628654479980e+00 -2.075024694204330444e-01 -2.615581154823303223e-01 -2.403467595577239990e-01
1.219237089157104492e+00 -1.235317945480346680e+00 1.212299108505249023e+00 -2.075164318084716797e-01 -2.616100311279296875e-01 -2.402984797954559326e-01
1.219018459320068359e+00 -1.235123872756958008e+00 1.212559223175048828e+00 -2.075803428888320923e-01 -2.617845833301544189e-01 -2.401252686977386475e-01
1.218563079833984375e+00 -1.234583497047424316e+00 1.213267922401428223e+00 -2.076284438371658325e-01 -2.621419429779052734e-01 -2.398964166641235352e-01
1.217749953269958496e+00 -1.233294129371643066e+00 1.214894771575927734e+00 -2.082620710134506226e-01 -2.629916965961456299e-01 -2.392040193080902100e-01
1.214243173599243164e+00 -1.231141090393066406e+00 1.217735052108764648e+00 -2.098529189825057983e-01 -2.654632031917572021e-01 -2.387456595897674561e-01
1.212930202484130859e+00 -1.228912115097045898e+00 1.220702052116394043e+00 -2.100733667612075806e-01 -2.676964104175567627e-01 -2.362043410539627075e-01
1.213255047798156738e+00 -1.228436946868896484e+00 1.221235275268554688e+00 -2.111647725105285645e-01 -2.699614465236663818e-01 -2.336271554231643677e-01
1.212917804718017578e+00 -1.228324890136718750e+00 1.221536993980407715e+00 -2.122789472341537476e-01 -2.719272077083587646e-01 -2.334781438112258911e-01
1.211815237998962402e+00 -1.228186011314392090e+00 1.221336245536804199e+00 -2.135808467864990234e-01 -2.732149660587310791e-01 -2.329048216342926025e-01
1.214121222496032715e+00 -1.227955818176269531e+00 1.222115993499755859e+00 -2.143599987030029297e-01 -2.748567759990692139e-01 -2.331959158182144165e-01
