1.418448448181152344e+00 -1.249596238136291504e+00 1.136000394821166992e+00 -2.042371928691864014e-01 -1.997465491294860840e-01 -1.839600503444671631e-01
1.416165709495544434e+00 -1.249350309371948242e+00 1.136832833290100098e+00 -2.046367377042770386e-01 -2.000251114368438721e-01 -1.841494739055633545e-01
1.409918308258056641e+00 -1.248632192611694336e+00 1.139278888702392578e+00 -2.063107043504714966e-01 -2.011262029409408569e-01 -1.848604977130889893e-01
1.392773270606994629e+00 -1.246906042098999023e+00 1.145611763000488281e+00 -2.067064940929412842e-01 -2.016222029924392700e-01 -1.857033520936965942e-01
1.347967982292175293e+00 -1.243046402931213379e+00 1.160854697227478027e+00 -2.117024362087249756e-01 -2.036917060613632202e-01 -1.851741671562194824e-01
1.274998784065246582e+00 -1.230158686637878418e+00 1.185282468795776367e+00 -2.202087640762329102e-01 -2.123450487852096558e-01 -2.082045227289199829e-01
1.220080852508544922e+00 -1.222422599792480469e+00 1.194540858268737793e+00 -2.268238961696624756e-01 -2.200003266334533691e-01 -2.031735479831695557e-01
1.210494399070739746e+00 -1.218109607696533203e+00 1.201164484024047852e+00 -2.254806905984878540e-01 -2.212438881397247314e-01 -2.001662552356719971e-01
1.207157135009765625e+00 -1.221145391464233398e+00 1.200034856796264648e+00 -2.246604114770889282e-01 -2.189305126667022705e-01 -2.038238197565078735e-01
1.206825375556945801e+00 -1.221253752708435059e+00 1.200672149658203125e+00 -2.255141586065292358e-01 -2.189993560314178467e-01 -2.049914449453353882e-01
1.206770777702331543e+00 -1.220713019371032715e+00 1.201472163200378418e+00 -2.258111685514450073e-01 -2.194060087203979492e-01 -2.056768983602523804e-01
