1.212070107460021973e+00 -1.206480026245117188e+00 1.228407382965087891e+00 -2.043526023626327515e-01 -2.048652768135070801e-01 -2.081758081912994385e-01
1.212051868438720703e+00 -1.206596255302429199e+00 1.228203177452087402e+00 -2.043890058994293213e-01 -2.048447728157043457e-01 -2.081825286149978638e-01
1.211987018585205078e+00 -1.206897020339965820e+00 1.227642655372619629e+00 -2.044950425624847412e-01 -2.048000842332839966e-01 -2.081860899925231934e-01
1.211770296096801758e+00 -1.207945466041564941e+00 1.226065635681152344e+00 -2.048160135746002197e-01 -2.047939300537109375e-01 -2.080513536930084229e-01
1.211326956748962402e+00 -1.209757924079895020e+00 1.223394513130187988e+00 -2.056555896997451782e-01 -2.050183713436126709e-01 -2.076698541641235352e-01
1.209781527519226074e+00 -1.213620662689208984e+00 1.213680863380432129e+00 -2.080400437116622925e-01 -2.055260837078094482e-01 -2.058317363262176514e-01
1.209569215774536133e+00 -1.216737747192382812e+00 1.210040330886840820e+00 -2.099501788616180420e-01 -2.059276700019836426e-01 -2.063148468732833862e-01
1.208468437194824219e+00 -1.217947721481323242e+00 1.205661773681640625e+00 -2.123463004827499390e-01 -2.067372053861618042e-01 -2.053776532411575317e-01
1.207771897315979004e+00 -1.215868830680847168e+00 1.206125020980834961e+00 -2.151108235120773315e-01 -2.095418572425842285e-01 -2.026515305042266846e-01
1.208990693092346191e+00 -1.216578602790832520e+00 1.204562664031982422e+00 -2.172364145517349243e-01 -2.111407518386840820e-01 -2.013128250837326050e-01
1.209069848060607910e+00 -1.214855670928955078e+00 1.205207705497741699e+00 -2.194914072751998901e-01 -2.130815833806991577e-01 -1.995675861835479736e-01
