1.172838807106018066e+00 -1.207724571228027344e+00 1.025853276252746582e+00 -2.210852205753326416e-01 -1.931266039609909058e-01 -1.907543689012527466e-01
1.173127055168151855e+00 -1.207992076873779297e+00 1.027853131294250488e+00 -2.209312319755554199e-01 -1.935116499662399292e-01 -1.906603425741195679e-01
1.174015045166015625e+00 -1.208731174468994141e+00 1.033456802368164062e+00 -2.204387485980987549e-01 -1.943685710430145264e-01 -1.907176077365875244e-01
1.176171064376831055e+00 -1.210872650146484375e+00 1.048792958259582520e+00 -2.193325608968734741e-01 -1.975433379411697388e-01 -1.894162148237228394e-01
1.181153416633605957e+00 -1.217202186584472656e+00 1.087420105934143066e+00 -2.141617089509963989e-01 -2.010717093944549561e-01 -1.927312910556793213e-01
1.197594523429870605e+00 -1.211716890335083008e+00 1.145926594734191895e+00 -2.124382555484771729e-01 -2.152217477560043335e-01 -1.831143498420715332e-01
1.209687829017639160e+00 -1.204509735107421875e+00 1.182745456695556641e+00 -2.105605751276016235e-01 -2.187580019235610962e-01 -1.865707486867904663e-01
1.215727448463439941e+00 -1.207195162773132324e+00 1.187995076179504395e+00 -2.109802067279815674e-01 -2.201468050479888916e-01 -1.875475943088531494e-01
1.214722394943237305e+00 -1.207746863365173340e+00 1.192538142204284668e+00 -2.117754817008972168e-01 -2.212200462818145752e-01 -1.875065863132476807e-01
1.212905287742614746e+00 -1.208862662315368652e+00 1.193915486335754395e+00 -2.126506268978118896e-01 -2.217870950698852539e-01 -1.877363473176956177e-01
1.213732123374938965e+00 -1.208303451538085938e+00 1.194898962974548340e+00 -2.140420228242874146e-01 -2.229511141777038574e-01 -1.872966587543487549e-01
