9.813996553421020508e-01 -1.228862047195434570e+00 1.324452877044677734e+00 -2.866383194923400879e-01 -2.403165996074676514e-01 -1.681725382804870605e-01
9.836825728416442871e-01 -1.229058742523193359e+00 1.323336243629455566e+00 -2.865574955940246582e-01 -2.399266958236694336e-01 -1.687495708465576172e-01
9.898653626441955566e-01 -1.229695200920104980e+00 1.320318102836608887e+00 -2.865520119667053223e-01 -2.392469048500061035e-01 -1.698088049888610840e-01
1.007434964179992676e+00 -1.230787873268127441e+00 1.311556100845336914e+00 -2.859541177749633789e-01 -2.361838221549987793e-01 -1.741770058870315552e-01
1.049472928047180176e+00 -1.235158443450927734e+00 1.292286515235900879e+00 -2.841211557388305664e-01 -2.278936207294464111e-01 -1.859510540962219238e-01
1.130136728286743164e+00 -1.233641386032104492e+00 1.248553037643432617e+00 -2.826539874076843262e-01 -2.134726494550704956e-01 -2.029532343149185181e-01
1.180483102798461914e+00 -1.232240080833435059e+00 1.224089026451110840e+00 -2.859056591987609863e-01 -2.125873863697052002e-01 -2.024128735065460205e-01
1.190414190292358398e+00 -1.236246466636657715e+00 1.223399281501770020e+00 -2.889529764652252197e-01 -2.170158326625823975e-01 -1.994308680295944214e-01
1.194979429244995117e+00 -1.238396167755126953e+00 1.220674276351928711e+00 -2.905081808567047119e-01 -2.158931195735931396e-01 -2.016331404447555542e-01
1.194897890090942383e+00 -1.236533999443054199e+00 1.219874858856201172e+00 -2.922840714454650879e-01 -2.162389755249023438e-01 -2.019546031951904297e-01
1.197300076484680176e+00 -1.232629537582397461e+00 1.220812916755676270e+00 -2.946431636810302734e-01 -2.180875092744827271e-01 -2.002826631069183350e-01
