1.205295324325561523e+00 -1.194854378700256348e+00 1.250736117362976074e+00 -1.683571338653564453e-01 -2.497143745422363281e-01 -1.834873110055923462e-01
1.205282330513000488e+00 -1.195382118225097656e+00 1.250424742698669434e+00 -1.683052480220794678e-01 -2.494709491729736328e-01 -1.838349401950836182e-01
1.205023050308227539e+00 -1.197160601615905762e+00 1.249811172485351562e+00 -1.680889874696731567e-01 -2.486903816461563110e-01 -1.849860548973083496e-01
1.204915881156921387e+00 -1.200266003608703613e+00 1.247661948204040527e+00 -1.680956780910491943e-01 -2.477754354476928711e-01 -1.862937211990356445e-01
1.206304192543029785e+00 -1.209667682647705078e+00 1.241219878196716309e+00 -1.662274301052093506e-01 -2.415323853492736816e-01 -1.954095959663391113e-01
1.201997399330139160e+00 -1.220793724060058594e+00 1.232182383537292480e+00 -1.687718927860260010e-01 -2.410680055618286133e-01 -1.946582645177841187e-01
1.205301046371459961e+00 -1.236080527305603027e+00 1.224586844444274902e+00 -1.675368994474411011e-01 -2.316724956035614014e-01 -2.076207548379898071e-01
1.206485271453857422e+00 -1.239390611648559570e+00 1.225713968276977539e+00 -1.659878790378570557e-01 -2.237771004438400269e-01 -2.197891622781753540e-01
1.199935197830200195e+00 -1.236901998519897461e+00 1.224366545677185059e+00 -1.686235815286636353e-01 -2.265387177467346191e-01 -2.165632694959640503e-01
1.202108979225158691e+00 -1.234508275985717773e+00 1.221864581108093262e+00 -1.714621335268020630e-01 -2.289167046546936035e-01 -2.139708697795867920e-01
1.202052593231201172e+00 -1.234850287437438965e+00 1.222011804580688477e+00 -1.728755980730056763e-01 -2.297515422105789185e-01 -2.137335538864135742e-01
