1.215858697891235352e+00 -1.250779151916503906e+00 1.133846879005432129e+00 -1.747789233922958374e-01 -2.232515066862106323e-01 -2.014306187629699707e-01
1.215604782104492188e+00 -1.250717759132385254e+00 1.134923100471496582e+00 -1.746327579021453857e-01 -2.232874780893325806e-01 -2.015693485736846924e-01
1.214982628822326660e+00 -1.250597834587097168e+00 1.138030171394348145e+00 -1.741391569375991821e-01 -2.232133746147155762e-01 -2.022009640932083130e-01
1.213231325149536133e+00 -1.250246047973632812e+00 1.146565079689025879e+00 -1.726776063442230225e-01 -2.227933257818222046e-01 -2.042774856090545654e-01
1.208536386489868164e+00 -1.247730255126953125e+00 1.166275620460510254e+00 -1.707375645637512207e-01 -2.249172478914260864e-01 -2.048736810684204102e-01
1.201822400093078613e+00 -1.241843104362487793e+00 1.193783044815063477e+00 -1.682800948619842529e-01 -2.271260619163513184e-01 -2.057448625564575195e-01
1.196933627128601074e+00 -1.237295866012573242e+00 1.217898249626159668e+00 -1.669887453317642212e-01 -2.305385768413543701e-01 -2.048513889312744141e-01
1.195537209510803223e+00 -1.239237904548645020e+00 1.223900079727172852e+00 -1.670541614294052124e-01 -2.301753312349319458e-01 -2.071487903594970703e-01
1.193979620933532715e+00 -1.239875316619873047e+00 1.224381446838378906e+00 -1.680167764425277710e-01 -2.303101420402526855e-01 -2.080695331096649170e-01
1.192208766937255859e+00 -1.241097331047058105e+00 1.226532816886901855e+00 -1.686866432428359985e-01 -2.295132875442504883e-01 -2.098307013511657715e-01
1.190983414649963379e+00 -1.242802977561950684e+00 1.227711677551269531e+00 -1.700111627578735352e-01 -2.326011955738067627e-01 -2.079425603151321411e-01
