1.244485497474670410e+00 -1.157193779945373535e+00 1.141111731529235840e+00 -2.844172418117523193e-01 -2.126719951629638672e-01 -1.897803843021392822e-01
1.241749882698059082e+00 -1.147157669067382812e+00 1.151659727096557617e+00 -2.839700281620025635e-01 -2.183635532855987549e-01 -1.861495077610015869e-01
1.248191952705383301e+00 -1.141757726669311523e+00 1.156528472900390625e+00 -2.826754152774810791e-01 -2.184761464595794678e-01 -1.874335557222366333e-01
1.249171614646911621e+00 -1.142823100090026855e+00 1.154883503913879395e+00 -2.809689342975616455e-01 -2.171147316694259644e-01 -1.888004988431930542e-01
1.249586343765258789e+00 -1.142633199691772461e+00 1.153605937957763672e+00 -2.798437476158142090e-01 -2.157977819442749023e-01 -1.902639269828796387e-01
1.250425338745117188e+00 -1.143070101737976074e+00 1.152213931083679199e+00 -2.791290283203125000e-01 -2.153486907482147217e-01 -1.905220001935958862e-01
1.250161528587341309e+00 -1.144015431404113770e+00 1.150132298469543457e+00 -2.781441807746887207e-01 -2.141455560922622681e-01 -1.909969002008438110e-01
1.250659465789794922e+00 -1.144211173057556152e+00 1.148649215698242188e+00 -2.770462930202484131e-01 -2.135062813758850098e-01 -1.919859200716018677e-01
1.250958919525146484e+00 -1.144313812255859375e+00 1.147210955619812012e+00 -2.772755622863769531e-01 -2.138751149177551270e-01 -1.910696923732757568e-01
1.251541018486022949e+00 -1.144400119781494141e+00 1.145894885063171387e+00 -2.766699492931365967e-01 -2.140468358993530273e-01 -1.908740550279617310e-01
