1.214707612991333008e+00 -1.199923276901245117e+00 1.182552695274353027e+00 -2.116996347904205322e-01 -2.326081991195678711e-01 -1.872305870056152344e-01
1.396601438522338867e+00 -1.122465133666992188e+00 1.244807839393615723e+00 -1.981627643108367920e-01 -2.457526922225952148e-01 -1.689392626285552979e-01
1.367569446563720703e+00 -1.168794512748718262e+00 1.214569926261901855e+00 -1.982196271419525146e-01 -2.390309274196624756e-01 -1.832244843244552612e-01
1.340963006019592285e+00 -1.184742093086242676e+00 1.219998598098754883e+00 -1.946124583482742310e-01 -2.384403347969055176e-01 -1.894421279430389404e-01
1.325059056282043457e+00 -1.183706402778625488e+00 1.247645735740661621e+00 -1.908405125141143799e-01 -2.423637509346008301e-01 -1.931542754173278809e-01
1.313680052757263184e+00 -1.170880556106567383e+00 1.280661940574645996e+00 -1.853730976581573486e-01 -2.483019679784774780e-01 -1.939288377761840820e-01
1.313295960426330566e+00 -1.148760914802551270e+00 1.307798266410827637e+00 -1.808266937732696533e-01 -2.524394392967224121e-01 -1.993195116519927979e-01
1.321609616279602051e+00 -1.131887912750244141e+00 1.322123050689697266e+00 -1.768043786287307739e-01 -2.554763853549957275e-01 -2.026768922805786133e-01
1.327616453170776367e+00 -1.126767039299011230e+00 1.326954364776611328e+00 -1.740040332078933716e-01 -2.563539147377014160e-01 -2.083096653223037720e-01
1.328347682952880859e+00 -1.126350283622741699e+00 1.326658725738525391e+00 -1.706631332635879517e-01 -2.556424438953399658e-01 -2.131042182445526123e-01
