1.220690846443176270e+00 -1.249130368232727051e+00 1.158095359802246094e+00 -2.662134468555450439e-01 -1.759004890918731689e-01 -2.325440943241119385e-01
1.220486164093017578e+00 -1.248844385147094727e+00 1.158590674400329590e+00 -2.662416100502014160e-01 -1.761787831783294678e-01 -2.320766001939773560e-01
1.219936251640319824e+00 -1.248023867607116699e+00 1.160002827644348145e+00 -2.663040161132812500e-01 -1.769393533468246460e-01 -2.308191359043121338e-01
1.218782782554626465e+00 -1.245547652244567871e+00 1.163436055183410645e+00 -2.658740282058715820e-01 -1.783387213945388794e-01 -2.280215322971343994e-01
1.215195894241333008e+00 -1.239361166954040527e+00 1.172490000724792480e+00 -2.630634903907775879e-01 -1.836792081594467163e-01 -2.146957814693450928e-01
1.210448622703552246e+00 -1.228649735450744629e+00 1.188309550285339355e+00 -2.634257376194000244e-01 -1.917142868041992188e-01 -2.098509818315505981e-01
1.207871317863464355e+00 -1.221360802650451660e+00 1.198323130607604980e+00 -2.620082795619964600e-01 -2.024675905704498291e-01 -1.874304711818695068e-01
1.207034111022949219e+00 -1.218066811561584473e+00 1.202257037162780762e+00 -2.617633938789367676e-01 -2.035724222660064697e-01 -1.882248967885971069e-01
1.206368684768676758e+00 -1.218402504920959473e+00 1.201653003692626953e+00 -2.619159817695617676e-01 -2.038569152355194092e-01 -1.886116713285446167e-01
1.206736683845520020e+00 -1.218249082565307617e+00 1.201874613761901855e+00 -2.620187699794769287e-01 -2.047079205513000488e-01 -1.880273967981338501e-01
1.207475781440734863e+00 -1.217888474464416504e+00 1.202310919761657715e+00 -2.613108456134796143e-01 -2.055807709693908691e-01 -1.873757541179656982e-01
