8.240157961845397949e-01 -1.239605665206909180e+00 1.294969081878662109e+00 -1.668576300144195557e-01 -2.512156963348388672e-01 -2.064925134181976318e-01
8.283698558807373047e-01 -1.239387154579162598e+00 1.294023513793945312e+00 -1.667493134737014771e-01 -2.507224678993225098e-01 -2.069792002439498901e-01
8.403522372245788574e-01 -1.238837718963623047e+00 1.291358470916748047e+00 -1.664752513170242310e-01 -2.493526339530944824e-01 -2.083186656236648560e-01
8.732886910438537598e-01 -1.237077236175537109e+00 1.284466385841369629e+00 -1.657120883464813232e-01 -2.454584836959838867e-01 -2.123027741909027100e-01
9.558771848678588867e-01 -1.231611013412475586e+00 1.264052867889404297e+00 -1.655577123165130615e-01 -2.389057874679565430e-01 -2.177941650152206421e-01
1.093127965927124023e+00 -1.223913788795471191e+00 1.228911876678466797e+00 -1.799512803554534912e-01 -2.520008683204650879e-01 -1.961543411016464233e-01
1.187455773353576660e+00 -1.212118029594421387e+00 1.199836373329162598e+00 -1.719382256269454956e-01 -2.293662428855895996e-01 -2.258462905883789062e-01
1.205601096153259277e+00 -1.217745184898376465e+00 1.198481440544128418e+00 -1.756418347358703613e-01 -2.358651757240295410e-01 -2.200967222452163696e-01
1.208474516868591309e+00 -1.215607881546020508e+00 1.200566649436950684e+00 -1.771829873323440552e-01 -2.376936674118041992e-01 -2.154359519481658936e-01
1.209732651710510254e+00 -1.215638995170593262e+00 1.199127554893493652e+00 -1.786987781524658203e-01 -2.393227368593215942e-01 -2.132927775382995605e-01
1.210098981857299805e+00 -1.214724421501159668e+00 1.198432326316833496e+00 -1.787431091070175171e-01 -2.400281727313995361e-01 -2.115708738565444946e-01
