1.074757814407348633e+00 -1.166323900222778320e+00 1.161795616149902344e+00 -1.684189885854721069e-01 -1.782029718160629272e-01 -2.198492437601089478e-01
1.076216578483581543e+00 -1.166803479194641113e+00 1.162146449089050293e+00 -1.689071208238601685e-01 -1.787650883197784424e-01 -2.194673568010330200e-01
1.080022454261779785e+00 -1.168442487716674805e+00 1.163406968116760254e+00 -1.701296865940093994e-01 -1.804079413414001465e-01 -2.184800654649734497e-01
1.090179681777954102e+00 -1.173205971717834473e+00 1.167102217674255371e+00 -1.736168563365936279e-01 -1.852222532033920288e-01 -2.161504477262496948e-01
1.117586731910705566e+00 -1.182839989662170410e+00 1.174102902412414551e+00 -1.833109706640243530e-01 -1.974970996379852295e-01 -2.106981724500656128e-01
1.164784908294677734e+00 -1.201591610908508301e+00 1.187748193740844727e+00 -1.956697404384613037e-01 -2.177947163581848145e-01 -2.037439197301864624e-01
1.192016124725341797e+00 -1.220640063285827637e+00 1.204293847084045410e+00 -2.016502320766448975e-01 -2.322284877300262451e-01 -2.016528993844985962e-01
1.197416424751281738e+00 -1.227367997169494629e+00 1.209663629531860352e+00 -2.036580592393875122e-01 -2.361330389976501465e-01 -2.021810114383697510e-01
1.198742866516113281e+00 -1.227841615676879883e+00 1.209162473678588867e+00 -2.068745344877243042e-01 -2.395934313535690308e-01 -2.018390595912933350e-01
1.199012994766235352e+00 -1.227798700332641602e+00 1.208619952201843262e+00 -2.100682407617568970e-01 -2.437180578708648682e-01 -2.017129808664321899e-01
1.197184681892395020e+00 -1.229089498519897461e+00 1.209431052207946777e+00 -2.107503414154052734e-01 -2.457187026739120483e-01 -2.035257071256637573e-01
