1.245172262191772461e+00 -1.251222372055053711e+00 1.241473555564880371e+00 -1.216789782047271729e-01 -2.365566045045852661e-01 -1.539815515279769897e-01
1.244590282440185547e+00 -1.251286625862121582e+00 1.241422295570373535e+00 -1.219962835311889648e-01 -2.362314015626907349e-01 -1.544632911682128906e-01
1.243012547492980957e+00 -1.251408576965332031e+00 1.241263389587402344e+00 -1.228991001844406128e-01 -2.355985939502716064e-01 -1.557116806507110596e-01
1.238680005073547363e+00 -1.251782298088073730e+00 1.240977644920349121e+00 -1.258490681648254395e-01 -2.348428219556808472e-01 -1.596268713474273682e-01
1.227833390235900879e+00 -1.253020882606506348e+00 1.240417838096618652e+00 -1.350876986980438232e-01 -2.324345260858535767e-01 -1.741344928741455078e-01
1.208116531372070312e+00 -1.254822969436645508e+00 1.239900708198547363e+00 -1.527706682682037354e-01 -2.237312048673629761e-01 -1.896279901266098022e-01
1.193775057792663574e+00 -1.255315780639648438e+00 1.239469647407531738e+00 -1.659286916255950928e-01 -2.190289497375488281e-01 -1.912870109081268311e-01
1.189643144607543945e+00 -1.255855441093444824e+00 1.238696098327636719e+00 -1.704893112182617188e-01 -2.213543951511383057e-01 -1.959777623414993286e-01
1.187841773033142090e+00 -1.256625890731811523e+00 1.239384770393371582e+00 -1.725142449140548706e-01 -2.258030921220779419e-01 -2.032247036695480347e-01
1.187684178352355957e+00 -1.256677389144897461e+00 1.239662528038024902e+00 -1.764457970857620239e-01 -2.293390184640884399e-01 -2.070933878421783447e-01
1.187844753265380859e+00 -1.255167484283447266e+00 1.238638043403625488e+00 -1.854618936777114868e-01 -2.325231432914733887e-01 -2.045341730117797852e-01
