1.232452750205993652e+00 -1.112441301345825195e+00 1.163223743438720703e+00 -2.163352817296981812e-01 -1.844328790903091431e-01 -1.914981901645660400e-01
1.232159972190856934e+00 -1.113693833351135254e+00 1.163746356964111328e+00 -2.162188887596130371e-01 -1.846089661121368408e-01 -1.916190087795257568e-01
1.231362819671630859e+00 -1.117117404937744141e+00 1.165146708488464355e+00 -2.159016430377960205e-01 -1.850874722003936768e-01 -1.919030547142028809e-01
1.229304790496826172e+00 -1.126281261444091797e+00 1.168704986572265625e+00 -2.151066660881042480e-01 -1.863045096397399902e-01 -1.924188435077667236e-01
1.223275899887084961e+00 -1.150560140609741211e+00 1.178705692291259766e+00 -2.133962512016296387e-01 -1.900414824485778809e-01 -1.934856772422790527e-01
1.212927103042602539e+00 -1.191116571426391602e+00 1.193939685821533203e+00 -2.119375169277191162e-01 -1.995341479778289795e-01 -1.920415759086608887e-01
1.208182573318481445e+00 -1.214029312133789062e+00 1.199832320213317871e+00 -2.066569775342941284e-01 -2.044943273067474365e-01 -1.930224001407623291e-01
1.207649588584899902e+00 -1.219000816345214844e+00 1.200557589530944824e+00 -1.979681253433227539e-01 -2.054078876972198486e-01 -1.969075500965118408e-01
1.207231283187866211e+00 -1.220425605773925781e+00 1.201458811759948730e+00 -1.888580173254013062e-01 -2.070750743150711060e-01 -1.997447013854980469e-01
1.206832766532897949e+00 -1.221166372299194336e+00 1.202044486999511719e+00 -1.808961480855941772e-01 -2.092961221933364868e-01 -2.010926753282546997e-01
1.206763029098510742e+00 -1.221145629882812500e+00 1.201737642288208008e+00 -1.740946024656295776e-01 -2.112721502780914307e-01 -2.016687095165252686e-01
