9.462552666664123535e-01 -1.358087897300720215e+00 1.188659071922302246e+00 -2.528567910194396973e-01 -2.049206346273422241e-01 -2.534437775611877441e-01
9.486164450645446777e-01 -1.357365727424621582e+00 1.189591646194458008e+00 -2.528064846992492676e-01 -2.053754031658172607e-01 -2.530747056007385254e-01
9.553191065788269043e-01 -1.355070114135742188e+00 1.191855907440185547e+00 -2.527783513069152832e-01 -2.066082656383514404e-01 -2.519270181655883789e-01
9.753199219703674316e-01 -1.346303701400756836e+00 1.195562601089477539e+00 -2.535012662410736084e-01 -2.097707390785217285e-01 -2.475784420967102051e-01
1.029390096664428711e+00 -1.319041609764099121e+00 1.200114488601684570e+00 -2.550558149814605713e-01 -2.169530838727951050e-01 -2.351288795471191406e-01
1.125092506408691406e+00 -1.266146063804626465e+00 1.203056335449218750e+00 -2.555934488773345947e-01 -2.277217209339141846e-01 -2.127104401588439941e-01
1.187695384025573730e+00 -1.228150129318237305e+00 1.201345086097717285e+00 -2.547046542167663574e-01 -2.340298891067504883e-01 -1.988945305347442627e-01
1.203071475028991699e+00 -1.217834949493408203e+00 1.199276328086853027e+00 -2.529853582382202148e-01 -2.351287901401519775e-01 -1.988888829946517944e-01
1.207165479660034180e+00 -1.213772892951965332e+00 1.196352362632751465e+00 -2.499926835298538208e-01 -2.335496544837951660e-01 -2.006094604730606079e-01
1.208922743797302246e+00 -1.211786866188049316e+00 1.194653749465942383e+00 -2.462005019187927246e-01 -2.330087572336196899e-01 -2.012296766042709351e-01
1.209961056709289551e+00 -1.210831642150878906e+00 1.194534540176391602e+00 -2.429041862487792969e-01 -2.345939576625823975e-01 -2.014929950237274170e-01
