1.300002694129943848e+00 -1.218695402145385742e+00 1.240655303001403809e+00 -1.942077130079269409e-01 -2.111887335777282715e-01 -2.106870263814926147e-01
1.203892469406127930e+00 -1.224213838577270508e+00 1.204004406929016113e+00 -1.967820525169372559e-01 -2.074538767337799072e-01 -2.086927145719528198e-01
1.200660586357116699e+00 -1.226813673973083496e+00 1.205810546875000000e+00 -1.835812181234359741e-01 -2.410457730293273926e-01 -2.103753983974456787e-01
1.206038713455200195e+00 -1.220104694366455078e+00 1.202019214630126953e+00 -1.996297240257263184e-01 -2.077538371086120605e-01 -1.887808144092559814e-01
1.205573916435241699e+00 -1.220598697662353516e+00 1.202819824218750000e+00 -2.043325901031494141e-01 -2.200002670288085938e-01 -2.042579054832458496e-01
1.207387089729309082e+00 -1.218838572502136230e+00 1.200960993766784668e+00 -1.954747885465621948e-01 -2.130430936813354492e-01 -1.982873380184173584e-01
1.206742882728576660e+00 -1.218928933143615723e+00 1.201467633247375488e+00 -2.008716017007827759e-01 -2.153200507164001465e-01 -1.908809691667556763e-01
1.205937504768371582e+00 -1.219558835029602051e+00 1.201184630393981934e+00 -2.081551551818847656e-01 -2.159706950187683105e-01 -1.966689527034759521e-01
1.206410884857177734e+00 -1.219985842704772949e+00 1.202625632286071777e+00 -2.050270140171051025e-01 -2.082579284906387329e-01 -1.942550987005233765e-01
1.205937981605529785e+00 -1.220375776290893555e+00 1.201578617095947266e+00 -1.991412937641143799e-01 -2.102615833282470703e-01 -1.996000409126281738e-01
1.206081151962280273e+00 -1.220561265945434570e+00 1.202245950698852539e+00 -2.006841003894805908e-01 -2.100844532251358032e-01 -2.042781412601470947e-01
