1.278016686439514160e+00 -1.214935541152954102e+00 1.157434940338134766e+00 -2.017399817705154419e-01 -1.818581819534301758e-01 -2.040219008922576904e-01
1.198246002197265625e+00 -1.232073426246643066e+00 1.214518666267395020e+00 -2.043207734823226929e-01 -1.986901462078094482e-01 -1.818741858005523682e-01
1.197844028472900391e+00 -1.233015060424804688e+00 1.215545892715454102e+00 -2.040227949619293213e-01 -1.946063190698623657e-01 -1.708450317382812500e-01
1.198435544967651367e+00 -1.231952309608459473e+00 1.215221881866455078e+00 -2.102088928222656250e-01 -1.989440321922302246e-01 -1.889282017946243286e-01
1.199773907661437988e+00 -1.230791926383972168e+00 1.213000059127807617e+00 -2.177553325891494751e-01 -1.942007541656494141e-01 -1.885243654251098633e-01
1.199212431907653809e+00 -1.231350064277648926e+00 1.215365290641784668e+00 -2.045084983110427856e-01 -1.977829337120056152e-01 -1.882520318031311035e-01
1.198150992393493652e+00 -1.232804417610168457e+00 1.215170860290527344e+00 -1.979513317346572876e-01 -1.938357055187225342e-01 -1.763760596513748169e-01
1.199307799339294434e+00 -1.230520367622375488e+00 1.213426232337951660e+00 -2.004076093435287476e-01 -2.071670591831207275e-01 -1.842800676822662354e-01
1.199742436408996582e+00 -1.229811191558837891e+00 1.213355660438537598e+00 -2.049046754837036133e-01 -1.954358369112014771e-01 -1.849526762962341309e-01
1.198513150215148926e+00 -1.231452822685241699e+00 1.214440941810607910e+00 -2.002751380205154419e-01 -1.976988762617111206e-01 -1.802860051393508911e-01
1.199789762496948242e+00 -1.230084419250488281e+00 1.213362932205200195e+00 -2.033012509346008301e-01 -1.976862102746963501e-01 -1.872705966234207153e-01
