1.155498981475830078e+00 -1.230027318000793457e+00 1.201883435249328613e+00 -1.657952815294265747e-01 -2.482124269008636475e-01 -1.234404668211936951e-01
1.213444948196411133e+00 -1.209118366241455078e+00 1.193206310272216797e+00 -1.602959036827087402e-01 -2.238917052745819092e-01 -1.931049078702926636e-01
1.210965633392333984e+00 -1.211969375610351562e+00 1.195908904075622559e+00 -1.760834604501724243e-01 -2.347743064165115356e-01 -2.070980966091156006e-01
1.210488080978393555e+00 -1.211429834365844727e+00 1.198325276374816895e+00 -1.671702712774276733e-01 -2.340822219848632812e-01 -1.599036306142807007e-01
1.210810184478759766e+00 -1.213431358337402344e+00 1.195206642150878906e+00 -1.670663505792617798e-01 -2.181589901447296143e-01 -1.928685903549194336e-01
1.212956786155700684e+00 -1.209528207778930664e+00 1.193336367607116699e+00 -1.560923755168914795e-01 -2.224073708057403564e-01 -1.865665167570114136e-01
1.211793065071105957e+00 -1.211374521255493164e+00 1.192178130149841309e+00 -1.586172878742218018e-01 -2.243758291006088257e-01 -2.062812596559524536e-01
1.212430834770202637e+00 -1.210379242897033691e+00 1.193212628364562988e+00 -1.631234437227249146e-01 -2.232837975025177002e-01 -2.130928188562393188e-01
1.211983680725097656e+00 -1.210992693901062012e+00 1.194189906120300293e+00 -1.598037332296371460e-01 -2.268641293048858643e-01 -2.122517526149749756e-01
1.211828947067260742e+00 -1.211255788803100586e+00 1.193636059761047363e+00 -1.601231992244720459e-01 -2.312669605016708374e-01 -1.942959725856781006e-01
1.210989713668823242e+00 -1.211812257766723633e+00 1.194954395294189453e+00 -1.600776910781860352e-01 -2.269784361124038696e-01 -1.900065690279006958e-01
