1.487807393074035645e+00 -1.165913581848144531e+00 1.036153674125671387e+00 -2.791644930839538574e-01 -1.743931323289871216e-01 -1.483706384897232056e-01
1.484893441200256348e+00 -1.166524648666381836e+00 1.038055300712585449e+00 -2.789902389049530029e-01 -1.746923029422760010e-01 -1.490190327167510986e-01
1.476778507232666016e+00 -1.168266296386718750e+00 1.043282270431518555e+00 -2.784737646579742432e-01 -1.756403446197509766e-01 -1.508397758007049561e-01
1.454251170158386230e+00 -1.173109173774719238e+00 1.057327032089233398e+00 -2.776349186897277832e-01 -1.783625483512878418e-01 -1.558670550584793091e-01
1.396903395652770996e+00 -1.183823704719543457e+00 1.091702461242675781e+00 -2.781396210193634033e-01 -1.825196146965026855e-01 -1.637900471687316895e-01
1.296355247497558594e+00 -1.200021028518676758e+00 1.151307821273803711e+00 -2.729864418506622314e-01 -1.872901022434234619e-01 -1.659952253103256226e-01
1.227811455726623535e+00 -1.212265849113464355e+00 1.190989494323730469e+00 -2.628349065780639648e-01 -1.945127248764038086e-01 -1.690630763769149780e-01
1.212337851524353027e+00 -1.214920997619628906e+00 1.199239492416381836e+00 -2.598619461059570312e-01 -2.040572911500930786e-01 -1.759262531995773315e-01
1.210387825965881348e+00 -1.214877605438232422e+00 1.200415492057800293e+00 -2.633099853992462158e-01 -2.117621153593063354e-01 -1.795469224452972412e-01
1.209599614143371582e+00 -1.215237379074096680e+00 1.201165795326232910e+00 -2.665204107761383057e-01 -2.162713855504989624e-01 -1.788773387670516968e-01
1.208446621894836426e+00 -1.216427922248840332e+00 1.201075792312622070e+00 -2.665406465530395508e-01 -2.182733118534088135e-01 -1.756135523319244385e-01
