1.309258937835693359e+00 -9.840053915977478027e-01 1.223772406578063965e+00 -1.656002402305603027e-01 -2.498294413089752197e-01 -2.573451697826385498e-01
1.309058547019958496e+00 -9.851407408714294434e-01 1.222072482109069824e+00 -1.659754216670989990e-01 -2.497588545083999634e-01 -2.568648457527160645e-01
1.308552742004394531e+00 -9.881911277770996094e-01 1.217319607734680176e+00 -1.670098602771759033e-01 -2.494617253541946411e-01 -2.556310296058654785e-01
1.307322263717651367e+00 -9.962309002876281738e-01 1.204116225242614746e+00 -1.697178781032562256e-01 -2.483688890933990479e-01 -2.527328431606292725e-01
1.302948355674743652e+00 -1.017965555191040039e+00 1.172072887420654297e+00 -1.754935532808303833e-01 -2.476695328950881958e-01 -2.430959790945053101e-01
1.291710138320922852e+00 -1.060322284698486328e+00 1.120194077491760254e+00 -1.801784783601760864e-01 -2.514670491218566895e-01 -2.228423058986663818e-01
1.283148288726806641e+00 -1.088001370429992676e+00 1.086747407913208008e+00 -1.802733689546585083e-01 -2.589572668075561523e-01 -2.062401324510574341e-01
1.281696081161499023e+00 -1.092872023582458496e+00 1.078127145767211914e+00 -1.788144111633300781e-01 -2.632609903812408447e-01 -2.023581564426422119e-01
1.281809687614440918e+00 -1.092020153999328613e+00 1.075783491134643555e+00 -1.767374575138092041e-01 -2.675304710865020752e-01 -2.011554539203643799e-01
1.281893730163574219e+00 -1.091792225837707520e+00 1.074972271919250488e+00 -1.728666573762893677e-01 -2.719681560993194580e-01 -1.999428570270538330e-01
1.281805157661437988e+00 -1.092246055603027344e+00 1.075077891349792480e+00 -1.673314273357391357e-01 -2.755139172077178955e-01 -1.987932622432708740e-01
