1.287160158157348633e+00 -1.355877280235290527e+00 1.409403920173645020e+00 -1.909616887569427490e-01 -2.976670265197753906e-01 -2.265640646219253540e-01
1.285292387008666992e+00 -1.355769991874694824e+00 1.408465385437011719e+00 -1.917716562747955322e-01 -2.977088391780853271e-01 -2.269272804260253906e-01
1.280163407325744629e+00 -1.355480074882507324e+00 1.405906200408935547e+00 -1.939995288848876953e-01 -2.978710234165191650e-01 -2.279797345399856567e-01
1.266309976577758789e+00 -1.354697346687316895e+00 1.399023532867431641e+00 -1.998132467269897461e-01 -2.984419465065002441e-01 -2.312573790550231934e-01
1.231889963150024414e+00 -1.351510047912597656e+00 1.380701541900634766e+00 -2.150861322879791260e-01 -2.973766624927520752e-01 -2.382283806800842285e-01
1.172749042510986328e+00 -1.343149185180664062e+00 1.347483992576599121e+00 -2.393745332956314087e-01 -2.909426093101501465e-01 -2.437154501676559448e-01
1.135188102722167969e+00 -1.335558891296386719e+00 1.324268579483032227e+00 -2.524458169937133789e-01 -2.863474488258361816e-01 -2.422253191471099854e-01
1.126009821891784668e+00 -1.334598183631896973e+00 1.320098400115966797e+00 -2.526930570602416992e-01 -2.881307005882263184e-01 -2.423222213983535767e-01
1.124391078948974609e+00 -1.335124254226684570e+00 1.320565700531005859e+00 -2.526634037494659424e-01 -2.902903854846954346e-01 -2.449892759323120117e-01
1.124380230903625488e+00 -1.335172772407531738e+00 1.320283293724060059e+00 -2.512666285037994385e-01 -2.896086871623992920e-01 -2.480650991201400757e-01
1.125306248664855957e+00 -1.334087610244750977e+00 1.319203138351440430e+00 -2.479644566774368286e-01 -2.878592014312744141e-01 -2.497556805610656738e-01
