1.316482782363891602e+00 -1.236036896705627441e+00 1.160734176635742188e+00 -1.743766218423843384e-01 -2.800306379795074463e-01 -3.120570778846740723e-01
1.315213799476623535e+00 -1.235956430435180664e+00 1.161198616027832031e+00 -1.742901355028152466e-01 -2.802698016166687012e-01 -3.115763664245605469e-01
1.311666488647460938e+00 -1.235782623291015625e+00 1.162530183792114258e+00 -1.740373820066452026e-01 -2.810018360614776611e-01 -3.103254735469818115e-01
1.301922082901000977e+00 -1.235191345214843750e+00 1.166015744209289551e+00 -1.736166179180145264e-01 -2.832830548286437988e-01 -3.066817224025726318e-01
1.277486562728881836e+00 -1.233352899551391602e+00 1.174661397933959961e+00 -1.732584089040756226e-01 -2.885971665382385254e-01 -2.962943017482757568e-01
1.234087944030761719e+00 -1.230040907859802246e+00 1.190331578254699707e+00 -1.709784120321273804e-01 -3.016751408576965332e-01 -2.784727513790130615e-01
1.206547975540161133e+00 -1.225059986114501953e+00 1.199514985084533691e+00 -1.712978482246398926e-01 -3.177843987941741943e-01 -2.611526250839233398e-01
1.199609637260437012e+00 -1.223904490470886230e+00 1.202352643013000488e+00 -1.757805347442626953e-01 -3.285728096961975098e-01 -2.533091604709625244e-01
1.198015928268432617e+00 -1.224362015724182129e+00 1.203346610069274902e+00 -1.794878244400024414e-01 -3.322818577289581299e-01 -2.514605522155761719e-01
1.197132587432861328e+00 -1.224411368370056152e+00 1.204395890235900879e+00 -1.819050014019012451e-01 -3.332479298114776611e-01 -2.521255910396575928e-01
1.197984218597412109e+00 -1.224833011627197266e+00 1.205951452255249023e+00 -1.820297092199325562e-01 -3.364075422286987305e-01 -2.542238831520080566e-01
