1.206799626350402832e+00 -1.255648612976074219e+00 1.225391864776611328e+00 -1.635333597660064697e-01 -2.295345664024353027e-01 -2.359580099582672119e-01
1.206708073616027832e+00 -1.255403399467468262e+00 1.225283384323120117e+00 -1.635509580373764038e-01 -2.295691668987274170e-01 -2.357569932937622070e-01
1.206433415412902832e+00 -1.254763841629028320e+00 1.225028157234191895e+00 -1.636003851890563965e-01 -2.296518981456756592e-01 -2.351989448070526123e-01
1.205618262290954590e+00 -1.253113031387329102e+00 1.224444866180419922e+00 -1.638700067996978760e-01 -2.298898100852966309e-01 -2.336935698986053467e-01
1.204038262367248535e+00 -1.248170733451843262e+00 1.222115874290466309e+00 -1.648980230093002319e-01 -2.305188179016113281e-01 -2.294238060712814331e-01
1.202749490737915039e+00 -1.237367391586303711e+00 1.215898036956787109e+00 -1.654688864946365356e-01 -2.312297224998474121e-01 -2.219419479370117188e-01
1.199641346931457520e+00 -1.233772635459899902e+00 1.215266346931457520e+00 -1.633508354425430298e-01 -2.319638580083847046e-01 -2.181499600410461426e-01
1.197941541671752930e+00 -1.234533429145812988e+00 1.216686367988586426e+00 -1.596521586179733276e-01 -2.321114093065261841e-01 -2.168341726064682007e-01
1.198020577430725098e+00 -1.233839988708496094e+00 1.216189026832580566e+00 -1.565247178077697754e-01 -2.313948273658752441e-01 -2.149156481027603149e-01
1.199062108993530273e+00 -1.232119679450988770e+00 1.214618444442749023e+00 -1.538076847791671753e-01 -2.300289869308471680e-01 -2.139223217964172363e-01
1.199991941452026367e+00 -1.230995416641235352e+00 1.213543057441711426e+00 -1.511810868978500366e-01 -2.291018664836883545e-01 -2.143284678459167480e-01
