1.205327033996582031e+00 -1.058056592941284180e+00 1.236044168472290039e+00 -2.236113548278808594e-01 -1.997556984424591064e-01 -1.891164630651473999e-01
1.244599342346191406e+00 -1.152463197708129883e+00 1.167334675788879395e+00 -2.341355979442596436e-01 -2.142208218574523926e-01 -1.709250509738922119e-01
1.242748498916625977e+00 -1.167320847511291504e+00 1.190915703773498535e+00 -2.309114933013916016e-01 -2.228680551052093506e-01 -2.005563676357269287e-01
1.205248475074768066e+00 -1.233037590980529785e+00 1.244053244590759277e+00 -1.994894295930862427e-01 -1.992257237434387207e-01 -2.162695825099945068e-01
1.169872522354125977e+00 -1.265251874923706055e+00 1.253873705863952637e+00 -2.288248986005783081e-01 -2.188339531421661377e-01 -1.817707717418670654e-01
1.235232591629028320e+00 -1.180030107498168945e+00 1.171986699104309082e+00 -2.415831834077835083e-01 -2.144183367490768433e-01 -1.728860735893249512e-01
1.224788546562194824e+00 -1.158434748649597168e+00 1.202555418014526367e+00 -2.387090921401977539e-01 -2.382601201534271240e-01 -1.740520298480987549e-01
1.258446216583251953e+00 -1.144019842147827148e+00 1.165581464767456055e+00 -2.400132417678833008e-01 -2.178776562213897705e-01 -1.766352206468582153e-01
1.253637313842773438e+00 -1.154462695121765137e+00 1.159435272216796875e+00 -2.399639189243316650e-01 -2.125949710607528687e-01 -1.717927008867263794e-01
1.248207449913024902e+00 -1.159090399742126465e+00 1.174805402755737305e+00 -2.324713319540023804e-01 -2.160815894603729248e-01 -1.772683262825012207e-01
1.235652685165405273e+00 -1.172215223312377930e+00 1.168133974075317383e+00 -2.380205392837524414e-01 -2.157965153455734253e-01 -1.718925982713699341e-01
