1.125767707824707031e+00 -1.293525338172912598e+00 1.298464417457580566e+00 -1.940724849700927734e-01 -2.254994362592697144e-01 -1.975964009761810303e-01
1.175246834754943848e+00 -1.264805436134338379e+00 1.244659662246704102e+00 -1.995065957307815552e-01 -2.159861475229263306e-01 -2.011356949806213379e-01
1.133769631385803223e+00 -1.332388997077941895e+00 1.312603354454040527e+00 -1.813562810420989990e-01 -2.169147580862045288e-01 -2.115303874015808105e-01
1.174643039703369141e+00 -1.269796133041381836e+00 1.231895565986633301e+00 -1.872484087944030762e-01 -2.022979557514190674e-01 -2.319638431072235107e-01
1.178876042366027832e+00 -1.258227944374084473e+00 1.235276222229003906e+00 -1.957030594348907471e-01 -2.097709327936172485e-01 -2.048198729753494263e-01
1.203214287757873535e+00 -1.236796736717224121e+00 1.217942357063293457e+00 -2.014121413230895996e-01 -2.194834798574447632e-01 -2.135984897613525391e-01
1.196075320243835449e+00 -1.243795275688171387e+00 1.223660349845886230e+00 -1.965803653001785278e-01 -2.323459386825561523e-01 -2.032180130481719971e-01
1.189183235168457031e+00 -1.249835610389709473e+00 1.228943109512329102e+00 -2.038044631481170654e-01 -2.266341596841812134e-01 -1.997642964124679565e-01
1.183431148529052734e+00 -1.253599047660827637e+00 1.230501174926757812e+00 -2.013149261474609375e-01 -2.206183820962905884e-01 -2.057028114795684814e-01
1.185835599899291992e+00 -1.259202480316162109e+00 1.231908559799194336e+00 -1.955631375312805176e-01 -2.000186890363693237e-01 -2.278120368719100952e-01
1.181296586990356445e+00 -1.263785600662231445e+00 1.239632129669189453e+00 -1.986543238162994385e-01 -2.047378271818161011e-01 -2.134416997432708740e-01
