1.245557665824890137e+00 -1.317731380462646484e+00 1.204511165618896484e+00 -7.814089208841323853e-02 -2.170149981975555420e-01 -2.752454876899719238e-01
1.196717262268066406e+00 -1.236638665199279785e+00 1.216458320617675781e+00 -9.984996169805526733e-02 -2.522146105766296387e-01 -2.074661254882812500e-01
1.183517217636108398e+00 -1.270472168922424316e+00 1.257464170455932617e+00 -8.962883055210113525e-02 -2.716231942176818848e-01 -2.150224745273590088e-01
1.178737640380859375e+00 -1.257524132728576660e+00 1.236518621444702148e+00 -9.971644729375839233e-02 -2.584176063537597656e-01 -2.206201702356338501e-01
1.173931956291198730e+00 -1.271951794624328613e+00 1.246452212333679199e+00 -1.030945926904678345e-01 -2.617099881172180176e-01 -2.048715054988861084e-01
1.171675920486450195e+00 -1.285709500312805176e+00 1.263871788978576660e+00 -9.692624956369400024e-02 -2.569474577903747559e-01 -2.160107642412185669e-01
1.181490063667297363e+00 -1.256578326225280762e+00 1.233449101448059082e+00 -9.978380799293518066e-02 -2.517466247081756592e-01 -2.084485292434692383e-01
1.178115487098693848e+00 -1.266415715217590332e+00 1.246214985847473145e+00 -9.749022126197814941e-02 -2.521067857742309570e-01 -2.173417210578918457e-01
1.183039426803588867e+00 -1.257414579391479492e+00 1.232715845108032227e+00 -9.573537856340408325e-02 -2.572461664676666260e-01 -2.097025513648986816e-01
1.187410473823547363e+00 -1.249841809272766113e+00 1.228658199310302734e+00 -1.080332174897193909e-01 -2.618036866188049316e-01 -1.979718804359436035e-01
1.192788481712341309e+00 -1.246217370033264160e+00 1.226881623268127441e+00 -1.043325960636138916e-01 -2.484452724456787109e-01 -2.149000316858291626e-01
