1.282239317893981934e+00 -1.134961009025573730e+00 1.101323366165161133e+00 -1.945232450962066650e-01 -1.934959590435028076e-01 -1.652778089046478271e-01
1.257532596588134766e+00 -1.139220595359802246e+00 1.125403046607971191e+00 -1.955132931470870972e-01 -2.000899612903594971e-01 -1.592457890510559082e-01
1.242173433303833008e+00 -1.162299513816833496e+00 1.118323683738708496e+00 -1.733762323856353760e-01 -1.676154881715774536e-01 -2.158293128013610840e-01
1.332482099533081055e+00 -9.910508990287780762e-01 9.783346056938171387e-01 -2.070630937814712524e-01 -1.962420493364334106e-01 -1.331084519624710083e-01
1.341067552566528320e+00 -9.824739694595336914e-01 9.615634679794311523e-01 -2.106061428785324097e-01 -1.875813007354736328e-01 -1.409870088100433350e-01
1.268288254737854004e+00 -1.130511045455932617e+00 1.105502486228942871e+00 -1.821028292179107666e-01 -1.681293398141860962e-01 -1.986485868692398071e-01
1.240759491920471191e+00 -1.175090670585632324e+00 1.147083640098571777e+00 -1.833284199237823486e-01 -1.836044788360595703e-01 -1.965973526239395142e-01
1.263298630714416504e+00 -1.120606780052185059e+00 1.106488347053527832e+00 -1.969950795173645020e-01 -1.982238292694091797e-01 -1.629095375537872314e-01
1.251407623291015625e+00 -1.147720932960510254e+00 1.130332350730895996e+00 -1.928809732198715210e-01 -2.024559378623962402e-01 -1.609463393688201904e-01
1.249668121337890625e+00 -1.151147484779357910e+00 1.135447502136230469e+00 -1.830444484949111938e-01 -1.976658701896667480e-01 -1.703180819749832153e-01
1.237862825393676758e+00 -1.162721037864685059e+00 1.147334814071655273e+00 -1.920340210199356079e-01 -2.083682417869567871e-01 -1.683300137519836426e-01
