1.212891578674316406e+00 -1.421339631080627441e+00 1.089010715484619141e+00 -1.685376912355422974e-01 -2.792389392852783203e-01 -2.067158222198486328e-01
1.168842315673828125e+00 -1.240842700004577637e+00 1.271685719490051270e+00 -1.156866475939750671e-01 -2.356556057929992676e-01 -2.783504128456115723e-01
1.212819814682006836e+00 -1.240503787994384766e+00 1.240471243858337402e+00 -1.385485827922821045e-01 -2.519811093807220459e-01 -2.571556568145751953e-01
1.170126676559448242e+00 -1.252639174461364746e+00 1.246266722679138184e+00 -1.169118359684944153e-01 -2.320903241634368896e-01 -2.819844186305999756e-01
1.209399461746215820e+00 -1.240085721015930176e+00 1.260188460350036621e+00 -1.207101643085479736e-01 -2.589715421199798584e-01 -2.231272757053375244e-01
1.213001489639282227e+00 -1.239921212196350098e+00 1.241112589836120605e+00 -1.127647459506988525e-01 -2.585978507995605469e-01 -2.185996174812316895e-01
1.210437178611755371e+00 -1.246511578559875488e+00 1.248124837875366211e+00 -1.188365370035171509e-01 -2.508134543895721436e-01 -2.341978847980499268e-01
1.201633572578430176e+00 -1.250918269157409668e+00 1.238292694091796875e+00 -1.183299869298934937e-01 -2.564338147640228271e-01 -2.502918243408203125e-01
1.193754196166992188e+00 -1.240152478218078613e+00 1.251909732818603516e+00 -1.179973632097244263e-01 -2.498403936624526978e-01 -2.383591681718826294e-01
1.220880031585693359e+00 -1.228546977043151855e+00 1.229475617408752441e+00 -1.288984119892120361e-01 -2.651694416999816895e-01 -2.319748997688293457e-01
1.200456261634826660e+00 -1.238798379898071289e+00 1.238849997520446777e+00 -1.238117590546607971e-01 -2.553460001945495605e-01 -2.489793896675109863e-01
