1.177711486816406250e+00 -1.217583417892456055e+00 1.232321619987487793e+00 -1.706812381744384766e-01 -2.725851833820343018e-01 -1.513075828552246094e-01
1.213358521461486816e+00 -1.208764910697937012e+00 1.190899372100830078e+00 -1.673521548509597778e-01 -2.463831603527069092e-01 -2.028859257698059082e-01
1.215921759605407715e+00 -1.200397253036499023e+00 1.187578320503234863e+00 -1.542097926139831543e-01 -2.619130015373229980e-01 -1.763844788074493408e-01
1.210615754127502441e+00 -1.215219855308532715e+00 1.196374058723449707e+00 -1.627821475267410278e-01 -2.254361361265182495e-01 -2.032089531421661377e-01
1.212807416915893555e+00 -1.210766553878784180e+00 1.190893411636352539e+00 -1.653657555580139160e-01 -2.215865105390548706e-01 -2.124936133623123169e-01
1.212166309356689453e+00 -1.211393356323242188e+00 1.192637443542480469e+00 -1.746342480182647705e-01 -2.436594665050506592e-01 -2.097969204187393188e-01
1.211206436157226562e+00 -1.211623072624206543e+00 1.193064212799072266e+00 -1.677705645561218262e-01 -2.330877929925918579e-01 -1.970824003219604492e-01
1.212289810180664062e+00 -1.212019801139831543e+00 1.191371083259582520e+00 -1.580645442008972168e-01 -2.292464077472686768e-01 -2.097182869911193848e-01
1.212608456611633301e+00 -1.209787368774414062e+00 1.190825223922729492e+00 -1.626140177249908447e-01 -2.331123203039169312e-01 -2.008399367332458496e-01
1.211150050163269043e+00 -1.211700677871704102e+00 1.193979024887084961e+00 -1.685954481363296509e-01 -2.356796562671661377e-01 -1.965048164129257202e-01
1.211831212043762207e+00 -1.211727499961853027e+00 1.192001581192016602e+00 -1.657934784889221191e-01 -2.393568456172943115e-01 -2.072599530220031738e-01
