1.217152953147888184e+00 -9.203451275825500488e-01 1.271237730979919434e+00 -2.608504891395568848e-01 -2.519408464431762695e-01 -1.666667759418487549e-01
1.212732076644897461e+00 -1.213958501815795898e+00 1.204811334609985352e+00 -2.545685470104217529e-01 -2.431628704071044922e-01 -2.175349593162536621e-01
1.215461969375610352e+00 -1.210764646530151367e+00 1.199090242385864258e+00 -2.290536016225814819e-01 -2.163618206977844238e-01 -2.059365212917327881e-01
1.212429642677307129e+00 -1.209951400756835938e+00 1.200428366661071777e+00 -2.640244960784912109e-01 -2.481424212455749512e-01 -1.939415335655212402e-01
1.212012648582458496e+00 -1.212619304656982422e+00 1.203206539154052734e+00 -2.581762373447418213e-01 -2.343757003545761108e-01 -2.100724875926971436e-01
1.209618687629699707e+00 -1.214143157005310059e+00 1.204032182693481445e+00 -2.637274861335754395e-01 -2.324819266796112061e-01 -1.913576424121856689e-01
1.212010025978088379e+00 -1.214238405227661133e+00 1.213599801063537598e+00 -2.642634212970733643e-01 -2.538275122642517090e-01 -2.091366648674011230e-01
1.215030312538146973e+00 -1.210515379905700684e+00 1.205821990966796875e+00 -2.646966576576232910e-01 -2.520779967308044434e-01 -2.139062881469726562e-01
1.213940143585205078e+00 -1.210295081138610840e+00 1.203407645225524902e+00 -2.731546163558959961e-01 -2.519235610961914062e-01 -2.136120796203613281e-01
1.212425351142883301e+00 -1.212357521057128906e+00 1.203701019287109375e+00 -2.748693525791168213e-01 -2.479334622621536255e-01 -2.195644676685333252e-01
1.213435173034667969e+00 -1.210402607917785645e+00 1.203169584274291992e+00 -2.747579514980316162e-01 -2.523915767669677734e-01 -2.150840312242507935e-01
