1.182306289672851562e+00 -1.258730888366699219e+00 1.213439226150512695e+00 -2.006830871105194092e-01 -1.793238818645477295e-01 -1.939563304185867310e-01
1.196833372116088867e+00 -1.234925866127014160e+00 1.217316031455993652e+00 -2.024640738964080811e-01 -1.854858547449111938e-01 -1.838310360908508301e-01
1.191707611083984375e+00 -1.242346048355102539e+00 1.224352955818176270e+00 -2.025327384471893311e-01 -2.116675823926925659e-01 -1.790262609720230103e-01
1.168755412101745605e+00 -1.275947093963623047e+00 1.259421229362487793e+00 -1.941524446010589600e-01 -1.973693370819091797e-01 -1.957813054323196411e-01
1.188326478004455566e+00 -1.246874094009399414e+00 1.229721903800964355e+00 -1.957277357578277588e-01 -1.915978193283081055e-01 -1.879349052906036377e-01
1.187211871147155762e+00 -1.249984622001647949e+00 1.233875751495361328e+00 -2.031241208314895630e-01 -1.847806274890899658e-01 -1.844880878925323486e-01
1.193942070007324219e+00 -1.238926649093627930e+00 1.223090887069702148e+00 -2.121126651763916016e-01 -1.924888342618942261e-01 -1.862283796072006226e-01
1.206883668899536133e+00 -1.219487905502319336e+00 1.202369332313537598e+00 -2.122713178396224976e-01 -1.907074898481369019e-01 -1.815685033798217773e-01
1.207144498825073242e+00 -1.219026207923889160e+00 1.201930761337280273e+00 -2.044989913702011108e-01 -1.896882355213165283e-01 -1.743467748165130615e-01
1.202701568603515625e+00 -1.225974559783935547e+00 1.209328770637512207e+00 -2.017795890569686890e-01 -1.907134056091308594e-01 -1.777717173099517822e-01
1.204497456550598145e+00 -1.223760724067687988e+00 1.206019878387451172e+00 -2.028085887432098389e-01 -1.848919242620468140e-01 -1.799789220094680786e-01
