1.174878954887390137e+00 -1.426860809326171875e+00 1.109201073646545410e+00 -1.970820873975753784e-01 -1.424766182899475098e-01 -2.319722920656204224e-01
1.158810853958129883e+00 -1.290575265884399414e+00 1.271507978439331055e+00 -2.103075087070465088e-01 -1.770943254232406616e-01 -1.774053722620010376e-01
1.067852020263671875e+00 -1.418238162994384766e+00 1.402282476425170898e+00 -1.861618012189865112e-01 -1.936876922845840454e-01 -2.206485569477081299e-01
1.114655375480651855e+00 -1.355074405670166016e+00 1.339627385139465332e+00 -2.072398215532302856e-01 -1.862486451864242554e-01 -2.025429010391235352e-01
1.127127051353454590e+00 -1.337531328201293945e+00 1.319761395454406738e+00 -1.973215192556381226e-01 -1.800411492586135864e-01 -1.962574124336242676e-01
1.135332107543945312e+00 -1.326206207275390625e+00 1.307491183280944824e+00 -2.025239169597625732e-01 -1.637212932109832764e-01 -1.818391829729080200e-01
1.187947750091552734e+00 -1.250058650970458984e+00 1.230953097343444824e+00 -2.036421000957489014e-01 -1.679518520832061768e-01 -1.713522523641586304e-01
1.186976194381713867e+00 -1.251684069633483887e+00 1.232114911079406738e+00 -2.085094004869461060e-01 -1.715451925992965698e-01 -1.779553443193435669e-01
1.193549394607543945e+00 -1.240744948387145996e+00 1.222142696380615234e+00 -2.112210243940353394e-01 -1.729394197463989258e-01 -1.784244477748870850e-01
1.186825156211853027e+00 -1.252467751502990723e+00 1.232761025428771973e+00 -2.063473463058471680e-01 -1.750726699829101562e-01 -1.862027645111083984e-01
1.177447676658630371e+00 -1.265124797821044922e+00 1.247000336647033691e+00 -2.049029320478439331e-01 -1.692168265581130981e-01 -1.808086335659027100e-01
