1.327276945114135742e+00 -1.112496376037597656e+00 1.242407202720642090e+00 -1.307061463594436646e-01 -2.638912200927734375e-01 -1.688443124294281006e-01
1.207661390304565430e+00 -1.218752980232238770e+00 1.201648235321044922e+00 -1.329744458198547363e-01 -2.384453415870666504e-01 -2.064903229475021362e-01
1.209525823593139648e+00 -1.216212391853332520e+00 1.199226260185241699e+00 -1.315496116876602173e-01 -2.272841632366180420e-01 -1.898697167634963989e-01
1.207190990447998047e+00 -1.217856168746948242e+00 1.201286196708679199e+00 -1.419956088066101074e-01 -2.471317946910858154e-01 -1.857757270336151123e-01
1.208102345466613770e+00 -1.218543171882629395e+00 1.201911449432373047e+00 -1.188045218586921692e-01 -2.303203195333480835e-01 -2.010469883680343628e-01
1.207378149032592773e+00 -1.219249844551086426e+00 1.203442692756652832e+00 -1.245579272508621216e-01 -2.396543920040130615e-01 -1.965705305337905884e-01
1.212841510772705078e+00 -1.210892558097839355e+00 1.196598887443542480e+00 -1.305005848407745361e-01 -2.414464801549911499e-01 -1.988622546195983887e-01
1.211886286735534668e+00 -1.213089108467102051e+00 1.195775985717773438e+00 -1.296683400869369507e-01 -2.361326664686203003e-01 -2.105206251144409180e-01
1.208371758460998535e+00 -1.217959403991699219e+00 1.201007962226867676e+00 -1.342925578355789185e-01 -2.397827506065368652e-01 -2.049849927425384521e-01
1.207537770271301270e+00 -1.219598412513732910e+00 1.202418923377990723e+00 -1.341658234596252441e-01 -2.445791810750961304e-01 -2.162697315216064453e-01
1.208690643310546875e+00 -1.217042446136474609e+00 1.199817419052124023e+00 -1.343978047370910645e-01 -2.397890836000442505e-01 -2.121912539005279541e-01
