1.067561984062194824e+00 -1.144847273826599121e+00 1.260908007621765137e+00 -2.130952477455139160e-01 -2.277997881174087524e-01 -1.763907372951507568e-01
1.216744542121887207e+00 -1.201789379119873047e+00 1.183047175407409668e+00 -2.205688804388046265e-01 -2.238066196441650391e-01 -1.782685667276382446e-01
1.205449700355529785e+00 -1.220915079116821289e+00 1.203772544860839844e+00 -1.893121153116226196e-01 -2.069356441497802734e-01 -1.974661648273468018e-01
1.174022197723388672e+00 -1.264052033424377441e+00 1.249487161636352539e+00 -2.130542546510696411e-01 -2.195792943239212036e-01 -2.094071805477142334e-01
1.174414396286010742e+00 -1.258087873458862305e+00 1.244582176208496094e+00 -2.103842794895172119e-01 -2.263293266296386719e-01 -2.105127424001693726e-01
1.171468377113342285e+00 -1.268499493598937988e+00 1.252706527709960938e+00 -2.118399888277053833e-01 -2.216052412986755371e-01 -2.062837481498718262e-01
1.181870102882385254e+00 -1.258887887001037598e+00 1.239525198936462402e+00 -2.067086249589920044e-01 -2.159975916147232056e-01 -2.080462723970413208e-01
1.205308198928833008e+00 -1.220928430557250977e+00 1.204942941665649414e+00 -2.283625900745391846e-01 -2.248234599828720093e-01 -1.929978728294372559e-01
1.219496130943298340e+00 -1.199381351470947266e+00 1.179921388626098633e+00 -2.258119732141494751e-01 -2.134304344654083252e-01 -2.037703096866607666e-01
1.219146966934204102e+00 -1.199958086013793945e+00 1.182541131973266602e+00 -2.248338013887405396e-01 -2.242808938026428223e-01 -1.914230287075042725e-01
1.217784285545349121e+00 -1.201999068260192871e+00 1.184272289276123047e+00 -2.218737006187438965e-01 -2.198987603187561035e-01 -1.987323760986328125e-01
