1.019488096237182617e+00 -1.042033076286315918e+00 1.105777263641357422e+00 -2.111801803112030029e-01 -2.100939750671386719e-01 -1.278961300849914551e-01
1.219041347503662109e+00 -1.210525035858154297e+00 1.191753864288330078e+00 -1.981425136327743530e-01 -2.234147638082504272e-01 -1.585893034934997559e-01
1.231725335121154785e+00 -1.175616383552551270e+00 1.170135259628295898e+00 -1.843144595623016357e-01 -1.993587166070938110e-01 -1.610171943902969360e-01
1.212447881698608398e+00 -1.214902281761169434e+00 1.202426791191101074e+00 -1.846021562814712524e-01 -2.284109443426132202e-01 -1.762234121561050415e-01
1.215544939041137695e+00 -1.209670066833496094e+00 1.190772652626037598e+00 -1.826757043600082397e-01 -2.249092757701873779e-01 -1.790239810943603516e-01
1.212744951248168945e+00 -1.211801409721374512e+00 1.196079969406127930e+00 -1.905650794506072998e-01 -2.332316935062408447e-01 -1.601067781448364258e-01
1.212995529174804688e+00 -1.210831880569458008e+00 1.201554179191589355e+00 -1.861087083816528320e-01 -2.171190232038497925e-01 -1.712681949138641357e-01
1.211021065711975098e+00 -1.215590953826904297e+00 1.199793457984924316e+00 -1.919128596782684326e-01 -2.193155884742736816e-01 -1.541273146867752075e-01
1.216306805610656738e+00 -1.214414000511169434e+00 1.192475676536560059e+00 -1.956736743450164795e-01 -2.126161605119705200e-01 -1.630077660083770752e-01
1.213235378265380859e+00 -1.212652206420898438e+00 1.198894500732421875e+00 -1.972974836826324463e-01 -2.136031389236450195e-01 -1.591503322124481201e-01
1.215244650840759277e+00 -1.208289504051208496e+00 1.194407939910888672e+00 -1.998163014650344849e-01 -2.215633392333984375e-01 -1.619274914264678955e-01
