1.079707264900207520e+00 -1.275799393653869629e+00 1.224255681037902832e+00 -2.618349790573120117e-01 -2.206704020500183105e-01 -1.786536574363708496e-01
1.206765174865722656e+00 -1.217864394187927246e+00 1.204785823822021484e+00 -2.595809698104858398e-01 -2.106055319309234619e-01 -1.958296746015548706e-01
1.210706710815429688e+00 -1.227041602134704590e+00 1.216389775276184082e+00 -2.565790116786956787e-01 -2.137562781572341919e-01 -1.772818863391876221e-01
1.207124829292297363e+00 -1.224347233772277832e+00 1.207103013992309570e+00 -2.571330666542053223e-01 -1.938844621181488037e-01 -1.882741153240203857e-01
1.206285119056701660e+00 -1.220478653907775879e+00 1.200707674026489258e+00 -2.623812854290008545e-01 -1.931459456682205200e-01 -1.851144433021545410e-01
1.204839229583740234e+00 -1.221338629722595215e+00 1.203734040260314941e+00 -2.582756876945495605e-01 -1.977919489145278931e-01 -1.863732933998107910e-01
1.207794308662414551e+00 -1.222190499305725098e+00 1.202652096748352051e+00 -2.546198964118957520e-01 -2.053466439247131348e-01 -1.870648711919784546e-01
1.207913756370544434e+00 -1.219591498374938965e+00 1.204354047775268555e+00 -2.630158066749572754e-01 -2.099260091781616211e-01 -1.857261359691619873e-01
1.207306027412414551e+00 -1.218365192413330078e+00 1.199990034103393555e+00 -2.714742422103881836e-01 -2.098778188228607178e-01 -1.881045997142791748e-01
1.207446455955505371e+00 -1.218240976333618164e+00 1.203522086143493652e+00 -2.620127201080322266e-01 -2.141593694686889648e-01 -1.879919320344924927e-01
1.206357717514038086e+00 -1.217704653739929199e+00 1.201131701469421387e+00 -2.598896324634552002e-01 -2.160756886005401611e-01 -1.899769753217697144e-01
