1.130257248878479004e+00 -1.233775138854980469e+00 1.244259953498840332e+00 -1.542677432298660278e-01 -3.028964400291442871e-01 -2.192023992538452148e-01
1.201413989067077637e+00 -1.227012395858764648e+00 1.215136170387268066e+00 -1.551325619220733643e-01 -2.896470129489898682e-01 -2.426667958498001099e-01
1.208209991455078125e+00 -1.231292247772216797e+00 1.213007330894470215e+00 -1.625434309244155884e-01 -2.797708213329315186e-01 -2.329990267753601074e-01
1.206390857696533203e+00 -1.242940425872802734e+00 1.227459669113159180e+00 -1.510964334011077881e-01 -3.006021678447723389e-01 -2.591930329799652100e-01
1.202785015106201172e+00 -1.239893913269042969e+00 1.221576094627380371e+00 -1.393528282642364502e-01 -2.949227392673492432e-01 -2.808302342891693115e-01
1.200775027275085449e+00 -1.237975001335144043e+00 1.219539523124694824e+00 -1.495882719755172729e-01 -2.967583835124969482e-01 -2.443747222423553467e-01
1.197660446166992188e+00 -1.234944105148315430e+00 1.214957594871520996e+00 -1.440895348787307739e-01 -2.902746498584747314e-01 -2.484057992696762085e-01
1.196809053421020508e+00 -1.233092546463012695e+00 1.214081764221191406e+00 -1.379855573177337646e-01 -2.884164750576019287e-01 -2.531090974807739258e-01
1.192751288414001465e+00 -1.235934019088745117e+00 1.218427419662475586e+00 -1.480470150709152222e-01 -2.978785037994384766e-01 -2.414579689502716064e-01
1.197022438049316406e+00 -1.232386112213134766e+00 1.215603232383728027e+00 -1.532740890979766846e-01 -2.960227727890014648e-01 -2.335369884967803955e-01
1.203850150108337402e+00 -1.227063298225402832e+00 1.210852026939392090e+00 -1.509452462196350098e-01 -2.840164601802825928e-01 -2.439493834972381592e-01
