1.225650072097778320e+00 -1.256645441055297852e+00 1.154607772827148438e+00 -1.404222548007965088e-01 -1.424884349107742310e-01 -1.688289940357208252e-01
1.211490631103515625e+00 -1.212987780570983887e+00 1.195881724357604980e+00 -1.434514820575714111e-01 -1.563986688852310181e-01 -1.499219387769699097e-01
1.207487821578979492e+00 -1.205222368240356445e+00 1.192802786827087402e+00 -1.508269160985946655e-01 -1.631123274564743042e-01 -1.568863838911056519e-01
1.211210131645202637e+00 -1.211634397506713867e+00 1.191580533981323242e+00 -1.416779160499572754e-01 -1.501645445823669434e-01 -1.544808298349380493e-01
1.213729977607727051e+00 -1.207989454269409180e+00 1.190009832382202148e+00 -1.397528201341629028e-01 -1.588303595781326294e-01 -1.426542997360229492e-01
1.206616401672363281e+00 -1.217244744300842285e+00 1.200725436210632324e+00 -1.340024471282958984e-01 -1.613246649503707886e-01 -1.454505920410156250e-01
1.212670207023620605e+00 -1.214760541915893555e+00 1.194536685943603516e+00 -1.404159516096115112e-01 -1.640238612890243530e-01 -1.466259062290191650e-01
1.207011699676513672e+00 -1.210930228233337402e+00 1.190844058990478516e+00 -1.399589627981185913e-01 -1.558861881494522095e-01 -1.517979055643081665e-01
1.210368871688842773e+00 -1.216972827911376953e+00 1.196642994880676270e+00 -1.417056918144226074e-01 -1.488856822252273560e-01 -1.485530585050582886e-01
1.211412072181701660e+00 -1.212064027786254883e+00 1.196512818336486816e+00 -1.448894143104553223e-01 -1.540969312191009521e-01 -1.470057368278503418e-01
1.212771415710449219e+00 -1.212637066841125488e+00 1.191789388656616211e+00 -1.439806967973709106e-01 -1.504707783460617065e-01 -1.503122448921203613e-01
