1.226406693458557129e+00 -1.238421082496643066e+00 1.189819812774658203e+00 -2.040245980024337769e-01 -2.117492854595184326e-01 -1.985476315021514893e-01
1.226302742958068848e+00 -1.238008379936218262e+00 1.189770579338073730e+00 -2.041079550981521606e-01 -2.118028700351715088e-01 -1.984498053789138794e-01
1.226009845733642578e+00 -1.236934781074523926e+00 1.189708590507507324e+00 -2.045028805732727051e-01 -2.121686935424804688e-01 -1.982287913560867310e-01
1.225443601608276367e+00 -1.233536839485168457e+00 1.189491987228393555e+00 -2.064543962478637695e-01 -2.137846499681472778e-01 -1.971892863512039185e-01
1.222278952598571777e+00 -1.226727247238159180e+00 1.189072370529174805e+00 -2.066437900066375732e-01 -2.136241793632507324e-01 -1.972621083259582520e-01
1.219200134277343750e+00 -1.212978005409240723e+00 1.189924240112304688e+00 -2.102901786565780640e-01 -2.172066867351531982e-01 -1.940457969903945923e-01
1.213858127593994141e+00 -1.209344983100891113e+00 1.191202878952026367e+00 -2.102247923612594604e-01 -2.185242176055908203e-01 -1.930811107158660889e-01
1.214243888854980469e+00 -1.207467317581176758e+00 1.192802071571350098e+00 -2.132690399885177612e-01 -2.223661392927169800e-01 -1.915953308343887329e-01
1.213693141937255859e+00 -1.207127809524536133e+00 1.191190123558044434e+00 -2.141490876674652100e-01 -2.244512140750885010e-01 -1.921603083610534668e-01
1.213347911834716797e+00 -1.206836342811584473e+00 1.189746856689453125e+00 -2.153902649879455566e-01 -2.250784635543823242e-01 -1.938826739788055420e-01
1.213527798652648926e+00 -1.206273317337036133e+00 1.189494729042053223e+00 -2.160677909851074219e-01 -2.263998091220855713e-01 -1.941704750061035156e-01
