1.233607649803161621e+00 -1.184190392494201660e+00 1.210958719253540039e+00 -8.792671561241149902e-02 -1.906694918870925903e-01 -2.825721204280853271e-01
1.233192324638366699e+00 -1.184771895408630371e+00 1.210933804512023926e+00 -8.785451948642730713e-02 -1.911458224058151245e-01 -2.815128564834594727e-01
1.232098340988159180e+00 -1.186294913291931152e+00 1.210816621780395508e+00 -8.766210079193115234e-02 -1.924610137939453125e-01 -2.786111831665039062e-01
1.229333877563476562e+00 -1.190487861633300781e+00 1.210497736930847168e+00 -8.761098980903625488e-02 -1.960965096950531006e-01 -2.708717286586761475e-01
1.222779512405395508e+00 -1.200571298599243164e+00 1.209402084350585938e+00 -9.011869132518768311e-02 -2.042268216609954834e-01 -2.542456090450286865e-01
1.208171248435974121e+00 -1.219053387641906738e+00 1.206267714500427246e+00 -9.797603636980056763e-02 -2.222235351800918579e-01 -2.286017388105392456e-01
1.208538770675659180e+00 -1.223975419998168945e+00 1.205557942390441895e+00 -9.857328236103057861e-02 -2.225241959095001221e-01 -2.302945703268051147e-01
1.202000975608825684e+00 -1.228759646415710449e+00 1.206442356109619141e+00 -1.101089417934417725e-01 -2.361647784709930420e-01 -2.197362780570983887e-01
1.201432704925537109e+00 -1.232589364051818848e+00 1.208857893943786621e+00 -1.155813559889793396e-01 -2.419301867485046387e-01 -2.150800973176956177e-01
1.201982378959655762e+00 -1.232630729675292969e+00 1.210884809494018555e+00 -1.202638149261474609e-01 -2.449118793010711670e-01 -2.170053422451019287e-01
1.201914429664611816e+00 -1.233094811439514160e+00 1.211125016212463379e+00 -1.245344802737236023e-01 -2.464507371187210083e-01 -2.218921929597854614e-01
