1.236435055732727051e+00 -1.346628308296203613e+00 1.329353332519531250e+00 -1.366473883390426636e-01 -2.467058897018432617e-01 -1.526091247797012329e-01
1.236120462417602539e+00 -1.345388174057006836e+00 1.328191757202148438e+00 -1.368738859891891479e-01 -2.465824782848358154e-01 -1.532239466905593872e-01
1.235254764556884766e+00 -1.342067122459411621e+00 1.325117468833923340e+00 -1.371820569038391113e-01 -2.462992519140243530e-01 -1.552901864051818848e-01
1.232864141464233398e+00 -1.332579970359802246e+00 1.316518306732177734e+00 -1.376020610332489014e-01 -2.447372078895568848e-01 -1.576657295227050781e-01
1.225251674652099609e+00 -1.309366703033447266e+00 1.293467521667480469e+00 -1.359094381332397461e-01 -2.397152185440063477e-01 -1.703682541847229004e-01
1.213552832603454590e+00 -1.265849947929382324e+00 1.250474452972412109e+00 -1.397836506366729736e-01 -2.344802021980285645e-01 -1.817556917667388916e-01
1.195570826530456543e+00 -1.248314023017883301e+00 1.232264518737792969e+00 -1.493431925773620605e-01 -2.366654574871063232e-01 -1.973224282264709473e-01
1.192311286926269531e+00 -1.246689796447753906e+00 1.230113744735717773e+00 -1.474107205867767334e-01 -2.354929149150848389e-01 -2.029117196798324585e-01
1.192219138145446777e+00 -1.243807315826416016e+00 1.225496172904968262e+00 -1.482601165771484375e-01 -2.359000593423843384e-01 -2.041697204113006592e-01
1.193812847137451172e+00 -1.241504788398742676e+00 1.222756147384643555e+00 -1.487560570240020752e-01 -2.365623563528060913e-01 -2.048683315515518188e-01
1.194143414497375488e+00 -1.239614844322204590e+00 1.221648097038269043e+00 -1.499998271465301514e-01 -2.379591166973114014e-01 -2.061188817024230957e-01
