1.054911017417907715e+00 -1.080248951911926270e+00 1.114644646644592285e+00 -2.933038175106048584e-01 -1.805225163698196411e-01 -1.759560108184814453e-01
1.056591749191284180e+00 -1.081683039665222168e+00 1.115603446960449219e+00 -2.932676076889038086e-01 -1.809494197368621826e-01 -1.758890599012374878e-01
1.061190962791442871e+00 -1.085654377937316895e+00 1.118223786354064941e+00 -2.931363284587860107e-01 -1.819707453250885010e-01 -1.759819388389587402e-01
1.073563575744628906e+00 -1.096726417541503906e+00 1.125678658485412598e+00 -2.932051718235015869e-01 -1.854652911424636841e-01 -1.743039786815643311e-01
1.105457901954650879e+00 -1.123953223228454590e+00 1.143847465515136719e+00 -2.929023206233978271e-01 -1.915514469146728516e-01 -1.767024099826812744e-01
1.162790656089782715e+00 -1.170608282089233398e+00 1.174999475479125977e+00 -2.914351820945739746e-01 -2.036459743976593018e-01 -1.790397763252258301e-01
1.204358100891113281e+00 -1.199551820755004883e+00 1.187859654426574707e+00 -2.849277257919311523e-01 -1.992500275373458862e-01 -1.958797127008438110e-01
1.213258743286132812e+00 -1.207707166671752930e+00 1.193861246109008789e+00 -2.863306403160095215e-01 -2.055309116840362549e-01 -1.943634450435638428e-01
1.214684963226318359e+00 -1.207739472389221191e+00 1.195043325424194336e+00 -2.870921492576599121e-01 -2.075342535972595215e-01 -1.937602609395980835e-01
1.216083526611328125e+00 -1.208878040313720703e+00 1.194514036178588867e+00 -2.870309948921203613e-01 -2.076777517795562744e-01 -1.946606785058975220e-01
1.214117646217346191e+00 -1.209003329277038574e+00 1.194585680961608887e+00 -2.865887582302093506e-01 -2.074931263923645020e-01 -1.957045346498489380e-01
