1.104102134704589844e+00 -1.377654552459716797e+00 1.313023805618286133e+00 -2.300371080636978149e-01 -1.807406693696975708e-01 -2.625300586223602295e-01
1.156904101371765137e+00 -1.302704453468322754e+00 1.279615163803100586e+00 -2.334394752979278564e-01 -1.833953857421875000e-01 -2.359445989131927490e-01
1.109627008438110352e+00 -1.360145449638366699e+00 1.340345025062561035e+00 -2.186497300863265991e-01 -2.090208083391189575e-01 -2.259434461593627930e-01
1.144245028495788574e+00 -1.311640143394470215e+00 1.287030100822448730e+00 -2.218235135078430176e-01 -2.245177030563354492e-01 -2.048938870429992676e-01
1.113235950469970703e+00 -1.353041768074035645e+00 1.333416461944580078e+00 -2.305575013160705566e-01 -2.155942320823669434e-01 -2.206419259309768677e-01
1.177612423896789551e+00 -1.274060368537902832e+00 1.247258901596069336e+00 -2.371346950531005859e-01 -1.597628146409988403e-01 -2.646865844726562500e-01
1.147708654403686523e+00 -1.311691880226135254e+00 1.290022611618041992e+00 -2.214733660221099854e-01 -2.006318569183349609e-01 -2.300198078155517578e-01
1.165261268615722656e+00 -1.286828160285949707e+00 1.263887405395507812e+00 -2.309433817863464355e-01 -1.905022114515304565e-01 -2.140374332666397095e-01
1.168652057647705078e+00 -1.282927513122558594e+00 1.260987162590026855e+00 -2.282978594303131104e-01 -1.828365921974182129e-01 -2.216205000877380371e-01
1.167603731155395508e+00 -1.286527991294860840e+00 1.262615442276000977e+00 -2.287132591009140015e-01 -1.766207963228225708e-01 -2.299449294805526733e-01
1.168586730957031250e+00 -1.286115407943725586e+00 1.261239886283874512e+00 -2.206493169069290161e-01 -1.740506887435913086e-01 -2.355083823204040527e-01
