1.091574311256408691e+00 -1.376493096351623535e+00 1.400311112403869629e+00 -1.476050466299057007e-01 -2.919411361217498779e-01 -1.891489475965499878e-01
1.091660022735595703e+00 -1.376561880111694336e+00 1.400024414062500000e+00 -1.476295590400695801e-01 -2.918666899204254150e-01 -1.892263293266296387e-01
1.091995477676391602e+00 -1.376689195632934570e+00 1.399118900299072266e+00 -1.476983428001403809e-01 -2.916189730167388916e-01 -1.894600391387939453e-01
1.092518329620361328e+00 -1.377346158027648926e+00 1.396606445312500000e+00 -1.480039954185485840e-01 -2.911280989646911621e-01 -1.899998188018798828e-01
1.094965219497680664e+00 -1.376137971878051758e+00 1.388571858406066895e+00 -1.490414589643478394e-01 -2.894946932792663574e-01 -1.905773282051086426e-01
1.097296833992004395e+00 -1.380625724792480469e+00 1.382524847984313965e+00 -1.501941382884979248e-01 -2.883337140083312988e-01 -1.927631050348281860e-01
1.099595785140991211e+00 -1.377775430679321289e+00 1.367147922515869141e+00 -1.525413393974304199e-01 -2.841348350048065186e-01 -1.941828131675720215e-01
1.102970361709594727e+00 -1.376859068870544434e+00 1.363045930862426758e+00 -1.539900302886962891e-01 -2.825076878070831299e-01 -1.953948140144348145e-01
1.106714129447937012e+00 -1.373750805854797363e+00 1.359012842178344727e+00 -1.551842242479324341e-01 -2.804396748542785645e-01 -1.968688368797302246e-01
1.110627532005310059e+00 -1.365535974502563477e+00 1.348394274711608887e+00 -1.582463979721069336e-01 -2.784153521060943604e-01 -1.960489153861999512e-01
1.116335630416870117e+00 -1.359903097152709961e+00 1.347669959068298340e+00 -1.595780849456787109e-01 -2.777229845523834229e-01 -1.958215832710266113e-01
