1.153940081596374512e+00 -1.166162490844726562e+00 1.277854561805725098e+00 -2.567398548126220703e-01 -2.012850344181060791e-01 -4.006914049386978149e-02
1.154676437377929688e+00 -1.166641712188720703e+00 1.276839137077331543e+00 -2.566087245941162109e-01 -2.008528560400009155e-01 -4.074302315711975098e-02
1.156478404998779297e+00 -1.168310880661010742e+00 1.274287223815917969e+00 -2.562607526779174805e-01 -1.996760070323944092e-01 -4.260556399822235107e-02
1.161817073822021484e+00 -1.170753598213195801e+00 1.265834569931030273e+00 -2.558155059814453125e-01 -1.970365047454833984e-01 -4.600580781698226929e-02
1.176550030708312988e+00 -1.183235645294189453e+00 1.247725605964660645e+00 -2.519378364086151123e-01 -1.864092946052551270e-01 -6.377090513706207275e-02
1.195262193679809570e+00 -1.195587158203125000e+00 1.218365669250488281e+00 -2.534431815147399902e-01 -1.827292442321777344e-01 -6.817971915006637573e-02
1.214056134223937988e+00 -1.211097359657287598e+00 1.198110222816467285e+00 -2.496164888143539429e-01 -1.693980693817138672e-01 -8.942692726850509644e-02
1.216849207878112793e+00 -1.209926128387451172e+00 1.195923328399658203e+00 -2.505280673503875732e-01 -1.655035316944122314e-01 -9.374436736106872559e-02
1.222643971443176270e+00 -1.211771011352539062e+00 1.194971323013305664e+00 -2.489709854125976562e-01 -1.571162343025207520e-01 -1.064648628234863281e-01
1.218196034431457520e+00 -1.208046078681945801e+00 1.191834926605224609e+00 -2.496881932020187378e-01 -1.529234945774078369e-01 -1.107654273509979248e-01
1.219766139984130859e+00 -1.207036256790161133e+00 1.191548585891723633e+00 -2.508557438850402832e-01 -1.512734293937683105e-01 -1.130982115864753723e-01
