1.160944700241088867e+00 -1.364512681961059570e+00 1.052623510360717773e+00 -2.020702511072158813e-01 -1.385582834482192993e-01 -1.223191320896148682e-01
1.161357522010803223e+00 -1.363215804100036621e+00 1.054296255111694336e+00 -2.018920779228210449e-01 -1.384669840335845947e-01 -1.226394623517990112e-01
1.162238240242004395e+00 -1.360260248184204102e+00 1.060066819190979004e+00 -2.011969536542892456e-01 -1.378265023231506348e-01 -1.242510527372360229e-01
1.165776610374450684e+00 -1.349363327026367188e+00 1.071695566177368164e+00 -1.998859494924545288e-01 -1.369011998176574707e-01 -1.266939193010330200e-01
1.173636198043823242e+00 -1.323937296867370605e+00 1.107109427452087402e+00 -1.964153498411178589e-01 -1.357548832893371582e-01 -1.331535577774047852e-01
1.180193543434143066e+00 -1.286061286926269531e+00 1.172872304916381836e+00 -1.907624453306198120e-01 -1.381796449422836304e-01 -1.403222829103469849e-01
1.195245385169982910e+00 -1.245832085609436035e+00 1.200379490852355957e+00 -1.923949420452117920e-01 -1.451167911291122437e-01 -1.334912180900573730e-01
1.197111487388610840e+00 -1.237670302391052246e+00 1.214594960212707520e+00 -1.930073797702789307e-01 -1.465688496828079224e-01 -1.330327391624450684e-01
1.197742462158203125e+00 -1.238924384117126465e+00 1.219301462173461914e+00 -1.932214945554733276e-01 -1.456635594367980957e-01 -1.355048716068267822e-01
1.195105075836181641e+00 -1.240229845046997070e+00 1.220135569572448730e+00 -1.938205808401107788e-01 -1.448784023523330688e-01 -1.369434893131256104e-01
1.196121335029602051e+00 -1.241327285766601562e+00 1.222815990447998047e+00 -1.948027163743972778e-01 -1.454899460077285767e-01 -1.372486650943756104e-01
