1.200612306594848633e+00 -1.231258153915405273e+00 1.198458075523376465e+00 -2.264816313982009888e-01 -2.219276279211044312e-01 -2.119938731193542480e-01
1.201373338699340820e+00 -1.229338169097900391e+00 1.200026035308837891e+00 -2.261885255575180054e-01 -2.197237461805343628e-01 -2.099086642265319824e-01
1.201735854148864746e+00 -1.228627562522888184e+00 1.200881958007812500e+00 -2.252619862556457520e-01 -2.180277556180953979e-01 -2.102631032466888428e-01
1.201806902885437012e+00 -1.229085922241210938e+00 1.200642704963684082e+00 -2.248181253671646118e-01 -2.168947011232376099e-01 -2.104712873697280884e-01
1.201304554939270020e+00 -1.228890657424926758e+00 1.200535178184509277e+00 -2.249246090650558472e-01 -2.159058451652526855e-01 -2.096667885780334473e-01
1.201596140861511230e+00 -1.228754878044128418e+00 1.200955152511596680e+00 -2.256694436073303223e-01 -2.152211815118789673e-01 -2.079755663871765137e-01
1.201912641525268555e+00 -1.229322910308837891e+00 1.200732231140136719e+00 -2.258293479681015015e-01 -2.135284841060638428e-01 -2.074161022901535034e-01
1.201871991157531738e+00 -1.228544235229492188e+00 1.201143383979797363e+00 -2.254163473844528198e-01 -2.131192088127136230e-01 -2.076431512832641602e-01
1.201877713203430176e+00 -1.229501366615295410e+00 1.200590491294860840e+00 -2.259034663438796997e-01 -2.124363780021667480e-01 -2.078482508659362793e-01
1.201641440391540527e+00 -1.228771209716796875e+00 1.200899124145507812e+00 -2.253371030092239380e-01 -2.117515206336975098e-01 -2.081927657127380371e-01
