1.216049075126647949e+00 -1.227518916130065918e+00 1.205580353736877441e+00 -3.066914379596710205e-01 -1.571338176727294922e-01 -1.668331623077392578e-01
1.214819431304931641e+00 -1.227986574172973633e+00 1.207224249839782715e+00 -3.071884512901306152e-01 -1.554635167121887207e-01 -1.655298918485641479e-01
1.213781118392944336e+00 -1.228365302085876465e+00 1.208223342895507812e+00 -3.067094683647155762e-01 -1.519185900688171387e-01 -1.664972603321075439e-01
1.213310599327087402e+00 -1.229460239410400391e+00 1.208865046501159668e+00 -3.056758344173431396e-01 -1.509977877140045166e-01 -1.662606596946716309e-01
1.213041186332702637e+00 -1.229815959930419922e+00 1.210205912590026855e+00 -3.061006069183349609e-01 -1.502828299999237061e-01 -1.645967513322830200e-01
1.212023854255676270e+00 -1.230538725852966309e+00 1.210599064826965332e+00 -3.055916726589202881e-01 -1.480070203542709351e-01 -1.642074584960937500e-01
1.211410522460937500e+00 -1.231559276580810547e+00 1.210820436477661133e+00 -3.049596846103668213e-01 -1.463685929775238037e-01 -1.643726527690887451e-01
1.210954904556274414e+00 -1.232020020484924316e+00 1.211255431175231934e+00 -3.049285411834716797e-01 -1.446542441844940186e-01 -1.626106947660446167e-01
1.210563063621520996e+00 -1.232549667358398438e+00 1.211953520774841309e+00 -3.046998381614685059e-01 -1.435115933418273926e-01 -1.609705686569213867e-01
1.210183024406433105e+00 -1.233002305030822754e+00 1.212402939796447754e+00 -3.042065799236297607e-01 -1.405062824487686157e-01 -1.598078906536102295e-01
