1.207258343696594238e+00 -1.227314710617065430e+00 1.194841861724853516e+00 -2.391138225793838501e-01 -2.046809345483779907e-01 -1.608960330486297607e-01
1.210800647735595703e+00 -1.223970532417297363e+00 1.198557615280151367e+00 -2.397637218236923218e-01 -1.918447762727737427e-01 -1.680644899606704712e-01
1.211924552917480469e+00 -1.223471760749816895e+00 1.198750495910644531e+00 -2.401855885982513428e-01 -1.845717579126358032e-01 -1.693722903728485107e-01
1.212226867675781250e+00 -1.223307728767395020e+00 1.198721766471862793e+00 -2.412366718053817749e-01 -1.804638057947158813e-01 -1.695480942726135254e-01
1.212281703948974609e+00 -1.223177075386047363e+00 1.198706150054931641e+00 -2.417303025722503662e-01 -1.779003143310546875e-01 -1.694996803998947144e-01
1.212370634078979492e+00 -1.223136544227600098e+00 1.198683023452758789e+00 -2.425875216722488403e-01 -1.772483587265014648e-01 -1.680951118469238281e-01
1.212348461151123047e+00 -1.222868323326110840e+00 1.198668122291564941e+00 -2.433702945709228516e-01 -1.753264963626861572e-01 -1.671271771192550659e-01
1.212643146514892578e+00 -1.222590565681457520e+00 1.198984265327453613e+00 -2.441804111003875732e-01 -1.733535081148147583e-01 -1.660690605640411377e-01
1.212342858314514160e+00 -1.223053216934204102e+00 1.198258280754089355e+00 -2.451146692037582397e-01 -1.720388531684875488e-01 -1.654349863529205322e-01
1.212409496307373047e+00 -1.222772002220153809e+00 1.198254823684692383e+00 -2.458485364913940430e-01 -1.699327379465103149e-01 -1.644090563058853149e-01
