1.218574523925781250e+00 -1.220362186431884766e+00 1.203352093696594238e+00 -2.167070060968399048e-01 -2.153767645359039307e-01 -1.900366246700286865e-01
1.214938044548034668e+00 -1.220407605171203613e+00 1.202472329139709473e+00 -2.191160470247268677e-01 -2.098054587841033936e-01 -1.875239014625549316e-01
1.214124917984008789e+00 -1.220342040061950684e+00 1.203368425369262695e+00 -2.212374061346054077e-01 -2.088823467493057251e-01 -1.850474029779434204e-01
1.214378356933593750e+00 -1.221646785736083984e+00 1.203895092010498047e+00 -2.239598631858825684e-01 -2.060447484254837036e-01 -1.826606094837188721e-01
1.214262127876281738e+00 -1.221273541450500488e+00 1.205205082893371582e+00 -2.276890128850936890e-01 -2.038292884826660156e-01 -1.804426908493041992e-01
1.213867306709289551e+00 -1.222336888313293457e+00 1.204692482948303223e+00 -2.295784503221511841e-01 -2.022538036108016968e-01 -1.784962862730026245e-01
1.213213682174682617e+00 -1.222025632858276367e+00 1.205116748809814453e+00 -2.332203388214111328e-01 -2.020049095153808594e-01 -1.792636662721633911e-01
1.213480353355407715e+00 -1.222479581832885742e+00 1.205511331558227539e+00 -2.349428832530975342e-01 -2.005241960287094116e-01 -1.765378713607788086e-01
1.213307857513427734e+00 -1.222929477691650391e+00 1.205226302146911621e+00 -2.358262985944747925e-01 -1.952146291732788086e-01 -1.749076843261718750e-01
1.213377475738525391e+00 -1.222786664962768555e+00 1.205906987190246582e+00 -2.364480644464492798e-01 -1.932401955127716064e-01 -1.739053279161453247e-01
