1.196566104888916016e+00 -1.244417667388916016e+00 1.209626197814941406e+00 -2.359172403812408447e-01 -2.361758351325988770e-01 -1.937402933835983276e-01
1.210585713386535645e+00 -1.227339982986450195e+00 1.209812879562377930e+00 -2.396283596754074097e-01 -2.224888652563095093e-01 -1.976613253355026245e-01
1.210493326187133789e+00 -1.226436376571655273e+00 1.208588838577270508e+00 -2.427639514207839966e-01 -2.196011245250701904e-01 -1.928167790174484253e-01
1.210773229598999023e+00 -1.225777268409729004e+00 1.208063602447509766e+00 -2.448901087045669556e-01 -2.167772948741912842e-01 -1.914479136466979980e-01
1.211296796798706055e+00 -1.224697589874267578e+00 1.207332134246826172e+00 -2.482644468545913696e-01 -2.144015133380889893e-01 -1.878323704004287720e-01
1.212121248245239258e+00 -1.224086046218872070e+00 1.206661581993103027e+00 -2.496170401573181152e-01 -2.118173837661743164e-01 -1.864389330148696899e-01
1.212198019027709961e+00 -1.223553419113159180e+00 1.206380367279052734e+00 -2.510438859462738037e-01 -2.077455669641494751e-01 -1.849783807992935181e-01
1.212561368942260742e+00 -1.223380446434020996e+00 1.205692052841186523e+00 -2.522258460521697998e-01 -2.041797935962677002e-01 -1.852118521928787231e-01
1.212395906448364258e+00 -1.222772359848022461e+00 1.205715894699096680e+00 -2.555237710475921631e-01 -1.996578276157379150e-01 -1.816893965005874634e-01
1.213108539581298828e+00 -1.222871541976928711e+00 1.205312132835388184e+00 -2.574258744716644287e-01 -1.961666494607925415e-01 -1.807213723659515381e-01
