1.224771618843078613e+00 -1.207736849784851074e+00 1.192576885223388672e+00 -1.744917035102844238e-01 -1.807231754064559937e-01 -1.795625835657119751e-01
1.223403811454772949e+00 -1.208218574523925781e+00 1.195061922073364258e+00 -1.799391061067581177e-01 -1.815488636493682861e-01 -1.736865490674972534e-01
1.222369194030761719e+00 -1.209386229515075684e+00 1.195776462554931641e+00 -1.852714866399765015e-01 -1.827421188354492188e-01 -1.696670353412628174e-01
1.222048163414001465e+00 -1.209923148155212402e+00 1.196669816970825195e+00 -1.921004056930541992e-01 -1.846269369125366211e-01 -1.689611673355102539e-01
1.221456289291381836e+00 -1.210242629051208496e+00 1.197233796119689941e+00 -1.988703310489654541e-01 -1.823974847793579102e-01 -1.675317138433456421e-01
1.220453858375549316e+00 -1.211115360260009766e+00 1.197037458419799805e+00 -2.025134563446044922e-01 -1.815434098243713379e-01 -1.638974547386169434e-01
1.220158576965332031e+00 -1.211570262908935547e+00 1.197657942771911621e+00 -2.068926393985748291e-01 -1.791727393865585327e-01 -1.616694927215576172e-01
1.219593048095703125e+00 -1.212509393692016602e+00 1.197823047637939453e+00 -2.092078924179077148e-01 -1.776638329029083252e-01 -1.606752574443817139e-01
1.220156431198120117e+00 -1.211988568305969238e+00 1.199541091918945312e+00 -2.140100598335266113e-01 -1.773586571216583252e-01 -1.585244387388229370e-01
1.219457507133483887e+00 -1.212454199790954590e+00 1.199597001075744629e+00 -2.177162170410156250e-01 -1.727364659309387207e-01 -1.553353965282440186e-01
