1.248267412185668945e+00 -1.217960238456726074e+00 1.229706287384033203e+00 -1.681116223335266113e-01 -2.353701293468475342e-01 -2.201013118028640747e-01
1.245680212974548340e+00 -1.218948721885681152e+00 1.228120446205139160e+00 -1.763445138931274414e-01 -2.313325554132461548e-01 -2.191272825002670288e-01
1.243514776229858398e+00 -1.219407200813293457e+00 1.226788520812988281e+00 -1.800983250141143799e-01 -2.282177209854125977e-01 -2.142200171947479248e-01
1.244277596473693848e+00 -1.220028519630432129e+00 1.227007150650024414e+00 -1.830051988363265991e-01 -2.251510620117187500e-01 -2.139596492052078247e-01
1.243296146392822266e+00 -1.220594048500061035e+00 1.226493239402770996e+00 -1.894218176603317261e-01 -2.222052812576293945e-01 -2.117429673671722412e-01
1.243686199188232422e+00 -1.220032453536987305e+00 1.227725028991699219e+00 -1.948995441198348999e-01 -2.223913371562957764e-01 -2.056119143962860107e-01
1.243132829666137695e+00 -1.220255732536315918e+00 1.227624058723449707e+00 -2.029488086700439453e-01 -2.191880196332931519e-01 -2.056465148925781250e-01
1.243725538253784180e+00 -1.220204591751098633e+00 1.228136301040649414e+00 -2.101217061281204224e-01 -2.163079082965850830e-01 -2.008335888385772705e-01
1.243170619010925293e+00 -1.220467686653137207e+00 1.228032231330871582e+00 -2.121810615062713623e-01 -2.096659243106842041e-01 -2.016147971153259277e-01
1.243325114250183105e+00 -1.220586776733398438e+00 1.228260159492492676e+00 -2.178687453269958496e-01 -2.088401913642883301e-01 -2.012774348258972168e-01
