1.183070659637451172e+00 -1.257102370262145996e+00 1.249088048934936523e+00 -1.571317166090011597e-01 -2.344842702150344849e-01 -2.020377665758132935e-01
1.123971939086914062e+00 -1.227736711502075195e+00 1.358298182487487793e+00 -1.401705890893936157e-01 -2.358234822750091553e-01 -2.242449820041656494e-01
1.126362085342407227e+00 -1.131805539131164551e+00 1.431686878204345703e+00 -1.472375988960266113e-01 -2.574702203273773193e-01 -2.198042273521423340e-01
1.192620277404785156e+00 -1.074251651763916016e+00 1.455877423286437988e+00 -1.689849048852920532e-01 -2.775450944900512695e-01 -2.032002210617065430e-01
1.235026955604553223e+00 -1.066898941993713379e+00 1.405055403709411621e+00 -1.936956495046615601e-01 -2.830487489700317383e-01 -1.976861059665679932e-01
1.276152968406677246e+00 -1.090756297111511230e+00 1.333516120910644531e+00 -2.198897302150726318e-01 -2.849911749362945557e-01 -1.829566210508346558e-01
1.274918913841247559e+00 -1.148976802825927734e+00 1.281204700469970703e+00 -2.427125126123428345e-01 -2.894136905670166016e-01 -1.679734587669372559e-01
1.235900163650512695e+00 -1.185837030410766602e+00 1.260952949523925781e+00 -2.446610182523727417e-01 -2.804155349731445312e-01 -1.727770119905471802e-01
1.220238208770751953e+00 -1.179579138755798340e+00 1.274693369865417480e+00 -2.459187656641006470e-01 -2.819635272026062012e-01 -1.670569330453872681e-01
1.219475746154785156e+00 -1.175453782081604004e+00 1.296582698822021484e+00 -2.406145632266998291e-01 -2.814237177371978760e-01 -1.653363108634948730e-01
