1.201409697532653809e+00 -1.229343533515930176e+00 1.217463731765747070e+00 -2.135206162929534912e-01 -2.134696096181869507e-01 -2.030618637800216675e-01
1.332884669303894043e+00 -1.191635847091674805e+00 1.097881555557250977e+00 -2.452926188707351685e-01 -2.215258330106735229e-01 -1.716766953468322754e-01
1.368562936782836914e+00 -1.291358828544616699e+00 9.362771511077880859e-01 -2.729740142822265625e-01 -2.191883623600006104e-01 -1.402644813060760498e-01
1.246660351753234863e+00 -1.426029086112976074e+00 8.887968659400939941e-01 -2.827149629592895508e-01 -2.054996043443679810e-01 -1.575638055801391602e-01
1.120376110076904297e+00 -1.470257282257080078e+00 1.000811457633972168e+00 -2.666716277599334717e-01 -2.051098048686981201e-01 -1.687436103820800781e-01
1.072657823562622070e+00 -1.393248438835144043e+00 1.172294616699218750e+00 -2.379158139228820801e-01 -1.976507455110549927e-01 -1.932256817817687988e-01
1.165201306343078613e+00 -1.235208630561828613e+00 1.227254152297973633e+00 -2.401111274957656860e-01 -2.106681019067764282e-01 -1.797252893447875977e-01
1.314341306686401367e+00 -1.194206595420837402e+00 1.148399829864501953e+00 -2.596569955348968506e-01 -2.104760408401489258e-01 -1.608483493328094482e-01
1.366768717765808105e+00 -1.248619556427001953e+00 9.809998869895935059e-01 -2.839942276477813721e-01 -2.070855200290679932e-01 -1.268105804920196533e-01
1.292498946189880371e+00 -1.403266668319702148e+00 9.147620201110839844e-01 -2.911492288112640381e-01 -1.994738727807998657e-01 -1.268443316221237183e-01
