1.150069952011108398e+00 -1.301877975463867188e+00 1.283666610717773438e+00 -2.427986860275268555e-01 -2.150250673294067383e-01 -2.027610838413238525e-01
1.157051801681518555e+00 -1.312278151512145996e+00 1.254967808723449707e+00 -2.499725520610809326e-01 -2.174361199140548706e-01 -1.919410973787307739e-01
1.156828403472900391e+00 -1.321714043617248535e+00 1.232914447784423828e+00 -2.534240484237670898e-01 -2.132050096988677979e-01 -1.937124431133270264e-01
1.155877351760864258e+00 -1.330213427543640137e+00 1.215868711471557617e+00 -2.552074790000915527e-01 -2.109140157699584961e-01 -1.915183663368225098e-01
1.153392672538757324e+00 -1.338612079620361328e+00 1.204308271408081055e+00 -2.547841370105743408e-01 -2.094933092594146729e-01 -1.874535083770751953e-01
1.148469328880310059e+00 -1.343525648117065430e+00 1.199225306510925293e+00 -2.546519041061401367e-01 -2.066978216171264648e-01 -1.889311373233795166e-01
1.147911667823791504e+00 -1.340030550956726074e+00 1.200552582740783691e+00 -2.535319030284881592e-01 -2.050153762102127075e-01 -1.863071471452713013e-01
1.148137807846069336e+00 -1.343838930130004883e+00 1.201258659362792969e+00 -2.535758018493652344e-01 -2.047334313392639160e-01 -1.859476715326309204e-01
1.142614126205444336e+00 -1.343724608421325684e+00 1.201874136924743652e+00 -2.519516944885253906e-01 -2.024202048778533936e-01 -1.847180426120758057e-01
1.146220088005065918e+00 -1.338378667831420898e+00 1.204619526863098145e+00 -2.521164119243621826e-01 -2.005055546760559082e-01 -1.857614517211914062e-01
