1.183234214782714844e+00 -1.257188320159912109e+00 1.245803236961364746e+00 -2.035908997058868408e-01 -2.897086143493652344e-01 -2.669763267040252686e-01
1.202315926551818848e+00 -1.320224285125732422e+00 1.160118103027343750e+00 -2.320612519979476929e-01 -2.962096333503723145e-01 -2.427159249782562256e-01
1.135332703590393066e+00 -1.401970624923706055e+00 1.135817408561706543e+00 -2.357962578535079956e-01 -2.856650948524475098e-01 -2.546607255935668945e-01
1.047308683395385742e+00 -1.417273521423339844e+00 1.187950968742370605e+00 -2.207933664321899414e-01 -2.795183360576629639e-01 -2.635463774204254150e-01
1.017621278762817383e+00 -1.385785698890686035e+00 1.293321967124938965e+00 -2.023601233959197998e-01 -2.850071787834167480e-01 -2.708858847618103027e-01
1.036871194839477539e+00 -1.301862597465515137e+00 1.344734072685241699e+00 -2.016576230525970459e-01 -2.902433872222900391e-01 -2.615331411361694336e-01
1.112492799758911133e+00 -1.270756602287292480e+00 1.357960224151611328e+00 -2.119070589542388916e-01 -2.981071770191192627e-01 -2.518144249916076660e-01
1.139150381088256836e+00 -1.277286767959594727e+00 1.299729824066162109e+00 -2.232804298400878906e-01 -2.910545766353607178e-01 -2.472519278526306152e-01
1.156989097595214844e+00 -1.302219867706298828e+00 1.243122339248657227e+00 -2.328458130359649658e-01 -2.839814126491546631e-01 -2.395334243774414062e-01
1.138329029083251953e+00 -1.347885370254516602e+00 1.212485671043395996e+00 -2.381016314029693604e-01 -2.811110019683837891e-01 -2.320307493209838867e-01
