1.205805420875549316e+00 -1.224217176437377930e+00 1.208411574363708496e+00 -2.771354317665100098e-01 -2.122875154018402100e-01 -1.975967735052108765e-01
1.204078316688537598e+00 -1.137827634811401367e+00 1.219247817993164062e+00 -2.776823937892913818e-01 -2.102344036102294922e-01 -2.038355171680450439e-01
1.287733435630798340e+00 -1.123452305793762207e+00 1.221259832382202148e+00 -2.852434813976287842e-01 -2.223153561353683472e-01 -1.818909645080566406e-01
1.288254380226135254e+00 -1.138618350028991699e+00 1.144569516181945801e+00 -2.910311222076416016e-01 -2.074964344501495361e-01 -1.854994297027587891e-01
1.298639535903930664e+00 -1.176076412200927734e+00 1.112236618995666504e+00 -2.984915375709533691e-01 -2.095554172992706299e-01 -1.684119850397109985e-01
1.266653537750244141e+00 -1.194677710533142090e+00 1.088956952095031738e+00 -2.975509464740753174e-01 -1.968317478895187378e-01 -1.714455038309097290e-01
1.266682267189025879e+00 -1.192219853401184082e+00 1.092788815498352051e+00 -2.957179546356201172e-01 -1.945063769817352295e-01 -1.727547943592071533e-01
1.267491102218627930e+00 -1.191350698471069336e+00 1.094487905502319336e+00 -2.943198084831237793e-01 -1.907490491867065430e-01 -1.721277981996536255e-01
1.268114566802978516e+00 -1.190246582031250000e+00 1.094824671745300293e+00 -2.920252680778503418e-01 -1.866521537303924561e-01 -1.723415851593017578e-01
1.270039319992065430e+00 -1.190721154212951660e+00 1.095381617546081543e+00 -2.906705737113952637e-01 -1.822152882814407349e-01 -1.730771511793136597e-01
