1.223881244659423828e+00 -1.199264168739318848e+00 1.178480386734008789e+00 -1.833049356937408447e-01 -2.432274520397186279e-01 -1.953691393136978149e-01
1.285594940185546875e+00 -1.216585516929626465e+00 1.192487597465515137e+00 -1.903508752584457397e-01 -2.560728788375854492e-01 -1.852333098649978638e-01
1.247068285942077637e+00 -1.230638861656188965e+00 1.170144081115722656e+00 -1.981241106986999512e-01 -2.551270723342895508e-01 -1.779996156692504883e-01
1.255861878395080566e+00 -1.225877046585083008e+00 1.172020316123962402e+00 -1.975832730531692505e-01 -2.522407174110412598e-01 -1.807744801044464111e-01
1.257609486579895020e+00 -1.228615045547485352e+00 1.165637850761413574e+00 -1.975107491016387939e-01 -2.502571642398834229e-01 -1.820961534976959229e-01
1.257489442825317383e+00 -1.228942036628723145e+00 1.160799145698547363e+00 -1.980167627334594727e-01 -2.464666515588760376e-01 -1.847168505191802979e-01
1.260503530502319336e+00 -1.229705810546875000e+00 1.157421469688415527e+00 -1.983877569437026978e-01 -2.457190304994583130e-01 -1.838712245225906372e-01
1.260802984237670898e+00 -1.232794761657714844e+00 1.154402017593383789e+00 -1.989428102970123291e-01 -2.445153445005416870e-01 -1.841957420110702515e-01
1.257076621055603027e+00 -1.233297586441040039e+00 1.148114681243896484e+00 -1.991432607173919678e-01 -2.428619563579559326e-01 -1.835323721170425415e-01
1.260227560997009277e+00 -1.234545588493347168e+00 1.146036267280578613e+00 -1.997965276241302490e-01 -2.415690720081329346e-01 -1.832075566053390503e-01
