1.212105154991149902e+00 -1.215716361999511719e+00 1.199921369552612305e+00 -2.760516703128814697e-01 -1.966862976551055908e-01 -2.048598229885101318e-01
1.212347626686096191e+00 -1.215292811393737793e+00 1.198386192321777344e+00 -2.759659886360168457e-01 -1.971850097179412842e-01 -2.003402709960937500e-01
1.214511871337890625e+00 -1.213645935058593750e+00 1.198754310607910156e+00 -2.770187258720397949e-01 -1.950607895851135254e-01 -1.995684802532196045e-01
1.214368224143981934e+00 -1.214455842971801758e+00 1.196490764617919922e+00 -2.771887779235839844e-01 -1.934684514999389648e-01 -1.969776451587677002e-01
1.215487480163574219e+00 -1.215269446372985840e+00 1.195191025733947754e+00 -2.775477170944213867e-01 -1.908664107322692871e-01 -1.953026950359344482e-01
1.214699745178222656e+00 -1.216469049453735352e+00 1.195123195648193359e+00 -2.785755991935729980e-01 -1.891836524009704590e-01 -1.927579343318939209e-01
1.214549660682678223e+00 -1.212530851364135742e+00 1.192123770713806152e+00 -2.791418433189392090e-01 -1.872178465127944946e-01 -1.925889402627944946e-01
1.219357371330261230e+00 -1.216939568519592285e+00 1.189354658126831055e+00 -2.774228453636169434e-01 -1.858517825603485107e-01 -1.877170950174331665e-01
1.216930389404296875e+00 -1.216109514236450195e+00 1.185581922531127930e+00 -2.780257761478424072e-01 -1.828003823757171631e-01 -1.876202821731567383e-01
1.217767596244812012e+00 -1.220715880393981934e+00 1.184215664863586426e+00 -2.767598927021026611e-01 -1.811354458332061768e-01 -1.858881264925003052e-01
