1.210184216499328613e+00 -1.213364362716674805e+00 1.197464466094970703e+00 -2.292266190052032471e-01 -2.213565409183502197e-01 -1.914648413658142090e-01
1.370536804199218750e+00 -1.186452627182006836e+00 1.109696030616760254e+00 -2.358988225460052490e-01 -2.126826047897338867e-01 -1.798094958066940308e-01
1.382648468017578125e+00 -1.255909681320190430e+00 9.390882253646850586e-01 -2.600997984409332275e-01 -1.991688162088394165e-01 -1.751721948385238647e-01
1.294569134712219238e+00 -1.429882764816284180e+00 9.170464873313903809e-01 -2.728837728500366211e-01 -2.108603119850158691e-01 -1.892215758562088013e-01
1.122137308120727539e+00 -1.445209741592407227e+00 1.003950953483581543e+00 -2.860531806945800781e-01 -2.155754417181015015e-01 -2.080280333757400513e-01
1.113239049911499023e+00 -1.387259840965270996e+00 1.193418860435485840e+00 -2.524127364158630371e-01 -2.657175064086914062e-01 -2.356340587139129639e-01
1.193889021873474121e+00 -1.192100167274475098e+00 1.212251782417297363e+00 -2.580740749835968018e-01 -2.779506146907806396e-01 -2.237332463264465332e-01
1.391983032226562500e+00 -1.175153493881225586e+00 1.120624899864196777e+00 -2.834032177925109863e-01 -2.920236289501190186e-01 -1.783215403556823730e-01
1.392282366752624512e+00 -1.242608785629272461e+00 9.189609289169311523e-01 -3.097465634346008301e-01 -2.617752850055694580e-01 -1.746940910816192627e-01
1.304263949394226074e+00 -1.445970177650451660e+00 8.999958634376525879e-01 -3.273159563541412354e-01 -2.848118841648101807e-01 -1.860381513833999634e-01
