1.207614064216613770e+00 -1.215174674987792969e+00 1.200394630432128906e+00 -2.052339315414428711e-01 -2.026986926794052124e-01 -2.012223750352859497e-01
1.125315427780151367e+00 -1.509622216224670410e+00 1.154408931732177734e+00 -2.037730515003204346e-01 -2.186955213546752930e-01 -2.074060142040252686e-01
7.996408343315124512e-01 -1.531503438949584961e+00 1.184481501579284668e+00 -2.557016611099243164e-01 -2.287532985210418701e-01 -3.263003826141357422e-01
6.899113655090332031e-01 -1.494460701942443848e+00 1.504367709159851074e+00 -2.043304145336151123e-01 -3.332009017467498779e-01 -2.504984140396118164e-01
7.563654780387878418e-01 -1.127412319183349609e+00 1.544995307922363281e+00 -1.987686157226562500e-01 -2.876986265182495117e-01 -2.911335527896881104e-01
1.161052346229553223e+00 -1.087083935737609863e+00 1.556979537010192871e+00 -2.536186873912811279e-01 -3.148076832294464111e-01 -2.025723159313201904e-01
1.260032653808593750e+00 -1.137045502662658691e+00 1.190555810928344727e+00 -3.357361555099487305e-01 -2.894961237907409668e-01 -1.580280065536499023e-01
1.200644493103027344e+00 -1.534722208976745605e+00 1.116679549217224121e+00 -3.267773389816284180e-01 -2.705919146537780762e-01 -2.015790939331054688e-01
8.078494668006896973e-01 -1.536137342453002930e+00 1.109657526016235352e+00 -2.630688250064849854e-01 -1.280974745750427246e-01 -1.812701523303985596e-01
6.808559298515319824e-01 -1.552915692329406738e+00 1.497249603271484375e+00 -2.298847287893295288e-01 -1.647290587425231934e-01 -2.005316466093063354e-01
