1.210114598274230957e+00 -1.212645053863525391e+00 1.212382912635803223e+00 -2.280735373497009277e-01 -2.558736205101013184e-01 -1.876037418842315674e-01
1.218356847763061523e+00 -1.203789114952087402e+00 1.217239141464233398e+00 -2.370882481336593628e-01 -2.741318941116333008e-01 -1.762790232896804810e-01
1.225394368171691895e+00 -1.199100971221923828e+00 1.212024807929992676e+00 -2.420291900634765625e-01 -2.825951874256134033e-01 -1.719662249088287354e-01
1.232322096824645996e+00 -1.201247930526733398e+00 1.201763749122619629e+00 -2.485722005367279053e-01 -2.907895743846893311e-01 -1.679417639970779419e-01
1.231864094734191895e+00 -1.209201931953430176e+00 1.196072340011596680e+00 -2.542856931686401367e-01 -2.998316287994384766e-01 -1.665071547031402588e-01
1.225231051445007324e+00 -1.212582349777221680e+00 1.192782521247863770e+00 -2.590900063514709473e-01 -3.079102635383605957e-01 -1.667753159999847412e-01
1.224159955978393555e+00 -1.212751626968383789e+00 1.195974469184875488e+00 -2.621497213840484619e-01 -3.154491782188415527e-01 -1.651773601770401001e-01
1.223350048065185547e+00 -1.211322307586669922e+00 1.197460293769836426e+00 -2.623442113399505615e-01 -3.181137144565582275e-01 -1.674734354019165039e-01
1.223981618881225586e+00 -1.210281610488891602e+00 1.199787259101867676e+00 -2.627536058425903320e-01 -3.220094740390777588e-01 -1.698234379291534424e-01
1.223447918891906738e+00 -1.210164427757263184e+00 1.200481891632080078e+00 -2.639845907688140869e-01 -3.274316489696502686e-01 -1.703293323516845703e-01
