1.187613010406494141e+00 -1.239140152931213379e+00 1.225366353988647461e+00 -2.007447779178619385e-01 -2.266199737787246704e-01 -2.016284912824630737e-01
9.945579767227172852e-01 -1.141323447227478027e+00 1.458869814872741699e+00 -2.048786878585815430e-01 -2.110024839639663696e-01 -2.299446761608123779e-01
1.046783089637756348e+00 -8.813000917434692383e-01 1.618395447731018066e+00 -2.354606091976165771e-01 -2.316913008689880371e-01 -2.113039940595626831e-01
1.261095166206359863e+00 -6.926808953285217285e-01 1.538855075836181641e+00 -2.527060508728027344e-01 -2.318544089794158936e-01 -1.445127129554748535e-01
1.470374226570129395e+00 -7.607167363166809082e-01 1.317771434783935547e+00 -2.887657880783081055e-01 -2.122166454792022705e-01 -1.053568422794342041e-01
1.454376697540283203e+00 -1.006338834762573242e+00 1.128593087196350098e+00 -2.907350659370422363e-01 -1.662947535514831543e-01 -1.316668689250946045e-01
1.227578401565551758e+00 -1.252609610557556152e+00 1.205977559089660645e+00 -2.730354666709899902e-01 -1.933101415634155273e-01 -1.224642470479011536e-01
9.980898499488830566e-01 -1.162548899650573730e+00 1.412757396697998047e+00 -2.346591949462890625e-01 -1.576912105083465576e-01 -2.022040784358978271e-01
1.039992094039916992e+00 -9.215250611305236816e-01 1.614253044128417969e+00 -1.788414716720581055e-01 -1.664903461933135986e-01 -1.739987134933471680e-01
1.221607923507690430e+00 -7.050127387046813965e-01 1.542276859283447266e+00 -1.267423629760742188e-01 -1.209406703710556030e-01 -1.743774116039276123e-01
