1.209367990493774414e+00 -1.217564225196838379e+00 1.200895071029663086e+00 -2.018269300460815430e-01 -2.218578010797500610e-01 -2.024488896131515503e-01
1.214337468147277832e+00 -1.215747237205505371e+00 1.201296448707580566e+00 -2.023974359035491943e-01 -2.222032397985458374e-01 -2.028061449527740479e-01
1.215292334556579590e+00 -1.215839266777038574e+00 1.198244690895080566e+00 -2.028776705265045166e-01 -2.227753996849060059e-01 -2.038033008575439453e-01
1.215587615966796875e+00 -1.218418717384338379e+00 1.195170998573303223e+00 -2.028131037950515747e-01 -2.236364483833312988e-01 -2.035792171955108643e-01
1.215252518653869629e+00 -1.219086408615112305e+00 1.193887710571289062e+00 -2.029317170381546021e-01 -2.244153916835784912e-01 -2.036823034286499023e-01
1.215288877487182617e+00 -1.219433069229125977e+00 1.192991733551025391e+00 -2.034004926681518555e-01 -2.253372669219970703e-01 -2.037540078163146973e-01
1.215232729911804199e+00 -1.219757318496704102e+00 1.192190051078796387e+00 -2.035331130027770996e-01 -2.260619550943374634e-01 -2.033098787069320679e-01
1.214573144912719727e+00 -1.220247387886047363e+00 1.191490650177001953e+00 -2.035413235425949097e-01 -2.262696772813796997e-01 -2.038944512605667114e-01
1.213907718658447266e+00 -1.220662713050842285e+00 1.191381692886352539e+00 -2.035737037658691406e-01 -2.273636162281036377e-01 -2.052895277738571167e-01
1.214326739311218262e+00 -1.220967531204223633e+00 1.191915035247802734e+00 -2.037665992975234985e-01 -2.274925857782363892e-01 -2.067151069641113281e-01
