1.213521838188171387e+00 -1.205102324485778809e+00 1.189087271690368652e+00 -2.540657520294189453e-01 -2.344865798950195312e-01 -2.081165611743927002e-01
1.317443370819091797e+00 -1.108023643493652344e+00 1.145593166351318359e+00 -2.506594359874725342e-01 -2.154338955879211426e-01 -2.210391312837600708e-01
1.402188301086425781e+00 -1.144742608070373535e+00 1.032173395156860352e+00 -2.671865224838256836e-01 -2.209530472755432129e-01 -1.965017318725585938e-01
1.349799275398254395e+00 -1.257075428962707520e+00 9.509068727493286133e-01 -2.805203199386596680e-01 -2.200999557971954346e-01 -1.997583061456680298e-01
1.236828207969665527e+00 -1.345660924911499023e+00 1.012039422988891602e+00 -2.615903317928314209e-01 -1.979332119226455688e-01 -2.156168073415756226e-01
1.163338422775268555e+00 -1.285100817680358887e+00 1.131252765655517578e+00 -2.359783947467803955e-01 -1.948878169059753418e-01 -2.233340889215469360e-01
1.240434169769287109e+00 -1.163547396659851074e+00 1.196366429328918457e+00 -2.140365689992904663e-01 -1.976533532142639160e-01 -2.293057739734649658e-01
1.355747938156127930e+00 -1.096203565597534180e+00 1.112563252449035645e+00 -2.288776189088821411e-01 -1.880608052015304565e-01 -2.205696702003479004e-01
1.408474087715148926e+00 -1.172491312026977539e+00 9.885835051536560059e-01 -2.537987530231475830e-01 -2.019136697053909302e-01 -1.886575669050216675e-01
1.319444179534912109e+00 -1.304198980331420898e+00 9.482435584068298340e-01 -2.495517134666442871e-01 -1.817499697208404541e-01 -2.090984284877777100e-01
