1.214534640312194824e+00 -1.204775929450988770e+00 1.189869046211242676e+00 -2.890363633632659912e-01 -2.381736934185028076e-01 -2.037188410758972168e-01
1.224722146987915039e+00 -1.277673840522766113e+00 1.193552017211914062e+00 -2.823796570301055908e-01 -2.377677261829376221e-01 -2.204106003046035767e-01
1.152105808258056641e+00 -1.274814724922180176e+00 1.182295560836791992e+00 -2.557886242866516113e-01 -2.156731933355331421e-01 -2.082138508558273315e-01
1.155347943305969238e+00 -1.280001282691955566e+00 1.251097679138183594e+00 -2.457005530595779419e-01 -2.150970101356506348e-01 -2.303780615329742432e-01
1.146287560462951660e+00 -1.219425439834594727e+00 1.254372715950012207e+00 -2.484995573759078979e-01 -2.249061316251754761e-01 -2.425148636102676392e-01
1.209385514259338379e+00 -1.211983442306518555e+00 1.263082623481750488e+00 -2.547701299190521240e-01 -2.346665859222412109e-01 -2.280940562486648560e-01
1.217854738235473633e+00 -1.205114364624023438e+00 1.200762391090393066e+00 -2.639601528644561768e-01 -2.259029895067214966e-01 -2.189080566167831421e-01
1.224153399467468262e+00 -1.269063115119934082e+00 1.194417834281921387e+00 -2.558328211307525635e-01 -2.245049476623535156e-01 -2.274329662322998047e-01
1.158521652221679688e+00 -1.276990056037902832e+00 1.186843991279602051e+00 -2.512977719306945801e-01 -2.233618199825286865e-01 -2.351924180984497070e-01
1.153998136520385742e+00 -1.274224877357482910e+00 1.243502020835876465e+00 -2.527842521667480469e-01 -2.381407767534255981e-01 -2.392149567604064941e-01
