1.212624430656433105e+00 -1.210196137428283691e+00 1.193137645721435547e+00 -2.353840023279190063e-01 -2.965319752693176270e-01 -2.495826333761215210e-01
1.313441276550292969e+00 -1.038752675056457520e+00 1.193609356880187988e+00 -2.136574983596801758e-01 -3.058796226978302002e-01 -1.929361820220947266e-01
1.469347834587097168e+00 -1.022288918495178223e+00 1.065125465393066406e+00 -2.207947373390197754e-01 -2.921218872070312500e-01 -1.849354505538940430e-01
1.458498001098632812e+00 -1.143858790397644043e+00 9.045165181159973145e-01 -2.383886426687240601e-01 -2.736608386039733887e-01 -1.866631358861923218e-01
1.336451172828674316e+00 -1.304988980293273926e+00 9.171614646911621094e-01 -2.484259009361267090e-01 -2.888225317001342773e-01 -2.050100713968276978e-01
1.196063399314880371e+00 -1.301585912704467773e+00 1.066677808761596680e+00 -2.712775170803070068e-01 -2.864265739917755127e-01 -2.286534905433654785e-01
1.219666004180908203e+00 -1.167107462882995605e+00 1.211791872978210449e+00 -1.997815072536468506e-01 -3.037814795970916748e-01 -1.948295831680297852e-01
1.355164408683776855e+00 -1.017091393470764160e+00 1.185223102569580078e+00 -1.790629327297210693e-01 -2.852264046669006348e-01 -2.576492428779602051e-01
1.484187602996826172e+00 -1.027462005615234375e+00 1.010411262512207031e+00 -2.229408174753189087e-01 -3.020066022872924805e-01 -1.822087168693542480e-01
1.451041102409362793e+00 -1.194955825805664062e+00 8.822087645530700684e-01 -2.246799916028976440e-01 -2.632862925529479980e-01 -2.132896631956100464e-01
