1.205984711647033691e+00 -1.221845388412475586e+00 1.200744509696960449e+00 -1.914067864418029785e-01 -1.576653420925140381e-01 -1.916315853595733643e-01
1.204119086265563965e+00 -1.223761081695556641e+00 1.201740503311157227e+00 -1.923903077840805054e-01 -1.598936319351196289e-01 -1.884495168924331665e-01
1.203257083892822266e+00 -1.224475383758544922e+00 1.202353954315185547e+00 -1.944233030080795288e-01 -1.618480533361434937e-01 -1.847348809242248535e-01
1.203042984008789062e+00 -1.224682688713073730e+00 1.202812552452087402e+00 -1.956471949815750122e-01 -1.624284982681274414e-01 -1.813716590404510498e-01
1.203181862831115723e+00 -1.224926114082336426e+00 1.203558087348937988e+00 -1.962055861949920654e-01 -1.631245017051696777e-01 -1.792615354061126709e-01
1.203188180923461914e+00 -1.225118041038513184e+00 1.204275131225585938e+00 -1.970061510801315308e-01 -1.642475724220275879e-01 -1.788061112165451050e-01
1.202759265899658203e+00 -1.225409030914306641e+00 1.204255580902099609e+00 -1.963637918233871460e-01 -1.632215827703475952e-01 -1.795635968446731567e-01
1.202084898948669434e+00 -1.226298570632934570e+00 1.204191088676452637e+00 -1.957984715700149536e-01 -1.630922555923461914e-01 -1.803521066904067993e-01
1.202563285827636719e+00 -1.226348876953125000e+00 1.204256176948547363e+00 -1.962771117687225342e-01 -1.627441197633743286e-01 -1.790878921747207642e-01
1.202345252037048340e+00 -1.226756095886230469e+00 1.204259157180786133e+00 -1.957877874374389648e-01 -1.623606681823730469e-01 -1.798281520605087280e-01
