1.207452058792114258e+00 -1.222392797470092773e+00 1.203826546669006348e+00 -1.017234548926353455e-01 -2.181998044252395630e-01 -2.239990830421447754e-01
1.206716895103454590e+00 -1.221897244453430176e+00 1.203220486640930176e+00 -1.029338538646697998e-01 -2.194222807884216309e-01 -2.202239334583282471e-01
1.206958055496215820e+00 -1.222193717956542969e+00 1.203158736228942871e+00 -1.027553603053092957e-01 -2.193056493997573853e-01 -2.182500511407852173e-01
1.206905364990234375e+00 -1.221880197525024414e+00 1.203144431114196777e+00 -1.036673784255981445e-01 -2.200974971055984497e-01 -2.162245661020278931e-01
1.207166314125061035e+00 -1.221804738044738770e+00 1.202950477600097656e+00 -1.042823493480682373e-01 -2.202070653438568115e-01 -2.139278948307037354e-01
1.206876993179321289e+00 -1.222250342369079590e+00 1.203480243682861328e+00 -1.049364060163497925e-01 -2.205298691987991333e-01 -2.116575986146926880e-01
1.206543087959289551e+00 -1.222083568572998047e+00 1.203195810317993164e+00 -1.069436371326446533e-01 -2.209348380565643311e-01 -2.102092802524566650e-01
1.205972671508789062e+00 -1.222420930862426758e+00 1.203096628189086914e+00 -1.076127290725708008e-01 -2.214450836181640625e-01 -2.085225433111190796e-01
1.205736041069030762e+00 -1.222341418266296387e+00 1.202846169471740723e+00 -1.084108725190162659e-01 -2.216503620147705078e-01 -2.071834355592727661e-01
1.205700278282165527e+00 -1.222122550010681152e+00 1.202576994895935059e+00 -1.088610440492630005e-01 -2.214587628841400146e-01 -2.055158466100692749e-01
