1.204759240150451660e+00 -1.225347161293029785e+00 1.206110715866088867e+00 -2.203477472066879272e-01 -1.117290034890174866e-01 -1.512794494628906250e-01
1.203569769859313965e+00 -1.226217627525329590e+00 1.206795930862426758e+00 -2.170974463224411011e-01 -1.078271493315696716e-01 -1.514158099889755249e-01
1.203417658805847168e+00 -1.226205468177795410e+00 1.206505894660949707e+00 -2.138452529907226562e-01 -1.040287017822265625e-01 -1.511739492416381836e-01
1.203680753707885742e+00 -1.225760579109191895e+00 1.206149458885192871e+00 -2.091930210590362549e-01 -9.873983263969421387e-02 -1.520712822675704956e-01
1.203717947006225586e+00 -1.226077079772949219e+00 1.206649899482727051e+00 -2.055912315845489502e-01 -9.547267854213714600e-02 -1.511039882898330688e-01
1.203341126441955566e+00 -1.226057887077331543e+00 1.206127166748046875e+00 -2.036101371049880981e-01 -9.248808771371841431e-02 -1.504730582237243652e-01
1.203910708427429199e+00 -1.226619601249694824e+00 1.206233143806457520e+00 -2.007392942905426025e-01 -8.920279145240783691e-02 -1.499588042497634888e-01
1.204143762588500977e+00 -1.226481318473815918e+00 1.207137107849121094e+00 -1.979478299617767334e-01 -8.599399775266647339e-02 -1.492578387260437012e-01
1.204102993011474609e+00 -1.226995468139648438e+00 1.206964492797851562e+00 -1.959203034639358521e-01 -8.362281322479248047e-02 -1.470091491937637329e-01
1.203884124755859375e+00 -1.227350592613220215e+00 1.207408428192138672e+00 -1.937483102083206177e-01 -8.080420643091201782e-02 -1.455991715192794800e-01
