1.206786155700683594e+00 -1.217424154281616211e+00 1.202760338783264160e+00 -1.795349568128585815e-01 -2.186091244220733643e-01 -2.007609009742736816e-01
1.206761002540588379e+00 -1.221485853195190430e+00 1.202652215957641602e+00 -1.787289828062057495e-01 -2.202400863170623779e-01 -2.069617360830307007e-01
1.205286026000976562e+00 -1.222258687019348145e+00 1.206298470497131348e+00 -1.784355342388153076e-01 -2.233730554580688477e-01 -2.078388035297393799e-01
1.204878568649291992e+00 -1.223400950431823730e+00 1.205422163009643555e+00 -1.793341785669326782e-01 -2.260760068893432617e-01 -2.099920511245727539e-01
1.204508900642395020e+00 -1.223599433898925781e+00 1.205450534820556641e+00 -1.798854619264602661e-01 -2.283145785331726074e-01 -2.107187509536743164e-01
1.204471588134765625e+00 -1.223610043525695801e+00 1.205356597900390625e+00 -1.801661252975463867e-01 -2.305728495121002197e-01 -2.112792879343032837e-01
1.204204201698303223e+00 -1.223713159561157227e+00 1.205336451530456543e+00 -1.807873100042343140e-01 -2.324449568986892700e-01 -2.115432173013687134e-01
1.203975439071655273e+00 -1.223846793174743652e+00 1.205253005027770996e+00 -1.814097464084625244e-01 -2.346121668815612793e-01 -2.112681269645690918e-01
1.203745961189270020e+00 -1.223831415176391602e+00 1.205500006675720215e+00 -1.819112151861190796e-01 -2.371544986963272095e-01 -2.111536860466003418e-01
1.204006075859069824e+00 -1.223933696746826172e+00 1.205676555633544922e+00 -1.821294426918029785e-01 -2.392504662275314331e-01 -2.118142843246459961e-01
