1.210130929946899414e+00 -1.213482379913330078e+00 1.193608045578002930e+00 -1.907994449138641357e-01 -1.805653721094131470e-01 -1.747804731130599976e-01
1.210650086402893066e+00 -1.212420821189880371e+00 1.193773865699768066e+00 -1.917471140623092651e-01 -1.830238401889801025e-01 -1.740421205759048462e-01
1.211338162422180176e+00 -1.212441682815551758e+00 1.193632960319519043e+00 -1.939645409584045410e-01 -1.850650012493133545e-01 -1.750930249691009521e-01
1.211590886116027832e+00 -1.211833834648132324e+00 1.193874359130859375e+00 -1.950200796127319336e-01 -1.872154176235198975e-01 -1.742683202028274536e-01
1.211884737014770508e+00 -1.211312890052795410e+00 1.194090843200683594e+00 -1.955886930227279663e-01 -1.890351176261901855e-01 -1.738037168979644775e-01
1.211721897125244141e+00 -1.211292386054992676e+00 1.194238424301147461e+00 -1.964115351438522339e-01 -1.909988075494766235e-01 -1.741186231374740601e-01
1.211674213409423828e+00 -1.211609959602355957e+00 1.194089055061340332e+00 -1.968065798282623291e-01 -1.925850659608840942e-01 -1.746691465377807617e-01
1.211203694343566895e+00 -1.211664199829101562e+00 1.193446040153503418e+00 -1.976864635944366455e-01 -1.942093670368194580e-01 -1.753295361995697021e-01
1.210860610008239746e+00 -1.211714744567871094e+00 1.193439364433288574e+00 -1.986050903797149658e-01 -1.958371102809906006e-01 -1.756530404090881348e-01
1.211109876632690430e+00 -1.211734890937805176e+00 1.193819642066955566e+00 -2.001663893461227417e-01 -1.977191716432571411e-01 -1.765406727790832520e-01
