1.206297039985656738e+00 -1.214374303817749023e+00 1.197708010673522949e+00 -2.636797726154327393e-01 -2.053782492876052856e-01 -1.805199533700942993e-01
1.206689238548278809e+00 -1.214545369148254395e+00 1.198053598403930664e+00 -2.618765234947204590e-01 -2.046027928590774536e-01 -1.811722368001937866e-01
1.206951379776000977e+00 -1.214704036712646484e+00 1.198275685310363770e+00 -2.610486447811126709e-01 -2.040286660194396973e-01 -1.821606904268264771e-01
1.207096219062805176e+00 -1.214709281921386719e+00 1.198502659797668457e+00 -2.604872882366180420e-01 -2.034737169742584229e-01 -1.834771782159805298e-01
1.206858396530151367e+00 -1.214927911758422852e+00 1.198537707328796387e+00 -2.595790624618530273e-01 -2.028354555368423462e-01 -1.836247146129608154e-01
1.207250714302062988e+00 -1.214935302734375000e+00 1.198618888854980469e+00 -2.593182325363159180e-01 -2.022690623998641968e-01 -1.831688582897186279e-01
1.206912159919738770e+00 -1.215198397636413574e+00 1.198521494865417480e+00 -2.593690752983093262e-01 -2.012389898300170898e-01 -1.844201534986495972e-01
1.206974864006042480e+00 -1.215314388275146484e+00 1.198939323425292969e+00 -2.584769427776336670e-01 -2.005206197500228882e-01 -1.835338175296783447e-01
1.206775188446044922e+00 -1.215408205986022949e+00 1.198921442031860352e+00 -2.577790617942810059e-01 -2.001223415136337280e-01 -1.830244958400726318e-01
1.206711530685424805e+00 -1.215384006500244141e+00 1.199064493179321289e+00 -2.570178210735321045e-01 -1.995930373668670654e-01 -1.822110414505004883e-01
