1.210268855094909668e+00 -1.213434338569641113e+00 1.196650862693786621e+00 -2.146193981170654297e-01 -1.811324805021286011e-01 -1.684701293706893921e-01
1.210817098617553711e+00 -1.212746858596801758e+00 1.194775819778442383e+00 -2.138293385505676270e-01 -1.797924488782882690e-01 -1.720464825630187988e-01
1.211538672447204590e+00 -1.212246656417846680e+00 1.194246649742126465e+00 -2.124910056591033936e-01 -1.776874363422393799e-01 -1.752390712499618530e-01
1.212089061737060547e+00 -1.211607575416564941e+00 1.193609118461608887e+00 -2.109531462192535400e-01 -1.758330464363098145e-01 -1.786911189556121826e-01
1.212691545486450195e+00 -1.211127161979675293e+00 1.192918181419372559e+00 -2.108106464147567749e-01 -1.755306422710418701e-01 -1.802313327789306641e-01
1.212536931037902832e+00 -1.210984587669372559e+00 1.192069649696350098e+00 -2.105183303356170654e-01 -1.749350130558013916e-01 -1.818304806947708130e-01
1.212458491325378418e+00 -1.211013793945312500e+00 1.191212058067321777e+00 -2.112666964530944824e-01 -1.747816950082778931e-01 -1.843675971031188965e-01
1.212743282318115234e+00 -1.211005210876464844e+00 1.190865516662597656e+00 -2.104168087244033813e-01 -1.736687570810317993e-01 -1.858039051294326782e-01
1.212679743766784668e+00 -1.210831165313720703e+00 1.190995693206787109e+00 -2.098723798990249634e-01 -1.726386696100234985e-01 -1.864035725593566895e-01
1.212727785110473633e+00 -1.210435390472412109e+00 1.191285848617553711e+00 -2.100010514259338379e-01 -1.730301678180694580e-01 -1.871969848871231079e-01
