1.201031327247619629e+00 -1.224851846694946289e+00 1.206413626670837402e+00 -2.203366011381149292e-01 -2.509212791919708252e-01 -2.307907193899154663e-01
1.201576590538024902e+00 -1.225033521652221680e+00 1.205956816673278809e+00 -2.209900915622711182e-01 -2.521984875202178955e-01 -2.294469475746154785e-01
1.201928615570068359e+00 -1.224048137664794922e+00 1.204900503158569336e+00 -2.229739278554916382e-01 -2.537150382995605469e-01 -2.278839796781539917e-01
1.202542901039123535e+00 -1.223101735115051270e+00 1.204382300376892090e+00 -2.243224531412124634e-01 -2.548918426036834717e-01 -2.263512611389160156e-01
1.203342556953430176e+00 -1.222654342651367188e+00 1.204636335372924805e+00 -2.260905057191848755e-01 -2.566713988780975342e-01 -2.252398431301116943e-01
1.202855587005615234e+00 -1.222737431526184082e+00 1.204002737998962402e+00 -2.271187603473663330e-01 -2.576017081737518311e-01 -2.243530899286270142e-01
1.202739477157592773e+00 -1.222706437110900879e+00 1.204296350479125977e+00 -2.281790822744369507e-01 -2.585910558700561523e-01 -2.225724458694458008e-01
1.202633500099182129e+00 -1.222843885421752930e+00 1.204471826553344727e+00 -2.293632179498672485e-01 -2.597728967666625977e-01 -2.221282720565795898e-01
1.203175306320190430e+00 -1.222488403320312500e+00 1.204995632171630859e+00 -2.299391329288482666e-01 -2.606512010097503662e-01 -2.216950803995132446e-01
1.202798128128051758e+00 -1.222689628601074219e+00 1.204538583755493164e+00 -2.304186224937438965e-01 -2.612307965755462646e-01 -2.206259965896606445e-01
