1.202488899230957031e+00 -1.233292102813720703e+00 1.218728780746459961e+00 -1.586091369390487671e-01 -1.911179125308990479e-01 -1.794066578149795532e-01
1.202280402183532715e+00 -1.228764772415161133e+00 1.209230303764343262e+00 -1.591389179229736328e-01 -1.902382224798202515e-01 -1.797560900449752808e-01
1.203829169273376465e+00 -1.225776791572570801e+00 1.204875588417053223e+00 -1.589948832988739014e-01 -1.899322420358657837e-01 -1.809968501329421997e-01
1.205437064170837402e+00 -1.223389148712158203e+00 1.202288269996643066e+00 -1.591219305992126465e-01 -1.900681406259536743e-01 -1.807100027799606323e-01
1.206151008605957031e+00 -1.222225189208984375e+00 1.201843261718750000e+00 -1.592097878456115723e-01 -1.903652697801589966e-01 -1.808983683586120605e-01
1.206712007522583008e+00 -1.221200466156005859e+00 1.201251983642578125e+00 -1.590047478675842285e-01 -1.902532577514648438e-01 -1.808018684387207031e-01
1.207031965255737305e+00 -1.220354080200195312e+00 1.200918674468994141e+00 -1.594925075769424438e-01 -1.905442923307418823e-01 -1.805601269006729126e-01
1.207535505294799805e+00 -1.219736218452453613e+00 1.200776934623718262e+00 -1.604388356208801270e-01 -1.908379793167114258e-01 -1.808524578809738159e-01
1.207022547721862793e+00 -1.219923138618469238e+00 1.200295686721801758e+00 -1.611271500587463379e-01 -1.914909482002258301e-01 -1.814997345209121704e-01
1.207049489021301270e+00 -1.219915509223937988e+00 1.200650095939636230e+00 -1.621758341789245605e-01 -1.926079243421554565e-01 -1.813073009252548218e-01
