1.067366003990173340e+00 -1.439872264862060547e+00 1.216959118843078613e+00 -2.233609557151794434e-01 -2.777064442634582520e-01 -2.874251306056976318e-01
1.188796997070312500e+00 -1.243115186691284180e+00 1.245794057846069336e+00 -2.337771356105804443e-01 -2.902249693870544434e-01 -2.687559127807617188e-01
1.105381011962890625e+00 -1.364106893539428711e+00 1.359593987464904785e+00 -2.233517169952392578e-01 -2.983960211277008057e-01 -2.906184494495391846e-01
1.136283159255981445e+00 -1.323993682861328125e+00 1.324990034103393555e+00 -2.127867937088012695e-01 -2.837096154689788818e-01 -2.731309831142425537e-01
1.135999321937561035e+00 -1.338674902915954590e+00 1.325030446052551270e+00 -2.167697101831436157e-01 -2.905547320842742920e-01 -2.662007808685302734e-01
1.111448884010314941e+00 -1.352641701698303223e+00 1.346696734428405762e+00 -2.053204774856567383e-01 -2.960336208343505859e-01 -2.725939750671386719e-01
1.075938582420349121e+00 -1.403063654899597168e+00 1.392624139785766602e+00 -1.996279954910278320e-01 -3.003139495849609375e-01 -2.793551981449127197e-01
1.054460406303405762e+00 -1.430549263954162598e+00 1.417705297470092773e+00 -2.109388262033462524e-01 -3.149645030498504639e-01 -2.770419716835021973e-01
1.156604290008544922e+00 -1.308756947517395020e+00 1.292454361915588379e+00 -2.307087182998657227e-01 -3.037167787551879883e-01 -2.694925367832183838e-01
1.177665710449218750e+00 -1.268320560455322266e+00 1.262855887413024902e+00 -2.336601912975311279e-01 -2.944145202636718750e-01 -2.667416930198669434e-01
1.186320066452026367e+00 -1.259366273880004883e+00 1.246957302093505859e+00 -2.431862652301788330e-01 -2.897930741310119629e-01 -2.631249427795410156e-01
