1.061080694198608398e+00 -1.309939742088317871e+00 1.099509000778198242e+00 -1.252188384532928467e-01 -2.734185755252838135e-01 -2.910511791706085205e-01
1.227830290794372559e+00 -1.196023583412170410e+00 1.187918782234191895e+00 -1.292269378900527954e-01 -3.035492300987243652e-01 -2.623282372951507568e-01
1.219682216644287109e+00 -1.205465197563171387e+00 1.184150695800781250e+00 -1.304029822349548340e-01 -2.918518185615539551e-01 -2.869102954864501953e-01
1.226963162422180176e+00 -1.217175245285034180e+00 1.208653092384338379e+00 -1.102927178144454956e-01 -2.944461405277252197e-01 -2.885872423648834229e-01
1.232962965965270996e+00 -1.214010119438171387e+00 1.208595156669616699e+00 -1.160054057836532593e-01 -3.001651763916015625e-01 -2.696974575519561768e-01
1.222813487052917480e+00 -1.215294957160949707e+00 1.218524575233459473e+00 -1.085266321897506714e-01 -3.160870075225830078e-01 -2.760136723518371582e-01
1.221925497055053711e+00 -1.208937883377075195e+00 1.206276535987854004e+00 -1.275582462549209595e-01 -3.249920010566711426e-01 -2.698214054107666016e-01
1.218194365501403809e+00 -1.208197474479675293e+00 1.199262261390686035e+00 -1.184765025973320007e-01 -3.174962401390075684e-01 -2.825775146484375000e-01
1.217113375663757324e+00 -1.211952328681945801e+00 1.204638481140136719e+00 -1.298674494028091431e-01 -3.212162554264068604e-01 -2.623490691184997559e-01
1.226279258728027344e+00 -1.204103112220764160e+00 1.199318766593933105e+00 -1.357114017009735107e-01 -3.238812983036041260e-01 -2.621967196464538574e-01
1.212796926498413086e+00 -1.211740970611572266e+00 1.214223980903625488e+00 -1.364609003067016602e-01 -3.246915340423583984e-01 -2.397642433643341064e-01
