1.217480659484863281e+00 -1.259008288383483887e+00 1.189637303352355957e+00 -1.741374135017395020e-01 -1.846288442611694336e-01 -2.064834982156753540e-01
1.200807332992553711e+00 -1.238511681556701660e+00 1.217207431793212891e+00 -1.750531941652297974e-01 -1.866080760955810547e-01 -2.066379636526107788e-01
1.260698556900024414e+00 -1.132117748260498047e+00 1.112899303436279297e+00 -2.121128886938095093e-01 -1.726513803005218506e-01 -1.599279493093490601e-01
1.499215006828308105e+00 -1.110796928405761719e+00 1.052881717681884766e+00 -2.007204592227935791e-01 -1.528454571962356567e-01 -1.836821436882019043e-01
1.293264865875244141e+00 -1.120635271072387695e+00 1.143417119979858398e+00 -1.902815103530883789e-01 -1.822678446769714355e-01 -2.041051536798477173e-01
1.271858334541320801e+00 -1.123825669288635254e+00 1.108692884445190430e+00 -1.917141377925872803e-01 -1.781458109617233276e-01 -1.701072007417678833e-01
1.263271212577819824e+00 -1.138799071311950684e+00 1.116584777832031250e+00 -1.857936978340148926e-01 -1.779679059982299805e-01 -1.728122830390930176e-01
1.215785026550292969e+00 -1.218579173088073730e+00 1.195925951004028320e+00 -1.731398552656173706e-01 -1.842905133962631226e-01 -1.962031722068786621e-01
1.208976626396179199e+00 -1.226967215538024902e+00 1.209533810615539551e+00 -1.822559982538223267e-01 -1.863355934619903564e-01 -1.929281949996948242e-01
1.193234920501708984e+00 -1.255099654197692871e+00 1.236025691032409668e+00 -1.786668449640274048e-01 -1.861951649188995361e-01 -2.025250792503356934e-01
1.188215374946594238e+00 -1.259420156478881836e+00 1.239143252372741699e+00 -1.728994101285934448e-01 -1.857304573059082031e-01 -2.115070223808288574e-01
