1.232725620269775391e+00 -1.194743394851684570e+00 1.172220706939697266e+00 -2.490293234586715698e-01 -2.035317718982696533e-01 -2.066342085599899292e-01
1.228221416473388672e+00 -1.194909691810607910e+00 1.175054311752319336e+00 -2.487549185752868652e-01 -2.053449153900146484e-01 -2.076624780893325806e-01
1.165440917015075684e+00 -1.222896695137023926e+00 1.169710397720336914e+00 -2.522358596324920654e-01 -1.865147054195404053e-01 -2.104456722736358643e-01
1.204359769821166992e+00 -1.203637123107910156e+00 1.189074397087097168e+00 -2.544349133968353271e-01 -2.036711275577545166e-01 -1.751440912485122681e-01
1.222544908523559570e+00 -1.188141345977783203e+00 1.164393663406372070e+00 -2.450037747621536255e-01 -1.960527896881103516e-01 -1.987996995449066162e-01
1.219018220901489258e+00 -1.188519358634948730e+00 1.150434732437133789e+00 -2.580515742301940918e-01 -1.874558627605438232e-01 -2.007396519184112549e-01
1.217395544052124023e+00 -1.204604387283325195e+00 1.181375026702880859e+00 -2.521411180496215820e-01 -1.941553950309753418e-01 -2.074237167835235596e-01
1.222349166870117188e+00 -1.198631644248962402e+00 1.172312974929809570e+00 -2.453205734491348267e-01 -1.875131726264953613e-01 -2.094226479530334473e-01
1.230593681335449219e+00 -1.193022251129150391e+00 1.173299908638000488e+00 -2.542592287063598633e-01 -1.938218027353286743e-01 -2.013109475374221802e-01
1.225068688392639160e+00 -1.185410618782043457e+00 1.171263337135314941e+00 -2.485250383615493774e-01 -2.039264291524887085e-01 -2.099544256925582886e-01
1.216135501861572266e+00 -1.206097006797790527e+00 1.187198519706726074e+00 -2.421349585056304932e-01 -1.997537314891815186e-01 -2.107407599687576294e-01
