1.010047435760498047e+00 -1.281455636024475098e+00 1.281781315803527832e+00 -1.980760693550109863e-01 -3.291726708412170410e-01 -1.129089444875717163e-01
1.198452115058898926e+00 -1.229425072669982910e+00 1.217866182327270508e+00 -1.803772151470184326e-01 -2.873353958129882812e-01 -2.125478684902191162e-01
1.169749140739440918e+00 -1.260072469711303711e+00 1.284104585647583008e+00 -1.648384630680084229e-01 -3.387365043163299561e-01 -1.749425530433654785e-01
1.179276943206787109e+00 -1.264757037162780762e+00 1.241005301475524902e+00 -1.842137426137924194e-01 -2.886379063129425049e-01 -2.192710340023040771e-01
1.162744879722595215e+00 -1.301244974136352539e+00 1.277056097984313965e+00 -1.683925390243530273e-01 -2.872354686260223389e-01 -2.821496725082397461e-01
1.199723005294799805e+00 -1.221118450164794922e+00 1.216609835624694824e+00 -1.681525409221649170e-01 -2.739827632904052734e-01 -2.259911298751831055e-01
1.192954182624816895e+00 -1.232801675796508789e+00 1.224576354026794434e+00 -1.682830601930618286e-01 -2.769607901573181152e-01 -2.096503674983978271e-01
1.193706631660461426e+00 -1.243637681007385254e+00 1.226913809776306152e+00 -1.753519177436828613e-01 -2.808778882026672363e-01 -2.023859620094299316e-01
1.201350092887878418e+00 -1.232439517974853516e+00 1.217513322830200195e+00 -1.812118291854858398e-01 -2.661971151828765869e-01 -2.127912640571594238e-01
1.197819471359252930e+00 -1.232421278953552246e+00 1.215507268905639648e+00 -1.718800961971282959e-01 -2.612059712409973145e-01 -2.214623093605041504e-01
1.186423182487487793e+00 -1.246659874916076660e+00 1.225304365158081055e+00 -1.758013963699340820e-01 -2.706582546234130859e-01 -2.159059941768646240e-01
