1.227719306945800781e+00 -1.252540588378906250e+00 1.114380836486816406e+00 -1.024737060070037842e-01 -1.085397452116012573e-01 -2.111756354570388794e-01
1.205167055130004883e+00 -1.223656773567199707e+00 1.206035375595092773e+00 -1.322527080774307251e-01 -1.498958170413970947e-01 -1.465554833412170410e-01
1.216613173484802246e+00 -1.207017898559570312e+00 1.193678617477416992e+00 -1.753014475107192993e-01 -1.538958847522735596e-01 -1.516829133033752441e-01
1.221613764762878418e+00 -1.193561553955078125e+00 1.179284811019897461e+00 -1.899594962596893311e-01 -1.597722917795181274e-01 -1.491416394710540771e-01
1.244382381439208984e+00 -1.161806583404541016e+00 1.144921898841857910e+00 -1.567240953445434570e-01 -1.521679759025573730e-01 -1.353759467601776123e-01
1.245545268058776855e+00 -1.158118724822998047e+00 1.141061663627624512e+00 -1.531729102134704590e-01 -1.537536829710006714e-01 -1.277317404747009277e-01
1.253939151763916016e+00 -1.144499063491821289e+00 1.126982688903808594e+00 -1.607580184936523438e-01 -1.460815519094467163e-01 -1.251819431781768799e-01
1.234438776969909668e+00 -1.177881360054016113e+00 1.161371707916259766e+00 -1.466896981000900269e-01 -1.531840413808822632e-01 -1.346698403358459473e-01
1.197238206863403320e+00 -1.235135078430175781e+00 1.216611385345458984e+00 -1.405736505985260010e-01 -1.588100492954254150e-01 -1.378570795059204102e-01
1.202856659889221191e+00 -1.225674748420715332e+00 1.208379268646240234e+00 -1.324423551559448242e-01 -1.544134765863418579e-01 -1.456521004438400269e-01
1.207072734832763672e+00 -1.220287322998046875e+00 1.202376484870910645e+00 -1.373135149478912354e-01 -1.576585322618484497e-01 -1.443263590335845947e-01
