1.164474368095397949e+00 -1.080157995223999023e+00 1.173078417778015137e+00 -2.951371669769287109e-01 -2.468020915985107422e-01 -1.897055506706237793e-01
1.196012139320373535e+00 -1.241740822792053223e+00 1.224370837211608887e+00 -2.520008087158203125e-01 -2.206998914480209351e-01 -2.244917005300521851e-01
1.194687724113464355e+00 -1.262343883514404297e+00 1.239573597908020020e+00 -1.920118480920791626e-01 -1.853449493646621704e-01 -3.250330090522766113e-01
1.199464321136474609e+00 -1.245984792709350586e+00 1.227922081947326660e+00 -2.491164356470108032e-01 -2.156772315502166748e-01 -2.718045711517333984e-01
1.194308638572692871e+00 -1.258583068847656250e+00 1.242218852043151855e+00 -2.337702214717864990e-01 -2.200481891632080078e-01 -2.590249478816986084e-01
1.187911987304687500e+00 -1.250433802604675293e+00 1.234087705612182617e+00 -2.670428752899169922e-01 -2.331562042236328125e-01 -2.122818082571029663e-01
1.164401054382324219e+00 -1.280798912048339844e+00 1.266284108161926270e+00 -2.661793828010559082e-01 -2.433529347181320190e-01 -2.197390794754028320e-01
1.189917564392089844e+00 -1.242621779441833496e+00 1.226915121078491211e+00 -2.837284505367279053e-01 -2.413888573646545410e-01 -2.189112305641174316e-01
1.191025018692016602e+00 -1.242483377456665039e+00 1.227925300598144531e+00 -2.889835834503173828e-01 -2.472648024559020996e-01 -2.132819443941116333e-01
1.165798187255859375e+00 -1.283886790275573730e+00 1.267033815383911133e+00 -2.598500549793243408e-01 -2.323124408721923828e-01 -2.345869243144989014e-01
1.189391255378723145e+00 -1.247550249099731445e+00 1.232076048851013184e+00 -2.696108818054199219e-01 -2.339297831058502197e-01 -2.124442160129547119e-01
