1.205829501152038574e+00 -1.213419795036315918e+00 1.195908427238464355e+00 -2.097010165452957153e-01 -2.123003900051116943e-01 -1.914365291595458984e-01
1.214143753051757812e+00 -1.212717056274414062e+00 1.192296743392944336e+00 -2.031536698341369629e-01 -2.012084424495697021e-01 -1.877443939447402954e-01
1.223857760429382324e+00 -1.275064945220947266e+00 1.238683938980102539e+00 -1.076529771089553833e-01 -1.166269257664680481e-01 -2.586612999439239502e-01
1.232225418090820312e+00 -1.191622972488403320e+00 1.162664651870727539e+00 -1.962349712848663330e-01 -1.707955300807952881e-01 -1.880356669425964355e-01
1.224413871765136719e+00 -1.198729157447814941e+00 1.173767685890197754e+00 -2.010665386915206909e-01 -1.736112833023071289e-01 -1.774151176214218140e-01
1.260676145553588867e+00 -1.231675148010253906e+00 1.189374446868896484e+00 -1.100243180990219116e-01 -9.528340399265289307e-02 -2.275218665599822998e-01
1.234638214111328125e+00 -1.230296969413757324e+00 1.193246483802795410e+00 -1.070507243275642395e-01 -1.232060492038726807e-01 -1.980137825012207031e-01
1.220909595489501953e+00 -1.216897130012512207e+00 1.190118670463562012e+00 -1.641480624675750732e-01 -1.699995696544647217e-01 -1.755125671625137329e-01
1.208779454231262207e+00 -1.223409295082092285e+00 1.201630115509033203e+00 -1.682468801736831665e-01 -1.579143553972244263e-01 -1.956942230463027954e-01
1.221047878265380859e+00 -1.205455660820007324e+00 1.183785676956176758e+00 -1.896064728498458862e-01 -1.665709763765335083e-01 -1.764521747827529907e-01
1.220498919486999512e+00 -1.206805229187011719e+00 1.182783484458923340e+00 -1.933752596378326416e-01 -1.736345589160919189e-01 -1.680729836225509644e-01
