1.175085544586181641e+00 -1.366013884544372559e+00 1.085289239883422852e+00 -1.871367245912551880e-01 -1.007953882217407227e-01 -1.822573095560073853e-01
1.158148288726806641e+00 -1.291476130485534668e+00 1.272712588310241699e+00 -2.235344648361206055e-01 -1.011633723974227905e-01 -1.265072524547576904e-01
1.147375464439392090e+00 -1.307177186012268066e+00 1.288765549659729004e+00 -2.166882306337356567e-01 -1.199967637658119202e-01 -1.452059447765350342e-01
1.136895537376403809e+00 -1.322448253631591797e+00 1.302344441413879395e+00 -2.307285219430923462e-01 -1.254783421754837036e-01 -1.604457199573516846e-01
1.143944978713989258e+00 -1.310164213180541992e+00 1.297753214836120605e+00 -2.986017465591430664e-01 -1.063963025808334351e-01 -1.419315189123153687e-01
1.134144783020019531e+00 -1.324742317199707031e+00 1.305706024169921875e+00 -2.516992390155792236e-01 -1.187227368354797363e-01 -1.562097519636154175e-01
1.144877433776855469e+00 -1.313068509101867676e+00 1.296782493591308594e+00 -2.771767079830169678e-01 -1.108038350939750671e-01 -1.451870501041412354e-01
1.149678349494934082e+00 -1.304489254951477051e+00 1.286391139030456543e+00 -2.603043019771575928e-01 -1.126346439123153687e-01 -1.401115953922271729e-01
1.147634029388427734e+00 -1.307630062103271484e+00 1.290145516395568848e+00 -2.697246670722961426e-01 -1.106852293014526367e-01 -1.452820748090744019e-01
1.137883782386779785e+00 -1.319547772407531738e+00 1.300364017486572266e+00 -2.480023950338363647e-01 -1.067035794258117676e-01 -1.503808796405792236e-01
1.145017147064208984e+00 -1.311490058898925781e+00 1.291393518447875977e+00 -2.428600192070007324e-01 -1.020282730460166931e-01 -1.456232517957687378e-01
