1.408168077468872070e+00 -1.186622977256774902e+00 1.149114847183227539e+00 -2.126614004373550415e-01 -1.959977298974990845e-01 -2.138606309890747070e-01
1.201731920242309570e+00 -1.222127079963684082e+00 1.205774188041687012e+00 -2.518964111804962158e-01 -1.949234604835510254e-01 -1.775849312543869019e-01
1.214349627494812012e+00 -1.214778304100036621e+00 1.180143952369689941e+00 -2.924989759922027588e-01 -1.476392149925231934e-01 -1.566823869943618774e-01
1.205088853836059570e+00 -1.222987174987792969e+00 1.208045244216918945e+00 -2.785672545433044434e-01 -1.638736277818679810e-01 -1.726561784744262695e-01
1.199030160903930664e+00 -1.225475549697875977e+00 1.209411859512329102e+00 -2.661171853542327881e-01 -1.849470436573028564e-01 -1.778734773397445679e-01
1.209676742553710938e+00 -1.210848689079284668e+00 1.197835683822631836e+00 -2.796552181243896484e-01 -1.621471345424652100e-01 -1.451873779296875000e-01
1.201434135437011719e+00 -1.224096298217773438e+00 1.207463264465332031e+00 -2.600835263729095459e-01 -1.655205190181732178e-01 -1.603242456912994385e-01
1.201421260833740234e+00 -1.224049210548400879e+00 1.208597898483276367e+00 -2.571590244770050049e-01 -1.765468716621398926e-01 -1.679132133722305298e-01
1.197738051414489746e+00 -1.230310201644897461e+00 1.213195443153381348e+00 -2.537211179733276367e-01 -1.738837659358978271e-01 -1.785594522953033447e-01
1.205042481422424316e+00 -1.217998981475830078e+00 1.201596617698669434e+00 -2.449050098657608032e-01 -1.861153542995452881e-01 -1.791437417268753052e-01
1.202038645744323730e+00 -1.224098205566406250e+00 1.207499742507934570e+00 -2.434745281934738159e-01 -1.926126033067703247e-01 -1.827614307403564453e-01
