1.229418158531188965e+00 -1.244137406349182129e+00 1.071598410606384277e+00 -3.005681037902832031e-01 -1.734394282102584839e-01 -1.398445665836334229e-02
1.228272557258605957e+00 -1.177165985107421875e+00 1.158665895462036133e+00 -3.149715662002563477e-01 -1.762790530920028687e-01 -1.507736742496490479e-01
1.229300022125244141e+00 -1.183497786521911621e+00 1.166472196578979492e+00 -3.032835125923156738e-01 -1.667451858520507812e-01 -1.535035371780395508e-01
1.223052859306335449e+00 -1.194267153739929199e+00 1.180483937263488770e+00 -3.199831247329711914e-01 -1.795653998851776123e-01 -1.546960175037384033e-01
1.220559239387512207e+00 -1.188192725181579590e+00 1.171817421913146973e+00 -3.306399583816528320e-01 -1.902217268943786621e-01 -1.579778790473937988e-01
1.231812238693237305e+00 -1.184548854827880859e+00 1.175220489501953125e+00 -2.971136569976806641e-01 -1.662068814039230347e-01 -1.503885388374328613e-01
1.218001127243041992e+00 -1.192216992378234863e+00 1.171300172805786133e+00 -2.968378961086273193e-01 -1.553581207990646362e-01 -1.388671994209289551e-01
1.232704520225524902e+00 -1.178487777709960938e+00 1.166027545928955078e+00 -2.869020402431488037e-01 -1.525289416313171387e-01 -1.483429521322250366e-01
1.222332239151000977e+00 -1.188755631446838379e+00 1.168568015098571777e+00 -3.035145998001098633e-01 -1.502276957035064697e-01 -1.337796151638031006e-01
1.229349374771118164e+00 -1.175664544105529785e+00 1.156494140625000000e+00 -3.111534714698791504e-01 -1.524588912725448608e-01 -1.377405077219009399e-01
1.251060128211975098e+00 -1.143163800239562988e+00 1.127485752105712891e+00 -3.125020861625671387e-01 -1.609007418155670166e-01 -1.347463726997375488e-01
