1.389161944389343262e+00 -1.304815173149108887e+00 1.110679268836975098e+00 -1.805631816387176514e-01 -2.134592682123184204e-01 -3.298807740211486816e-01
1.387097477912902832e+00 -1.303960442543029785e+00 1.111747026443481445e+00 -1.806445568799972534e-01 -2.142038792371749878e-01 -3.286906182765960693e-01
1.381359457969665527e+00 -1.301735877990722656e+00 1.114779472351074219e+00 -1.808751523494720459e-01 -2.162885367870330811e-01 -3.252891600131988525e-01
1.366169571876525879e+00 -1.295888185501098633e+00 1.124061584472656250e+00 -1.815336495637893677e-01 -2.219102680683135986e-01 -3.159743249416351318e-01
1.327805638313293457e+00 -1.279044985771179199e+00 1.146211981773376465e+00 -1.841673254966735840e-01 -2.361597865819931030e-01 -2.908928394317626953e-01
1.254394292831420898e+00 -1.254152297973632812e+00 1.185451507568359375e+00 -1.860692650079727173e-01 -2.626794874668121338e-01 -2.521543204784393311e-01
1.212828993797302246e+00 -1.232410192489624023e+00 1.207159757614135742e+00 -1.882136762142181396e-01 -2.763712704181671143e-01 -2.318924218416213989e-01
1.202398061752319336e+00 -1.226443529129028320e+00 1.210312962532043457e+00 -1.892331242561340332e-01 -2.772204279899597168e-01 -2.298168390989303589e-01
1.200919508934020996e+00 -1.227301716804504395e+00 1.210671901702880859e+00 -1.901945322751998901e-01 -2.776711583137512207e-01 -2.290295064449310303e-01
1.199243903160095215e+00 -1.227195501327514648e+00 1.211724638938903809e+00 -1.904740333557128906e-01 -2.783983945846557617e-01 -2.281368374824523926e-01
1.199679493904113770e+00 -1.228269577026367188e+00 1.212730407714843750e+00 -1.908318400382995605e-01 -2.787968516349792480e-01 -2.279703766107559204e-01
