1.311570167541503906e+00 -1.100406408309936523e+00 1.131729722023010254e+00 -2.251359224319458008e-01 -2.372727096080780029e-01 -1.641254425048828125e-01
1.310593366622924805e+00 -1.101469635963439941e+00 1.132289409637451172e+00 -2.250110208988189697e-01 -2.370449006557464600e-01 -1.647063493728637695e-01
1.307817339897155762e+00 -1.104487299919128418e+00 1.133895516395568848e+00 -2.246039211750030518e-01 -2.364563941955566406e-01 -1.663029789924621582e-01
1.300799846649169922e+00 -1.112015604972839355e+00 1.137302517890930176e+00 -2.239336073398590088e-01 -2.354478538036346436e-01 -1.682004332542419434e-01
1.281619071960449219e+00 -1.132049441337585449e+00 1.148589611053466797e+00 -2.221008539199829102e-01 -2.312193959951400757e-01 -1.756948679685592651e-01
1.248599529266357422e+00 -1.165438771247863770e+00 1.163545966148376465e+00 -2.179585248231887817e-01 -2.334266602993011475e-01 -1.769843250513076782e-01
1.232324838638305664e+00 -1.181411862373352051e+00 1.168276548385620117e+00 -2.145587503910064697e-01 -2.279689908027648926e-01 -1.892042607069015503e-01
1.226218461990356445e+00 -1.189877390861511230e+00 1.173069953918457031e+00 -2.127398997545242310e-01 -2.260762453079223633e-01 -1.917840689420700073e-01
1.223356008529663086e+00 -1.192795872688293457e+00 1.176731824874877930e+00 -2.111146897077560425e-01 -2.254309058189392090e-01 -1.913428455591201782e-01
1.222352385520935059e+00 -1.195060372352600098e+00 1.178062677383422852e+00 -2.098942399024963379e-01 -2.248861640691757202e-01 -1.921398043632507324e-01
1.221976876258850098e+00 -1.195662975311279297e+00 1.178861975669860840e+00 -2.083933204412460327e-01 -2.237297594547271729e-01 -1.938222050666809082e-01
