1.322638511657714844e+00 -1.206418275833129883e+00 1.313238024711608887e+00 -1.983242183923721313e-01 -2.377495467662811279e-01 -2.157482504844665527e-01
1.321428060531616211e+00 -1.206517577171325684e+00 1.311943292617797852e+00 -1.984471529722213745e-01 -2.375535964965820312e-01 -2.156694531440734863e-01
1.318144798278808594e+00 -1.206717491149902344e+00 1.308310389518737793e+00 -1.988140344619750977e-01 -2.370970398187637329e-01 -2.152251601219177246e-01
1.309078812599182129e+00 -1.207473397254943848e+00 1.298559784889221191e+00 -1.996531486511230469e-01 -2.347556352615356445e-01 -2.159956991672515869e-01
1.285901904106140137e+00 -1.208849906921386719e+00 1.273492813110351562e+00 -2.038140594959259033e-01 -2.333839088678359985e-01 -2.094922363758087158e-01
1.245454192161560059e+00 -1.210686326026916504e+00 1.230671525001525879e+00 -2.062889784574508667e-01 -2.218976169824600220e-01 -2.144373953342437744e-01
1.215659260749816895e+00 -1.217875719070434570e+00 1.202999830245971680e+00 -2.085305601358413696e-01 -2.208155393600463867e-01 -2.047548592090606689e-01
1.212502479553222656e+00 -1.213533878326416016e+00 1.196071982383728027e+00 -2.107855081558227539e-01 -2.200219482183456421e-01 -2.030178606510162354e-01
1.212144970893859863e+00 -1.212477087974548340e+00 1.196571946144104004e+00 -2.106251865625381470e-01 -2.194672971963882446e-01 -2.017891556024551392e-01
1.211202979087829590e+00 -1.212938785552978516e+00 1.195279836654663086e+00 -2.106975317001342773e-01 -2.188903987407684326e-01 -2.009998112916946411e-01
1.212213039398193359e+00 -1.212156295776367188e+00 1.195208191871643066e+00 -2.104511409997940063e-01 -2.185642868280410767e-01 -1.999674141407012939e-01
