1.146348595619201660e+00 -1.190563559532165527e+00 1.256399035453796387e+00 -1.519168615341186523e-01 -2.844625115394592285e-01 -1.458573937416076660e-01
1.146960020065307617e+00 -1.190950870513916016e+00 1.255857586860656738e+00 -1.518356502056121826e-01 -2.841001152992248535e-01 -1.465355157852172852e-01
1.148535847663879395e+00 -1.192224502563476562e+00 1.254597544670104980e+00 -1.515819728374481201e-01 -2.829883098602294922e-01 -1.489771604537963867e-01
1.153216242790222168e+00 -1.194877982139587402e+00 1.250515937805175781e+00 -1.510837227106094360e-01 -2.803045511245727539e-01 -1.531996726989746094e-01
1.165076136589050293e+00 -1.201780438423156738e+00 1.239981174468994141e+00 -1.489298343658447266e-01 -2.718979120254516602e-01 -1.694242954254150391e-01
1.185874819755554199e+00 -1.215903997421264648e+00 1.224879145622253418e+00 -1.456410884857177734e-01 -2.593703567981719971e-01 -1.915446519851684570e-01
1.197971463203430176e+00 -1.222940206527709961e+00 1.213021874427795410e+00 -1.461246460676193237e-01 -2.575426697731018066e-01 -1.962305009365081787e-01
1.199111104011535645e+00 -1.227589488029479980e+00 1.211510539054870605e+00 -1.460464447736740112e-01 -2.550539374351501465e-01 -2.030005455017089844e-01
1.199962377548217773e+00 -1.227582335472106934e+00 1.211752533912658691e+00 -1.458709090948104858e-01 -2.540247440338134766e-01 -2.052640318870544434e-01
1.200831651687622070e+00 -1.227937221527099609e+00 1.211935043334960938e+00 -1.455100476741790771e-01 -2.536333799362182617e-01 -2.075813412666320801e-01
1.201486945152282715e+00 -1.226584911346435547e+00 1.210694789886474609e+00 -1.462160348892211914e-01 -2.522748410701751709e-01 -2.107302695512771606e-01
