1.335420608520507812e+00 -9.632035493850708008e-01 1.245692729949951172e+00 -1.752310097217559814e-01 -2.713879942893981934e-01 -1.032602787017822266e-01
1.334197402000427246e+00 -9.659307003021240234e-01 1.245121598243713379e+00 -1.751838773488998413e-01 -2.709254920482635498e-01 -1.042525395750999451e-01
1.330755829811096191e+00 -9.734360575675964355e-01 1.243609666824340820e+00 -1.751157343387603760e-01 -2.696782946586608887e-01 -1.065791472792625427e-01
1.321669816970825195e+00 -9.938681721687316895e-01 1.239558935165405273e+00 -1.744679510593414307e-01 -2.660806775093078613e-01 -1.143080592155456543e-01
1.297974824905395508e+00 -1.045360803604125977e+00 1.227786660194396973e+00 -1.728694140911102295e-01 -2.562943100929260254e-01 -1.324937343597412109e-01
1.252368211746215820e+00 -1.138029456138610840e+00 1.211233973503112793e+00 -1.668957173824310303e-01 -2.342602461576461792e-01 -1.800851374864578247e-01
1.216529369354248047e+00 -1.201378107070922852e+00 1.200554847717285156e+00 -1.667862981557846069e-01 -2.324708104133605957e-01 -1.832512617111206055e-01
1.214117407798767090e+00 -1.208044409751892090e+00 1.193143367767333984e+00 -1.666347384452819824e-01 -2.324036657810211182e-01 -1.825407147407531738e-01
1.213039994239807129e+00 -1.210186719894409180e+00 1.193843841552734375e+00 -1.651145517826080322e-01 -2.312762737274169922e-01 -1.861018687486648560e-01
1.211271047592163086e+00 -1.212808728218078613e+00 1.193386197090148926e+00 -1.633022725582122803e-01 -2.298458069562911987e-01 -1.894891411066055298e-01
1.210205316543579102e+00 -1.213845014572143555e+00 1.194357752799987793e+00 -1.611821651458740234e-01 -2.288892567157745361e-01 -1.922069638967514038e-01
