1.218920469284057617e+00 -1.225463628768920898e+00 1.205698728561401367e+00 -1.931308656930923462e-01 -2.267738431692123413e-01 -2.171551734209060669e-01
1.218807578086853027e+00 -1.225363850593566895e+00 1.205644726753234863e+00 -1.931544393301010132e-01 -2.268019914627075195e-01 -2.170995920896530151e-01
1.218531847000122070e+00 -1.225065469741821289e+00 1.205514430999755859e+00 -1.932282596826553345e-01 -2.268677502870559692e-01 -2.169805765151977539e-01
1.217587232589721680e+00 -1.224341034889221191e+00 1.205018997192382812e+00 -1.934362649917602539e-01 -2.270054221153259277e-01 -2.167597115039825439e-01
1.214714884757995605e+00 -1.222621679306030273e+00 1.203696727752685547e+00 -1.938453167676925659e-01 -2.281187772750854492e-01 -2.150889337062835693e-01
1.212564587593078613e+00 -1.218191146850585938e+00 1.200585603713989258e+00 -1.959971189498901367e-01 -2.305188328027725220e-01 -2.116011828184127808e-01
1.208524823188781738e+00 -1.217197656631469727e+00 1.201222062110900879e+00 -1.965902894735336304e-01 -2.310010790824890137e-01 -2.126701474189758301e-01
1.207254052162170410e+00 -1.216233015060424805e+00 1.201047062873840332e+00 -1.976245194673538208e-01 -2.343685030937194824e-01 -2.101151943206787109e-01
1.206439137458801270e+00 -1.216023802757263184e+00 1.200413346290588379e+00 -1.986242383718490601e-01 -2.356330156326293945e-01 -2.098652720451354980e-01
1.207983493804931641e+00 -1.215276122093200684e+00 1.200746536254882812e+00 -1.994241178035736084e-01 -2.355182468891143799e-01 -2.120640277862548828e-01
1.207453250885009766e+00 -1.215673685073852539e+00 1.200540542602539062e+00 -2.003536224365234375e-01 -2.359811365604400635e-01 -2.131402492523193359e-01
