1.203374147415161133e+00 -1.228206038475036621e+00 1.192641258239746094e+00 -1.410787403583526611e-01 -2.247297167778015137e-01 -1.772728562355041504e-01
1.203490495681762695e+00 -1.227968096733093262e+00 1.192613124847412109e+00 -1.410947740077972412e-01 -2.247157394886016846e-01 -1.772872805595397949e-01
1.203787446022033691e+00 -1.227367520332336426e+00 1.192547082901000977e+00 -1.411623656749725342e-01 -2.247238010168075562e-01 -1.772444546222686768e-01
1.204687714576721191e+00 -1.225488185882568359e+00 1.192310690879821777e+00 -1.413022577762603760e-01 -2.245910614728927612e-01 -1.774419546127319336e-01
1.205915451049804688e+00 -1.222822308540344238e+00 1.192775011062622070e+00 -1.419677883386611938e-01 -2.244074195623397827e-01 -1.780808866024017334e-01
1.211912274360656738e+00 -1.211250305175781250e+00 1.189229846000671387e+00 -1.428257673978805542e-01 -2.241737544536590576e-01 -1.784551590681076050e-01
1.214818835258483887e+00 -1.208108663558959961e+00 1.189668416976928711e+00 -1.428819745779037476e-01 -2.223231941461563110e-01 -1.843623816967010498e-01
1.214291453361511230e+00 -1.207718729972839355e+00 1.190269231796264648e+00 -1.435395330190658569e-01 -2.225757092237472534e-01 -1.845389604568481445e-01
1.214010000228881836e+00 -1.207553744316101074e+00 1.190308213233947754e+00 -1.444820761680603027e-01 -2.227911055088043213e-01 -1.852769702672958374e-01
1.214089870452880859e+00 -1.206816434860229492e+00 1.189832091331481934e+00 -1.459949910640716553e-01 -2.223571389913558960e-01 -1.858685910701751709e-01
1.214439511299133301e+00 -1.207618951797485352e+00 1.189235091209411621e+00 -1.465062201023101807e-01 -2.220077067613601685e-01 -1.873121410608291626e-01
