1.103694319725036621e+00 -1.261951804161071777e+00 1.224059104919433594e+00 -1.614295691251754761e-01 -3.937806561589241028e-02 -8.177820593118667603e-02
1.104886531829833984e+00 -1.261433959007263184e+00 1.223778724670410156e+00 -1.615444719791412354e-01 -3.949023038148880005e-02 -8.161213248968124390e-02
1.108181834220886230e+00 -1.260001659393310547e+00 1.222986817359924316e+00 -1.618119776248931885e-01 -3.975754231214523315e-02 -8.120542764663696289e-02
1.117411136627197266e+00 -1.255791664123535156e+00 1.220524072647094727e+00 -1.626003682613372803e-01 -4.023675248026847839e-02 -8.028566092252731323e-02
1.140558600425720215e+00 -1.245407819747924805e+00 1.214813828468322754e+00 -1.653488725423812866e-01 -4.199785739183425903e-02 -7.832632958889007568e-02
1.179885864257812500e+00 -1.228840947151184082e+00 1.205926656723022461e+00 -1.695855855941772461e-01 -4.605244472622871399e-02 -7.705401629209518433e-02
1.205192089080810547e+00 -1.217844486236572266e+00 1.199488639831542969e+00 -1.744946390390396118e-01 -5.120959505438804626e-02 -8.190933614969253540e-02
1.210290789604187012e+00 -1.216044545173645020e+00 1.199134230613708496e+00 -1.805195063352584839e-01 -5.713537335395812988e-02 -8.663402497768402100e-02
1.211324095726013184e+00 -1.215699076652526855e+00 1.198708415031433105e+00 -1.858609765768051147e-01 -6.130892038345336914e-02 -9.069647639989852905e-02
1.211382865905761719e+00 -1.216120123863220215e+00 1.199219584465026855e+00 -1.903023272752761841e-01 -6.455693393945693970e-02 -9.432806819677352905e-02
1.209413170814514160e+00 -1.218327045440673828e+00 1.201575160026550293e+00 -1.930449753999710083e-01 -6.711913645267486572e-02 -9.938185662031173706e-02
