1.419812440872192383e+00 -1.386974215507507324e+00 1.153310060501098633e+00 -1.678806394338607788e-01 -2.272834330797195435e-01 -3.732386827468872070e-01
1.417641997337341309e+00 -1.385018944740295410e+00 1.153843879699707031e+00 -1.680813729763031006e-01 -2.280406802892684937e-01 -3.717752993106842041e-01
1.411800146102905273e+00 -1.379502534866333008e+00 1.155384302139282227e+00 -1.687487512826919556e-01 -2.302481979131698608e-01 -3.676264286041259766e-01
1.395764946937561035e+00 -1.364702820777893066e+00 1.159280896186828613e+00 -1.710625886917114258e-01 -2.365632504224777222e-01 -3.559439480304718018e-01
1.351902127265930176e+00 -1.331461787223815918e+00 1.169257283210754395e+00 -1.755791008472442627e-01 -2.499885708093643188e-01 -3.289235234260559082e-01
1.272728204727172852e+00 -1.272423624992370605e+00 1.185869455337524414e+00 -1.810164451599121094e-01 -2.679100334644317627e-01 -2.843435704708099365e-01
1.219073176383972168e+00 -1.233222246170043945e+00 1.200111865997314453e+00 -1.826995611190795898e-01 -2.763960957527160645e-01 -2.560965418815612793e-01
1.209351897239685059e+00 -1.220766663551330566e+00 1.200065970420837402e+00 -1.826832294464111328e-01 -2.771808207035064697e-01 -2.476757168769836426e-01
1.205870389938354492e+00 -1.220949649810791016e+00 1.202871084213256836e+00 -1.801974624395370483e-01 -2.767684459686279297e-01 -2.447132468223571777e-01
1.204608321189880371e+00 -1.222889304161071777e+00 1.204782009124755859e+00 -1.779898703098297119e-01 -2.760888338088989258e-01 -2.434994429349899292e-01
1.204770445823669434e+00 -1.222517490386962891e+00 1.203457713127136230e+00 -1.759093850851058960e-01 -2.737312912940979004e-01 -2.432414293289184570e-01
