1.210388779640197754e+00 -1.222851037979125977e+00 1.200669407844543457e+00 -1.881487667560577393e-01 -1.862273961305618286e-01 -1.923028379678726196e-01
1.210570573806762695e+00 -1.222475767135620117e+00 1.200266957283020020e+00 -1.882095634937286377e-01 -1.862214207649230957e-01 -1.922194063663482666e-01
1.211080074310302734e+00 -1.221428871154785156e+00 1.199134588241577148e+00 -1.883694976568222046e-01 -1.861811876296997070e-01 -1.919785439968109131e-01
1.212673902511596680e+00 -1.218231081962585449e+00 1.195751786231994629e+00 -1.888207644224166870e-01 -1.860431581735610962e-01 -1.911105811595916748e-01
1.217728495597839355e+00 -1.208402395248413086e+00 1.185500144958496094e+00 -1.901180893182754517e-01 -1.856344342231750488e-01 -1.888735741376876831e-01
1.230556845664978027e+00 -1.184599757194519043e+00 1.160985827445983887e+00 -1.933095008134841919e-01 -1.851958334445953369e-01 -1.844686120748519897e-01
1.254742503166198730e+00 -1.143080711364746094e+00 1.121345877647399902e+00 -1.996321678161621094e-01 -1.865052431821823120e-01 -1.745267510414123535e-01
1.287883996963500977e+00 -1.085505723953247070e+00 1.066768765449523926e+00 -2.074237167835235596e-01 -1.865422874689102173e-01 -1.610180586576461792e-01
1.331226110458374023e+00 -1.002806544303894043e+00 9.846699833869934082e-01 -2.161862999200820923e-01 -1.828174293041229248e-01 -1.481806039810180664e-01
1.390753269195556641e+00 -8.761151432991027832e-01 8.574612140655517578e-01 -2.285324782133102417e-01 -1.775652766227722168e-01 -1.282054632902145386e-01
1.459863424301147461e+00 -6.962284445762634277e-01 6.734175682067871094e-01 -2.441561520099639893e-01 -1.707029342651367188e-01 -9.642563760280609131e-02
