1.202803730964660645e+00 -1.069470047950744629e+00 1.181212306022644043e+00 -2.121742069721221924e-01 -2.195688486099243164e-01 -1.756319105625152588e-01
1.202701449394226074e+00 -1.071332812309265137e+00 1.181619167327880859e+00 -2.119882851839065552e-01 -2.194565534591674805e-01 -1.762088239192962646e-01
1.202433943748474121e+00 -1.076425909996032715e+00 1.182704687118530273e+00 -2.114789634943008423e-01 -2.191447168588638306e-01 -1.778061985969543457e-01
1.201895236968994141e+00 -1.090089917182922363e+00 1.185489535331726074e+00 -2.101950794458389282e-01 -2.184276878833770752e-01 -1.818015873432159424e-01
1.200187563896179199e+00 -1.125465393066406250e+00 1.193333745002746582e+00 -2.068327516317367554e-01 -2.173877060413360596e-01 -1.906136125326156616e-01
1.195428490638732910e+00 -1.189540624618530273e+00 1.209587931632995605e+00 -1.999980211257934570e-01 -2.161608636379241943e-01 -2.024906873703002930e-01
1.188396453857421875e+00 -1.236147999763488770e+00 1.225267171859741211e+00 -1.940019279718399048e-01 -2.157247960567474365e-01 -2.083005905151367188e-01
1.183669209480285645e+00 -1.251285433769226074e+00 1.234642267227172852e+00 -1.925234496593475342e-01 -2.169261574745178223e-01 -2.102995961904525757e-01
1.182024717330932617e+00 -1.254428267478942871e+00 1.236646175384521484e+00 -1.932408064603805542e-01 -2.191474437713623047e-01 -2.089558690786361694e-01
1.182823657989501953e+00 -1.253188967704772949e+00 1.234691977500915527e+00 -1.910769343376159668e-01 -2.168503701686859131e-01 -2.095254361629486084e-01
1.186576843261718750e+00 -1.248295545578002930e+00 1.230376958847045898e+00 -1.890470832586288452e-01 -2.144114971160888672e-01 -2.079816758632659912e-01
