1.231283068656921387e+00 -1.298099756240844727e+00 1.165825128555297852e+00 -1.920860707759857178e-01 -2.074458301067352295e-01 -2.076887190341949463e-01
1.230922222137451172e+00 -1.297385215759277344e+00 1.166390895843505859e+00 -1.919853687286376953e-01 -2.074356824159622192e-01 -2.077002823352813721e-01
1.229948878288269043e+00 -1.295392394065856934e+00 1.167894482612609863e+00 -1.916353404521942139e-01 -2.074120193719863892e-01 -2.075645476579666138e-01
1.227399349212646484e+00 -1.289845943450927734e+00 1.171836614608764648e+00 -1.905084401369094849e-01 -2.075421512126922607e-01 -2.064370065927505493e-01
1.220405936241149902e+00 -1.276529073715209961e+00 1.182649850845336914e+00 -1.870264708995819092e-01 -2.071539610624313354e-01 -2.043281942605972290e-01
1.208415746688842773e+00 -1.252409577369689941e+00 1.200263619422912598e+00 -1.791343986988067627e-01 -2.043605446815490723e-01 -1.999677717685699463e-01
1.200929999351501465e+00 -1.235967278480529785e+00 1.211900115013122559e+00 -1.744617223739624023e-01 -2.024189233779907227e-01 -2.004630267620086670e-01
1.198417305946350098e+00 -1.233273267745971680e+00 1.215251326560974121e+00 -1.746035814285278320e-01 -2.050978541374206543e-01 -1.976372748613357544e-01
1.198157668113708496e+00 -1.232308387756347656e+00 1.215990066528320312e+00 -1.741456687450408936e-01 -2.068345248699188232e-01 -1.947849690914154053e-01
1.197951912879943848e+00 -1.231877565383911133e+00 1.215309143066406250e+00 -1.710986793041229248e-01 -2.056178599596023560e-01 -1.937558054924011230e-01
1.198413848876953125e+00 -1.233597397804260254e+00 1.215200185775756836e+00 -1.639514416456222534e-01 -2.003143131732940674e-01 -1.933494210243225098e-01
