1.281511425971984863e+00 -1.080468773841857910e+00 1.194808602333068848e+00 -2.144267410039901733e-01 -2.249710112810134888e-01 -1.687953621149063110e-01
1.280716300010681152e+00 -1.081921219825744629e+00 1.194898486137390137e+00 -2.144497036933898926e-01 -2.249531000852584839e-01 -1.691298633813858032e-01
1.278533220291137695e+00 -1.085891962051391602e+00 1.195112466812133789e+00 -2.145598679780960083e-01 -2.249251604080200195e-01 -1.700582802295684814e-01
1.272596359252929688e+00 -1.096660017967224121e+00 1.195543646812438965e+00 -2.149311453104019165e-01 -2.248839586973190308e-01 -1.728693544864654541e-01
1.257574081420898438e+00 -1.123906612396240234e+00 1.196270942687988281e+00 -2.160067707300186157e-01 -2.250006794929504395e-01 -1.796952337026596069e-01
1.231052756309509277e+00 -1.171709060668945312e+00 1.197687506675720215e+00 -2.188727110624313354e-01 -2.264290750026702881e-01 -1.901351362466812134e-01
1.213769674301147461e+00 -1.203994870185852051e+00 1.199839234352111816e+00 -2.204212397336959839e-01 -2.280521094799041748e-01 -1.975577771663665771e-01
1.207913160324096680e+00 -1.214153766632080078e+00 1.203668951988220215e+00 -2.206329554319381714e-01 -2.310786992311477661e-01 -1.979839950799942017e-01
1.206012368202209473e+00 -1.216988921165466309e+00 1.205271005630493164e+00 -2.213703989982604980e-01 -2.339200377464294434e-01 -1.971464008092880249e-01
1.205419898033142090e+00 -1.217607259750366211e+00 1.206359148025512695e+00 -2.234196513891220093e-01 -2.383188605308532715e-01 -1.968711763620376587e-01
1.208418369293212891e+00 -1.211574912071228027e+00 1.202190279960632324e+00 -2.264330983161926270e-01 -2.427043914794921875e-01 -1.990712583065032959e-01
