1.155112981796264648e+00 -1.152356505393981934e+00 1.408642530441284180e+00 -2.679701447486877441e-01 -2.638185918331146240e-01 -1.690246164798736572e-01
1.155851960182189941e+00 -1.153042078018188477e+00 1.406329393386840820e+00 -2.681688666343688965e-01 -2.634127140045166016e-01 -1.692434549331665039e-01
1.157850027084350586e+00 -1.154900431632995605e+00 1.399938941001892090e+00 -2.687856256961822510e-01 -2.623674273490905762e-01 -1.696796119213104248e-01
1.162769317626953125e+00 -1.160421609878540039e+00 1.383024334907531738e+00 -2.705118060111999512e-01 -2.597474157810211182e-01 -1.706558167934417725e-01
1.174544811248779297e+00 -1.174975156784057617e+00 1.340619206428527832e+00 -2.744335830211639404e-01 -2.524322867393493652e-01 -1.747953295707702637e-01
1.192871451377868652e+00 -1.199486613273620605e+00 1.266213536262512207e+00 -2.815934419631958008e-01 -2.382816523313522339e-01 -1.819835901260375977e-01
1.199068069458007812e+00 -1.219992160797119141e+00 1.224127769470214844e+00 -2.860724925994873047e-01 -2.283620536327362061e-01 -1.848609745502471924e-01
1.199910640716552734e+00 -1.225219130516052246e+00 1.215180039405822754e+00 -2.868168950080871582e-01 -2.257413566112518311e-01 -1.863209605216979980e-01
1.199563622474670410e+00 -1.226576924324035645e+00 1.215165019035339355e+00 -2.877661883831024170e-01 -2.273186743259429932e-01 -1.893046051263809204e-01
1.201283574104309082e+00 -1.224147200584411621e+00 1.212249755859375000e+00 -2.901028394699096680e-01 -2.296385914087295532e-01 -1.907861828804016113e-01
1.196224331855773926e+00 -1.232588768005371094e+00 1.219718694686889648e+00 -2.933549582958221436e-01 -2.346487343311309814e-01 -1.931955367326736450e-01
