1.175270438194274902e+00 -1.273177146911621094e+00 1.230087041854858398e+00 -2.257490158081054688e-01 -2.137656509876251221e-01 -2.131215631961822510e-01
1.175531744956970215e+00 -1.272698044776916504e+00 1.229904055595397949e+00 -2.257795780897140503e-01 -2.137810289859771729e-01 -2.130314409732818604e-01
1.176225304603576660e+00 -1.271440863609313965e+00 1.229447245597839355e+00 -2.258739620447158813e-01 -2.138456702232360840e-01 -2.127883583307266235e-01
1.177865862846374512e+00 -1.268367052078247070e+00 1.228525757789611816e+00 -2.261903285980224609e-01 -2.141804099082946777e-01 -2.122787982225418091e-01
1.182361841201782227e+00 -1.259936690330505371e+00 1.225800037384033203e+00 -2.271829545497894287e-01 -2.152418196201324463e-01 -2.107895612716674805e-01
1.192145228385925293e+00 -1.243450999259948730e+00 1.219367980957031250e+00 -2.288085520267486572e-01 -2.169101238250732422e-01 -2.077511996030807495e-01
1.199194073677062988e+00 -1.231842279434204102e+00 1.214143753051757812e+00 -2.283520251512527466e-01 -2.178337275981903076e-01 -2.060963511466979980e-01
1.200724244117736816e+00 -1.228358864784240723e+00 1.211840510368347168e+00 -2.282513380050659180e-01 -2.205683588981628418e-01 -2.053800523281097412e-01
1.200325131416320801e+00 -1.228750348091125488e+00 1.213348865509033203e+00 -2.281872332096099854e-01 -2.235486656427383423e-01 -2.064326852560043335e-01
1.201148867607116699e+00 -1.227127432823181152e+00 1.211697459220886230e+00 -2.286679446697235107e-01 -2.249086350202560425e-01 -2.059094160795211792e-01
1.205488324165344238e+00 -1.220647335052490234e+00 1.203680157661437988e+00 -2.295725196599960327e-01 -2.233858704566955566e-01 -2.054046839475631714e-01
