1.214569687843322754e+00 -1.225352406501770020e+00 1.190653204917907715e+00 -2.008011490106582642e-01 -2.795518040657043457e-01 -2.777785062789916992e-01
1.214484930038452148e+00 -1.225270152091979980e+00 1.190790891647338867e+00 -2.008162289857864380e-01 -2.797009050846099854e-01 -2.774907648563385010e-01
1.214238524436950684e+00 -1.225079298019409180e+00 1.191175937652587891e+00 -2.008235454559326172e-01 -2.800575196743011475e-01 -2.767861485481262207e-01
1.213450670242309570e+00 -1.224830031394958496e+00 1.192360758781433105e+00 -2.007783502340316772e-01 -2.809332907199859619e-01 -2.750974893569946289e-01
1.211321234703063965e+00 -1.224153757095336914e+00 1.195467591285705566e+00 -2.012386918067932129e-01 -2.840515673160552979e-01 -2.699989080429077148e-01
1.207929491996765137e+00 -1.222114443778991699e+00 1.201147317886352539e+00 -2.010077685117721558e-01 -2.890417575836181641e-01 -2.594522833824157715e-01
1.206353068351745605e+00 -1.220307469367980957e+00 1.204121947288513184e+00 -1.987537890672683716e-01 -2.912481427192687988e-01 -2.486214935779571533e-01
1.205070853233337402e+00 -1.220904469490051270e+00 1.205575346946716309e+00 -1.971012651920318604e-01 -2.930871546268463135e-01 -2.407889068126678467e-01
1.204276561737060547e+00 -1.221620798110961914e+00 1.206725001335144043e+00 -1.951073259115219116e-01 -2.939147949218750000e-01 -2.344714701175689697e-01
1.203779101371765137e+00 -1.222046017646789551e+00 1.207451224327087402e+00 -1.920347213745117188e-01 -2.927432060241699219e-01 -2.310009002685546875e-01
1.204818487167358398e+00 -1.222524642944335938e+00 1.207250356674194336e+00 -1.887041181325912476e-01 -2.898200154304504395e-01 -2.330879271030426025e-01
