1.209868550300598145e+00 -1.217358231544494629e+00 1.209876179695129395e+00 -2.707721590995788574e-01 -2.250793874263763428e-01 -1.286195218563079834e-01
1.209854245185852051e+00 -1.217341303825378418e+00 1.209778070449829102e+00 -2.706927061080932617e-01 -2.248040437698364258e-01 -1.292241811752319336e-01
1.209791183471679688e+00 -1.217341065406799316e+00 1.209551095962524414e+00 -2.704449594020843506e-01 -2.240497767925262451e-01 -1.309474706649780273e-01
1.209567546844482422e+00 -1.217500329017639160e+00 1.209061622619628906e+00 -2.694862186908721924e-01 -2.217406034469604492e-01 -1.358168125152587891e-01
1.209185838699340820e+00 -1.217766165733337402e+00 1.207618117332458496e+00 -2.665347456932067871e-01 -2.151062786579132080e-01 -1.482785195112228394e-01
1.207206964492797852e+00 -1.219584345817565918e+00 1.206698179244995117e+00 -2.628694176673889160e-01 -2.059745490550994873e-01 -1.696340739727020264e-01
1.205140829086303711e+00 -1.221183180809020996e+00 1.207025170326232910e+00 -2.624846398830413818e-01 -2.029116153717041016e-01 -1.816980540752410889e-01
1.205601215362548828e+00 -1.219457268714904785e+00 1.205448150634765625e+00 -2.636589109897613525e-01 -2.032276242971420288e-01 -1.847640126943588257e-01
1.203841209411621094e+00 -1.221692204475402832e+00 1.208207726478576660e+00 -2.644237875938415527e-01 -2.042592763900756836e-01 -1.877125203609466553e-01
1.204456448554992676e+00 -1.220552802085876465e+00 1.207601070404052734e+00 -2.647558152675628662e-01 -2.044269293546676636e-01 -1.898874342441558838e-01
1.206974864006042480e+00 -1.217516422271728516e+00 1.203115820884704590e+00 -2.637404799461364746e-01 -2.031877934932708740e-01 -1.918162703514099121e-01
