1.121047019958496094e+00 -1.349598884582519531e+00 1.101480603218078613e+00 -2.373192757368087769e-01 -1.891044080257415771e-01 -1.882316470146179199e-01
1.122028350830078125e+00 -1.348041057586669922e+00 1.102428078651428223e+00 -2.372207939624786377e-01 -1.891683042049407959e-01 -1.881937831640243530e-01
1.124659180641174316e+00 -1.343869686126708984e+00 1.105159759521484375e+00 -2.369772940874099731e-01 -1.894301921129226685e-01 -1.879740953445434570e-01
1.131706953048706055e+00 -1.332733392715454102e+00 1.112864375114440918e+00 -2.365856766700744629e-01 -1.903235018253326416e-01 -1.877127736806869507e-01
1.150646209716796875e+00 -1.303189396858215332e+00 1.131202816963195801e+00 -2.358490973711013794e-01 -1.918217837810516357e-01 -1.876582205295562744e-01
1.183898806571960449e+00 -1.251571536064147949e+00 1.163842201232910156e+00 -2.374777346849441528e-01 -1.989020109176635742e-01 -1.869912743568420410e-01
1.206516981124877930e+00 -1.217120051383972168e+00 1.184631824493408203e+00 -2.418573498725891113e-01 -2.070695161819458008e-01 -1.910673379898071289e-01
1.213232159614562988e+00 -1.206908822059631348e+00 1.187719583511352539e+00 -2.434199452400207520e-01 -2.095930874347686768e-01 -1.939006894826889038e-01
1.215420484542846680e+00 -1.204703569412231445e+00 1.187376976013183594e+00 -2.428018003702163696e-01 -2.100102603435516357e-01 -1.927360594272613525e-01
1.213401913642883301e+00 -1.208458781242370605e+00 1.191680073738098145e+00 -2.413677722215652466e-01 -2.106760591268539429e-01 -1.922904700040817261e-01
1.214102387428283691e+00 -1.206992626190185547e+00 1.190657615661621094e+00 -2.415860891342163086e-01 -2.113420963287353516e-01 -1.931744217872619629e-01
