1.411535501480102539e+00 -1.173433065414428711e+00 1.090052127838134766e+00 -2.384873926639556885e-01 -2.125385999679565430e-01 -3.878409266471862793e-01
1.409186363220214844e+00 -1.174227476119995117e+00 1.091611385345458984e+00 -2.382305711507797241e-01 -2.134561538696289062e-01 -3.865768909454345703e-01
1.402617812156677246e+00 -1.176508903503417969e+00 1.096016526222229004e+00 -2.375879585742950439e-01 -2.161619961261749268e-01 -3.830302655696868896e-01
1.384676456451416016e+00 -1.182402372360229492e+00 1.107661962509155273e+00 -2.361617088317871094e-01 -2.238691747188568115e-01 -3.728897869586944580e-01
1.341124892234802246e+00 -1.193781495094299316e+00 1.133774518966674805e+00 -2.335505485534667969e-01 -2.419053614139556885e-01 -3.452472984790802002e-01
1.266784667968750000e+00 -1.209006547927856445e+00 1.175668120384216309e+00 -2.326959967613220215e-01 -2.727433145046234131e-01 -2.935645580291748047e-01
1.219820857048034668e+00 -1.215097308158874512e+00 1.197555541992187500e+00 -2.328991293907165527e-01 -2.881515622138977051e-01 -2.627752125263214111e-01
1.211593151092529297e+00 -1.213454008102416992e+00 1.199878096580505371e+00 -2.329109907150268555e-01 -2.914719283580780029e-01 -2.558093070983886719e-01
1.209797501564025879e+00 -1.214764833450317383e+00 1.201457738876342773e+00 -2.335345745086669922e-01 -2.936968207359313965e-01 -2.540166079998016357e-01
1.209998369216918945e+00 -1.215098738670349121e+00 1.201765894889831543e+00 -2.339532226324081421e-01 -2.947038412094116211e-01 -2.523096203804016113e-01
1.209436416625976562e+00 -1.217634320259094238e+00 1.203492879867553711e+00 -2.315358519554138184e-01 -2.930044233798980713e-01 -2.520516216754913330e-01
