1.173244714736938477e+00 -1.176381945610046387e+00 1.095353126525878906e+00 -1.766867488622665405e-01 -1.898069828748703003e-01 -6.367806345224380493e-02
1.173681735992431641e+00 -1.176831722259521484e+00 1.096431970596313477e+00 -1.764579415321350098e-01 -1.894149631261825562e-01 -6.465318053960800171e-02
1.174879312515258789e+00 -1.178056240081787109e+00 1.099385738372802734e+00 -1.758422106504440308e-01 -1.883537173271179199e-01 -6.735360622406005859e-02
1.178024768829345703e+00 -1.181495308876037598e+00 1.107548356056213379e+00 -1.742826998233795166e-01 -1.857337653636932373e-01 -7.464755326509475708e-02
1.186230063438415527e+00 -1.189768314361572266e+00 1.128363251686096191e+00 -1.704573184251785278e-01 -1.795795261859893799e-01 -9.287492930889129639e-02
1.202627897262573242e+00 -1.199757456779479980e+00 1.161845564842224121e+00 -1.654636561870574951e-01 -1.719028055667877197e-01 -1.232786327600479126e-01
1.213253378868103027e+00 -1.204233646392822266e+00 1.182787895202636719e+00 -1.651485860347747803e-01 -1.710801422595977783e-01 -1.446740329265594482e-01
1.215647220611572266e+00 -1.204839110374450684e+00 1.187022209167480469e+00 -1.679471284151077271e-01 -1.740787327289581299e-01 -1.503359377384185791e-01
1.214658856391906738e+00 -1.206343889236450195e+00 1.189299702644348145e+00 -1.712291985750198364e-01 -1.770651936531066895e-01 -1.547842025756835938e-01
1.214820981025695801e+00 -1.205982565879821777e+00 1.189757823944091797e+00 -1.763710528612136841e-01 -1.811871975660324097e-01 -1.596192419528961182e-01
1.216920375823974609e+00 -1.203428387641906738e+00 1.186701774597167969e+00 -1.821943223476409912e-01 -1.850521713495254517e-01 -1.637275665998458862e-01
