1.139220356941223145e+00 -1.079726815223693848e+00 1.219039559364318848e+00 -2.400313764810562134e-01 -2.364453077316284180e-01 -1.686130017042160034e-01
1.140002727508544922e+00 -1.081266999244689941e+00 1.218891859054565430e+00 -2.399703562259674072e-01 -2.363523691892623901e-01 -1.689769476652145386e-01
1.142150759696960449e+00 -1.085496425628662109e+00 1.218430995941162109e+00 -2.397572696208953857e-01 -2.358839958906173706e-01 -1.701895892620086670e-01
1.148011922836303711e+00 -1.096931934356689453e+00 1.217223763465881348e+00 -2.393126487731933594e-01 -2.353142797946929932e-01 -1.728408634662628174e-01
1.163322329521179199e+00 -1.125982046127319336e+00 1.213905096054077148e+00 -2.369694858789443970e-01 -2.316953241825103760e-01 -1.812018752098083496e-01
1.188093066215515137e+00 -1.175170779228210449e+00 1.204964518547058105e+00 -2.319105118513107300e-01 -2.216481268405914307e-01 -1.984520554542541504e-01
1.208245635032653809e+00 -1.211827278137207031e+00 1.196832180023193359e+00 -2.343290895223617554e-01 -2.235185801982879639e-01 -2.074250429868698120e-01
1.208612561225891113e+00 -1.219871163368225098e+00 1.199069499969482422e+00 -2.336251288652420044e-01 -2.254595160484313965e-01 -2.046073526144027710e-01
1.209812045097351074e+00 -1.222328424453735352e+00 1.198867321014404297e+00 -2.325508743524551392e-01 -2.245072275400161743e-01 -2.041769474744796753e-01
1.209291815757751465e+00 -1.223254084587097168e+00 1.198888301849365234e+00 -2.301938086748123169e-01 -2.224668562412261963e-01 -2.054784595966339111e-01
1.209504365921020508e+00 -1.223938822746276855e+00 1.198968648910522461e+00 -2.284293472766876221e-01 -2.203617691993713379e-01 -2.056708335876464844e-01
