1.238553404808044434e+00 -1.163257598876953125e+00 1.305072665214538574e+00 -1.436759829521179199e-01 -2.496161609888076782e-01 -2.841687202453613281e-01
1.238435268402099609e+00 -1.163758993148803711e+00 1.303860306739807129e+00 -1.439598798751831055e-01 -2.498686462640762329e-01 -2.834351658821105957e-01
1.237972974777221680e+00 -1.165222287178039551e+00 1.300445079803466797e+00 -1.447220891714096069e-01 -2.505167722702026367e-01 -2.813762426376342773e-01
1.236795544624328613e+00 -1.169147849082946777e+00 1.291532158851623535e+00 -1.472485512495040894e-01 -2.522242963314056396e-01 -2.766677141189575195e-01
1.233727455139160156e+00 -1.179055690765380859e+00 1.269205212593078613e+00 -1.530537456274032593e-01 -2.586849629878997803e-01 -2.618039250373840332e-01
1.224655747413635254e+00 -1.198707461357116699e+00 1.228449940681457520e+00 -1.678925454616546631e-01 -2.683232724666595459e-01 -2.431032061576843262e-01
1.211579561233520508e+00 -1.215274095535278320e+00 1.199761867523193359e+00 -1.777392029762268066e-01 -2.733969986438751221e-01 -2.346925735473632812e-01
1.208774566650390625e+00 -1.218426585197448730e+00 1.190741181373596191e+00 -1.788367629051208496e-01 -2.733520567417144775e-01 -2.304176688194274902e-01
1.209379196166992188e+00 -1.217098355293273926e+00 1.189471125602722168e+00 -1.787261515855789185e-01 -2.727301716804504395e-01 -2.292114347219467163e-01
1.210023880004882812e+00 -1.216055631637573242e+00 1.188844561576843262e+00 -1.788073033094406128e-01 -2.720121443271636963e-01 -2.278083264827728271e-01
1.209730744361877441e+00 -1.215826392173767090e+00 1.187939405441284180e+00 -1.787956506013870239e-01 -2.718803584575653076e-01 -2.273702472448348999e-01
