1.583400964736938477e+00 -1.260687828063964844e+00 1.230956912040710449e+00 -1.795591413974761963e-01 -1.141832545399665833e-01 -2.131313085556030273e-01
1.579187989234924316e+00 -1.260584592819213867e+00 1.231058239936828613e+00 -1.800933778285980225e-01 -1.150389760732650757e-01 -2.125609666109085083e-01
1.567230939865112305e+00 -1.260531783103942871e+00 1.231466174125671387e+00 -1.817451864480972290e-01 -1.175267249345779419e-01 -2.110134065151214600e-01
1.534636616706848145e+00 -1.259211659431457520e+00 1.230996608734130859e+00 -1.850936859846115112e-01 -1.238884627819061279e-01 -2.052248120307922363e-01
1.451338648796081543e+00 -1.256766796112060547e+00 1.229773879051208496e+00 -2.025242596864700317e-01 -1.428624838590621948e-01 -2.007026374340057373e-01
1.326308131217956543e+00 -1.239143252372741699e+00 1.216559410095214844e+00 -2.427068650722503662e-01 -1.664049327373504639e-01 -1.932891607284545898e-01
1.232428073883056641e+00 -1.228494405746459961e+00 1.208709955215454102e+00 -2.531326413154602051e-01 -1.691393703222274780e-01 -1.732927858829498291e-01
1.212052226066589355e+00 -1.224485635757446289e+00 1.203374028205871582e+00 -2.536151409149169922e-01 -1.706397831439971924e-01 -1.672079414129257202e-01
1.207982063293457031e+00 -1.223929882049560547e+00 1.205219149589538574e+00 -2.543168067932128906e-01 -1.736184954643249512e-01 -1.672160029411315918e-01
1.209123492240905762e+00 -1.225171208381652832e+00 1.204102039337158203e+00 -2.532203495502471924e-01 -1.720405817031860352e-01 -1.698489785194396973e-01
1.210071921348571777e+00 -1.223338842391967773e+00 1.205985307693481445e+00 -2.529718875885009766e-01 -1.725739389657974243e-01 -1.726219356060028076e-01
