1.218334794044494629e+00 -1.166098833084106445e+00 1.169202446937561035e+00 -1.892402619123458862e-01 -2.136973440647125244e-01 -2.176563292741775513e-01
1.218469381332397461e+00 -1.166267514228820801e+00 1.169134020805358887e+00 -1.892523318529129028e-01 -2.137623578310012817e-01 -2.175315767526626587e-01
1.218781471252441406e+00 -1.166831970214843750e+00 1.169049382209777832e+00 -1.892773807048797607e-01 -2.139716744422912598e-01 -2.171748876571655273e-01
1.219422578811645508e+00 -1.168727040290832520e+00 1.169198393821716309e+00 -1.894563138484954834e-01 -2.144953459501266479e-01 -2.162693142890930176e-01
1.221146583557128906e+00 -1.173282027244567871e+00 1.169453024864196777e+00 -1.905815899372100830e-01 -2.152418941259384155e-01 -2.141851931810379028e-01
1.222235679626464844e+00 -1.184644103050231934e+00 1.172933459281921387e+00 -1.920560896396636963e-01 -2.160073965787887573e-01 -2.105295956134796143e-01
1.217740058898925781e+00 -1.200497388839721680e+00 1.183007836341857910e+00 -1.921645998954772949e-01 -2.163065522909164429e-01 -2.067710608243942261e-01
1.215891838073730469e+00 -1.205387353897094727e+00 1.186587214469909668e+00 -1.926337480545043945e-01 -2.141512632369995117e-01 -2.036202549934387207e-01
1.216491222381591797e+00 -1.204347252845764160e+00 1.185698151588439941e+00 -1.949271410703659058e-01 -2.124309986829757690e-01 -2.011691629886627197e-01
1.217124581336975098e+00 -1.203273415565490723e+00 1.184966921806335449e+00 -1.981835514307022095e-01 -2.115305215120315552e-01 -1.989505589008331299e-01
1.216309666633605957e+00 -1.204592227935791016e+00 1.186313152313232422e+00 -2.003141045570373535e-01 -2.104832381010055542e-01 -1.977512538433074951e-01
