1.516238212585449219e+00 -1.303418040275573730e+00 1.181594610214233398e+00 -1.550960242748260498e-01 -2.236147671937942505e-01 -2.124918699264526367e-01
1.512258887290954590e+00 -1.303476452827453613e+00 1.182755947113037109e+00 -1.553618609905242920e-01 -2.233481258153915405e-01 -2.127606123685836792e-01
1.501411557197570801e+00 -1.303558588027954102e+00 1.185878157615661621e+00 -1.561354398727416992e-01 -2.224962860345840454e-01 -2.134820520877838135e-01
1.472343802452087402e+00 -1.303393483161926270e+00 1.194165229797363281e+00 -1.586233377456665039e-01 -2.196373790502548218e-01 -2.152534127235412598e-01
1.400619268417358398e+00 -1.298151135444641113e+00 1.210720062255859375e+00 -1.681540608406066895e-01 -2.132479995489120483e-01 -2.175477594137191772e-01
1.282335281372070312e+00 -1.271871328353881836e+00 1.222742080688476562e+00 -1.909903585910797119e-01 -2.074616253376007080e-01 -2.085557281970977783e-01
1.218808650970458984e+00 -1.233511686325073242e+00 1.210607886314392090e+00 -2.192330062389373779e-01 -2.028586566448211670e-01 -1.832487583160400391e-01
1.216118216514587402e+00 -1.205939173698425293e+00 1.189599037170410156e+00 -2.381997406482696533e-01 -2.031784951686859131e-01 -1.736490428447723389e-01
1.216457366943359375e+00 -1.202244758605957031e+00 1.186880230903625488e+00 -2.416639626026153564e-01 -2.053453922271728516e-01 -1.762015223503112793e-01
1.215067863464355469e+00 -1.203262567520141602e+00 1.188570380210876465e+00 -2.397515922784805298e-01 -2.081048488616943359e-01 -1.767797321081161499e-01
1.220545411109924316e+00 -1.194578647613525391e+00 1.180608630180358887e+00 -2.384401410818099976e-01 -2.103943228721618652e-01 -1.715244948863983154e-01
