1.239789485931396484e+00 -1.238117218017578125e+00 1.210307955741882324e+00 -1.932627856731414795e-01 -1.908281147480010986e-01 -1.785373687744140625e-01
1.239295482635498047e+00 -1.238131642341613770e+00 1.210419893264770508e+00 -1.934234052896499634e-01 -1.907216459512710571e-01 -1.785531044006347656e-01
1.237929582595825195e+00 -1.238183140754699707e+00 1.210743427276611328e+00 -1.938882768154144287e-01 -1.904187202453613281e-01 -1.785693168640136719e-01
1.234135270118713379e+00 -1.238400340080261230e+00 1.211739301681518555e+00 -1.952861696481704712e-01 -1.896863281726837158e-01 -1.784882396459579468e-01
1.224263072013854980e+00 -1.239068627357482910e+00 1.214464902877807617e+00 -1.998044401407241821e-01 -1.881110817193984985e-01 -1.788897663354873657e-01
1.207287669181823730e+00 -1.239770650863647461e+00 1.219022035598754883e+00 -2.103802114725112915e-01 -1.861486285924911499e-01 -1.792317926883697510e-01
1.197259783744812012e+00 -1.239251732826232910e+00 1.221226096153259277e+00 -2.192951142787933350e-01 -1.836781501770019531e-01 -1.760919988155364990e-01
1.195098400115966797e+00 -1.239252209663391113e+00 1.221956133842468262e+00 -2.232807427644729614e-01 -1.813200116157531738e-01 -1.717958152294158936e-01
1.194548726081848145e+00 -1.239332556724548340e+00 1.222313880920410156e+00 -2.259379774332046509e-01 -1.808461248874664307e-01 -1.686364263296127319e-01
1.194647073745727539e+00 -1.239154100418090820e+00 1.222311377525329590e+00 -2.294823229312896729e-01 -1.806350499391555786e-01 -1.669414341449737549e-01
1.194354534149169922e+00 -1.238584995269775391e+00 1.222050786018371582e+00 -2.304231822490692139e-01 -1.814033836126327515e-01 -1.672206670045852661e-01
