1.180842876434326172e+00 -1.280854344367980957e+00 1.193899035453796387e+00 -2.243443578481674194e-01 -2.007285505533218384e-01 -2.229530662298202515e-01
1.180893182754516602e+00 -1.280541539192199707e+00 1.194350957870483398e+00 -2.245173454284667969e-01 -2.008069455623626709e-01 -2.227074056863784790e-01
1.181007266044616699e+00 -1.279712796211242676e+00 1.195621848106384277e+00 -2.250024378299713135e-01 -2.010139673948287964e-01 -2.220338582992553711e-01
1.181307673454284668e+00 -1.277451753616333008e+00 1.199067711830139160e+00 -2.263818234205245972e-01 -2.015348225831985474e-01 -2.202219218015670776e-01
1.182254910469055176e+00 -1.271519064903259277e+00 1.207726478576660156e+00 -2.305282801389694214e-01 -2.029418051242828369e-01 -2.154316306114196777e-01
1.184055805206298828e+00 -1.260942339897155762e+00 1.223098158836364746e+00 -2.399076223373413086e-01 -2.057011872529983521e-01 -2.065614759922027588e-01
1.185356736183166504e+00 -1.253458261489868164e+00 1.232459425926208496e+00 -2.467206567525863647e-01 -2.055083215236663818e-01 -1.991661489009857178e-01
1.185696482658386230e+00 -1.251835942268371582e+00 1.234900236129760742e+00 -2.495447695255279541e-01 -2.034951746463775635e-01 -1.933431327342987061e-01
1.185136914253234863e+00 -1.252018094062805176e+00 1.235717415809631348e+00 -2.535093426704406738e-01 -1.998693645000457764e-01 -1.887294054031372070e-01
1.185254931449890137e+00 -1.251577138900756836e+00 1.235644578933715820e+00 -2.591005861759185791e-01 -1.962861418724060059e-01 -1.856531500816345215e-01
1.186151981353759766e+00 -1.250712871551513672e+00 1.235228776931762695e+00 -2.617296874523162842e-01 -1.959123909473419189e-01 -1.817772686481475830e-01
