1.220121622085571289e+00 -1.153034567832946777e+00 1.203320741653442383e+00 -2.417854964733123779e-01 -2.002681940793991089e-01 -1.371126323938369751e-01
1.219506263732910156e+00 -1.154545664787292480e+00 1.204107046127319336e+00 -2.417925447225570679e-01 -2.000797092914581299e-01 -1.375203132629394531e-01
1.217769622802734375e+00 -1.158775925636291504e+00 1.206345558166503906e+00 -2.418759614229202271e-01 -1.996494382619857788e-01 -1.387636959552764893e-01
1.212078571319580078e+00 -1.171769142150878906e+00 1.213970661163330078e+00 -2.421456873416900635e-01 -1.986109018325805664e-01 -1.428715884685516357e-01
1.194547057151794434e+00 -1.208771467208862305e+00 1.237352252006530762e+00 -2.425449192523956299e-01 -1.954119503498077393e-01 -1.536055803298950195e-01
1.161500930786132812e+00 -1.274808287620544434e+00 1.279084086418151855e+00 -2.484279572963714600e-01 -1.898222714662551880e-01 -1.726427823305130005e-01
1.134039878845214844e+00 -1.322551131248474121e+00 1.311125159263610840e+00 -2.655366361141204834e-01 -1.845569610595703125e-01 -1.866706162691116333e-01
1.129392385482788086e+00 -1.330120205879211426e+00 1.314007043838500977e+00 -2.773274481296539307e-01 -1.799820959568023682e-01 -1.924667507410049438e-01
1.130626082420349121e+00 -1.328361511230468750e+00 1.311183810234069824e+00 -2.828310430049896240e-01 -1.758428215980529785e-01 -1.918367743492126465e-01
1.130725622177124023e+00 -1.328350663185119629e+00 1.311151862144470215e+00 -2.889521121978759766e-01 -1.712380200624465942e-01 -1.899837851524353027e-01
1.128941416740417480e+00 -1.330643415451049805e+00 1.313492178916931152e+00 -3.012818098068237305e-01 -1.659768670797348022e-01 -1.913116425275802612e-01
