1.305665254592895508e+00 -1.261430740356445312e+00 1.397733807563781738e+00 -7.040925323963165283e-02 -2.054792344570159912e-01 -1.443412452936172485e-01
1.303888320922851562e+00 -1.262034535408020020e+00 1.396581768989562988e+00 -7.113924622535705566e-02 -2.054788321256637573e-01 -1.449711471796035767e-01
1.299071311950683594e+00 -1.263630270957946777e+00 1.393356084823608398e+00 -7.309625297784805298e-02 -2.053794562816619873e-01 -1.465929448604583740e-01
1.286137819290161133e+00 -1.267701268196105957e+00 1.384333968162536621e+00 -7.871209830045700073e-02 -2.046213150024414062e-01 -1.504066586494445801e-01
1.253745317459106445e+00 -1.276199102401733398e+00 1.359652280807495117e+00 -9.490888565778732300e-02 -2.022356092929840088e-01 -1.598320305347442627e-01
1.200715422630310059e+00 -1.285103559494018555e+00 1.311835408210754395e+00 -1.308269053697586060e-01 -1.970376372337341309e-01 -1.756174564361572266e-01
1.172502279281616211e+00 -1.281944870948791504e+00 1.272681355476379395e+00 -1.615469753742218018e-01 -1.917117238044738770e-01 -1.843877732753753662e-01
1.166682004928588867e+00 -1.280606150627136230e+00 1.263310194015502930e+00 -1.686635315418243408e-01 -1.915356665849685669e-01 -1.842138022184371948e-01
1.165380716323852539e+00 -1.281376361846923828e+00 1.263158798217773438e+00 -1.700839102268218994e-01 -1.935352981090545654e-01 -1.846077740192413330e-01
1.165472269058227539e+00 -1.280876159667968750e+00 1.262774705886840820e+00 -1.745475530624389648e-01 -1.957772076129913330e-01 -1.855900883674621582e-01
1.167072057723999023e+00 -1.278060197830200195e+00 1.260291218757629395e+00 -1.829424202442169189e-01 -1.954365968704223633e-01 -1.850658655166625977e-01
