1.115249991416931152e+00 -1.198614120483398438e+00 1.177550196647644043e+00 -2.140544354915618896e-01 -2.156185060739517212e-01 -1.888396590948104858e-01
1.116310358047485352e+00 -1.198707699775695801e+00 1.177627921104431152e+00 -2.140619158744812012e-01 -2.157084345817565918e-01 -1.887685805559158325e-01
1.119106769561767578e+00 -1.199041962623596191e+00 1.177953720092773438e+00 -2.141155451536178589e-01 -2.160701900720596313e-01 -1.884563565254211426e-01
1.127837300300598145e+00 -1.199375748634338379e+00 1.178241372108459473e+00 -2.141510248184204102e-01 -2.166000902652740479e-01 -1.880535483360290527e-01
1.146008610725402832e+00 -1.203197002410888672e+00 1.181636214256286621e+00 -2.141106426715850830e-01 -2.185993641614913940e-01 -1.866052746772766113e-01
1.188081383705139160e+00 -1.200129628181457520e+00 1.178623795509338379e+00 -2.138500809669494629e-01 -2.190278768539428711e-01 -1.860479861497879028e-01
1.217811703681945801e+00 -1.197876453399658203e+00 1.183300733566284180e+00 -2.133061438798904419e-01 -2.207443416118621826e-01 -1.876570433378219604e-01
1.218689680099487305e+00 -1.199183702468872070e+00 1.181043624877929688e+00 -2.138721495866775513e-01 -2.222347408533096313e-01 -1.872275173664093018e-01
1.222817063331604004e+00 -1.197498798370361328e+00 1.181433200836181641e+00 -2.141539454460144043e-01 -2.235894948244094849e-01 -1.867278665304183960e-01
1.222189307212829590e+00 -1.195686697959899902e+00 1.177654623985290527e+00 -2.147227078676223755e-01 -2.240275293588638306e-01 -1.866520345211029053e-01
1.224015116691589355e+00 -1.193990230560302734e+00 1.176630496978759766e+00 -2.152080088853836060e-01 -2.257742285728454590e-01 -1.854612529277801514e-01
