1.047977805137634277e+00 -1.242838501930236816e+00 1.286088705062866211e+00 -1.575238406658172607e-01 -2.306226640939712524e-01 -2.139332145452499390e-01
1.049725890159606934e+00 -1.242588043212890625e+00 1.285210132598876953e+00 -1.577581167221069336e-01 -2.306998372077941895e-01 -2.138301730155944824e-01
1.054502844810485840e+00 -1.241934061050415039e+00 1.282848477363586426e+00 -1.584720164537429810e-01 -2.311111986637115479e-01 -2.133561968803405762e-01
1.066602110862731934e+00 -1.240596294403076172e+00 1.276854038238525391e+00 -1.596527844667434692e-01 -2.310899794101715088e-01 -2.130706012248992920e-01
1.099434733390808105e+00 -1.235242724418640137e+00 1.258669257164001465e+00 -1.638319194316864014e-01 -2.323835045099258423e-01 -2.106194347143173218e-01
1.153158545494079590e+00 -1.229174733161926270e+00 1.228473544120788574e+00 -1.663578152656555176e-01 -2.279232144355773926e-01 -2.121298909187316895e-01
1.189777970314025879e+00 -1.232687473297119141e+00 1.221569895744323730e+00 -1.696795225143432617e-01 -2.341794371604919434e-01 -2.038069963455200195e-01
1.198003768920898438e+00 -1.226463079452514648e+00 1.210519671440124512e+00 -1.714663356542587280e-01 -2.340913563966751099e-01 -2.032771855592727661e-01
1.202935814857482910e+00 -1.226655721664428711e+00 1.206633567810058594e+00 -1.717009991407394409e-01 -2.331655323505401611e-01 -2.046860009431838989e-01
1.205080986022949219e+00 -1.224490404129028320e+00 1.207370281219482422e+00 -1.719853878021240234e-01 -2.336272001266479492e-01 -2.033983618021011353e-01
1.204614996910095215e+00 -1.223717570304870605e+00 1.204265236854553223e+00 -1.723514050245285034e-01 -2.329400330781936646e-01 -2.032291591167449951e-01
