1.012594819068908691e+00 -1.263650655746459961e+00 1.225983858108520508e+00 -1.989227831363677979e-01 -2.221385687589645386e-01 -1.922676712274551392e-01
1.014603853225708008e+00 -1.263265013694763184e+00 1.225833058357238770e+00 -1.989368796348571777e-01 -2.220939844846725464e-01 -1.923734098672866821e-01
1.020052075386047363e+00 -1.262361645698547363e+00 1.225602865219116211e+00 -1.989425867795944214e-01 -2.220215499401092529e-01 -1.926936358213424683e-01
1.035197377204895020e+00 -1.258681654930114746e+00 1.223634362220764160e+00 -1.991017460823059082e-01 -2.214697599411010742e-01 -1.936582475900650024e-01
1.073535799980163574e+00 -1.251630067825317383e+00 1.222228407859802246e+00 -1.996650695800781250e-01 -2.225990742444992065e-01 -1.937087923288345337e-01
1.135603547096252441e+00 -1.244229674339294434e+00 1.222255229949951172e+00 -2.011019140481948853e-01 -2.253480553627014160e-01 -1.924786865711212158e-01
1.181683778762817383e+00 -1.233659505844116211e+00 1.214073419570922852e+00 -1.977739781141281128e-01 -2.209541499614715576e-01 -1.990925222635269165e-01
1.192370653152465820e+00 -1.235082983970642090e+00 1.215400576591491699e+00 -1.975927799940109253e-01 -2.211758047342300415e-01 -2.000730037689208984e-01
1.195932626724243164e+00 -1.232659339904785156e+00 1.217520117759704590e+00 -1.983721554279327393e-01 -2.228160947561264038e-01 -1.975654363632202148e-01
1.195876359939575195e+00 -1.232393264770507812e+00 1.216762185096740723e+00 -1.985457241535186768e-01 -2.225392013788223267e-01 -1.971957236528396606e-01
1.197835206985473633e+00 -1.232081294059753418e+00 1.216584086418151855e+00 -1.982197612524032593e-01 -2.219451814889907837e-01 -1.976629048585891724e-01
