1.206017732620239258e+00 -1.272252202033996582e+00 1.085533261299133301e+00 -2.022934705018997192e-01 -1.881826668977737427e-01 -1.909797191619873047e-01
1.205925226211547852e+00 -1.271866559982299805e+00 1.086920976638793945e+00 -2.021823525428771973e-01 -1.883757412433624268e-01 -1.909892559051513672e-01
1.205705404281616211e+00 -1.270784258842468262e+00 1.090542078018188477e+00 -2.018095403909683228e-01 -1.887314021587371826e-01 -1.912874132394790649e-01
1.205212712287902832e+00 -1.267564058303833008e+00 1.100816607475280762e+00 -2.009354531764984131e-01 -1.901063621044158936e-01 -1.914400458335876465e-01
1.204372763633728027e+00 -1.258095502853393555e+00 1.125324487686157227e+00 -1.991133689880371094e-01 -1.944341659545898438e-01 -1.903708279132843018e-01
1.200631976127624512e+00 -1.243017196655273438e+00 1.172775030136108398e+00 -1.939828097820281982e-01 -1.981306076049804688e-01 -1.948407292366027832e-01
1.204027295112609863e+00 -1.227199077606201172e+00 1.200120449066162109e+00 -1.928392946720123291e-01 -2.049770057201385498e-01 -1.874315887689590454e-01
1.203042149543762207e+00 -1.226003408432006836e+00 1.206135034561157227e+00 -1.923333555459976196e-01 -2.062102556228637695e-01 -1.850549429655075073e-01
1.201451778411865234e+00 -1.228680133819580078e+00 1.210973262786865234e+00 -1.916190981864929199e-01 -2.068319916725158691e-01 -1.847458481788635254e-01
1.199993252754211426e+00 -1.230290055274963379e+00 1.211708903312683105e+00 -1.913079619407653809e-01 -2.066361308097839355e-01 -1.848549544811248779e-01
1.199724078178405762e+00 -1.230390429496765137e+00 1.212788820266723633e+00 -1.909644305706024170e-01 -2.067635953426361084e-01 -1.846654713153839111e-01
