1.180707931518554688e+00 -1.214345455169677734e+00 1.232402086257934570e+00 -2.754912376403808594e-01 -1.907643526792526245e-01 -1.550658047199249268e-01
1.180764198303222656e+00 -1.214749932289123535e+00 1.232402563095092773e+00 -2.754710316658020020e-01 -1.907658576965332031e-01 -1.551439166069030762e-01
1.180972933769226074e+00 -1.215776205062866211e+00 1.232363104820251465e+00 -2.753366231918334961e-01 -1.907288730144500732e-01 -1.554936915636062622e-01
1.182156205177307129e+00 -1.218111991882324219e+00 1.231306910514831543e+00 -2.751698791980743408e-01 -1.900532841682434082e-01 -1.565798968076705933e-01
1.182932019233703613e+00 -1.224854111671447754e+00 1.230922460556030273e+00 -2.753863930702209473e-01 -1.909867972135543823e-01 -1.575617045164108276e-01
1.187642216682434082e+00 -1.237553834915161133e+00 1.231270432472229004e+00 -2.719298303127288818e-01 -1.898901462554931641e-01 -1.622562259435653687e-01
1.188902735710144043e+00 -1.243766188621520996e+00 1.222441911697387695e+00 -2.691090404987335205e-01 -1.863233596086502075e-01 -1.674371063709259033e-01
1.192195653915405273e+00 -1.241825819015502930e+00 1.223590850830078125e+00 -2.679826021194458008e-01 -1.869883239269256592e-01 -1.670024842023849487e-01
1.192358255386352539e+00 -1.243213057518005371e+00 1.224797368049621582e+00 -2.671760916709899902e-01 -1.896193474531173706e-01 -1.679375469684600830e-01
1.188071608543395996e+00 -1.249091029167175293e+00 1.229991436004638672e+00 -2.646377384662628174e-01 -1.903607994318008423e-01 -1.699882149696350098e-01
1.186169743537902832e+00 -1.251272797584533691e+00 1.230274558067321777e+00 -2.633440196514129639e-01 -1.919618397951126099e-01 -1.698447614908218384e-01
