1.216265082359313965e+00 -9.703727364540100098e-01 1.256820797920227051e+00 -2.031223475933074951e-01 -2.036919295787811279e-01 -9.658034145832061768e-02
1.215956926345825195e+00 -9.735901355743408203e-01 1.256754279136657715e+00 -2.030420154333114624e-01 -2.033837139606475830e-01 -9.733283519744873047e-02
1.214648604393005371e+00 -9.831027388572692871e-01 1.257240414619445801e+00 -2.028397619724273682e-01 -2.027686834335327148e-01 -9.947223961353302002e-02
1.213377714157104492e+00 -1.005972623825073242e+00 1.255976676940917969e+00 -2.020097970962524414e-01 -2.002331614494323730e-01 -1.046125739812850952e-01
1.201487183570861816e+00 -1.073371052742004395e+00 1.261538386344909668e+00 -1.996411383152008057e-01 -1.955437660217285156e-01 -1.182997375726699829e-01
1.186925053596496582e+00 -1.172280192375183105e+00 1.248717188835144043e+00 -1.943390220403671265e-01 -1.857001036405563354e-01 -1.338087916374206543e-01
1.196838855743408203e+00 -1.224749207496643066e+00 1.231975436210632324e+00 -1.936307251453399658e-01 -1.761679202318191528e-01 -1.478110551834106445e-01
1.187835216522216797e+00 -1.239384293556213379e+00 1.227573990821838379e+00 -1.920952796936035156e-01 -1.742900907993316650e-01 -1.520763039588928223e-01
1.185415506362915039e+00 -1.246184229850769043e+00 1.235088229179382324e+00 -1.911647915840148926e-01 -1.743782013654708862e-01 -1.526475250720977783e-01
1.180970072746276855e+00 -1.251532793045043945e+00 1.238868117332458496e+00 -1.902212947607040405e-01 -1.740322411060333252e-01 -1.525742113590240479e-01
1.182259917259216309e+00 -1.252875328063964844e+00 1.239645838737487793e+00 -1.887035667896270752e-01 -1.729028373956680298e-01 -1.544356495141983032e-01
