1.203037261962890625e+00 -1.372999310493469238e+00 1.200421929359436035e+00 -1.964899748563766479e-01 -2.007468044757843018e-01 -1.582721471786499023e-01
1.202839016914367676e+00 -1.371633410453796387e+00 1.200774312019348145e+00 -1.964155435562133789e-01 -2.006948888301849365e-01 -1.583899110555648804e-01
1.202842473983764648e+00 -1.367251753807067871e+00 1.201151013374328613e+00 -1.962288469076156616e-01 -2.003345042467117310e-01 -1.588550806045532227e-01
1.199939608573913574e+00 -1.359562635421752930e+00 1.205608367919921875e+00 -1.954723745584487915e-01 -2.000699937343597412e-01 -1.603801995515823364e-01
1.203216433525085449e+00 -1.324395775794982910e+00 1.203011870384216309e+00 -1.939572393894195557e-01 -1.959529817104339600e-01 -1.647658050060272217e-01
1.193276882171630859e+00 -1.286642551422119141e+00 1.221072196960449219e+00 -1.935493499040603638e-01 -1.948359310626983643e-01 -1.656488478183746338e-01
1.193292379379272461e+00 -1.245242238044738770e+00 1.217129588127136230e+00 -1.958117634057998657e-01 -1.963139772415161133e-01 -1.688405871391296387e-01
1.201274871826171875e+00 -1.233193635940551758e+00 1.218390226364135742e+00 -1.940291523933410645e-01 -1.930805146694183350e-01 -1.723405718803405762e-01
1.197324872016906738e+00 -1.233691096305847168e+00 1.216555953025817871e+00 -1.933154761791229248e-01 -1.922697126865386963e-01 -1.730912476778030396e-01
1.198289632797241211e+00 -1.231318235397338867e+00 1.210506916046142578e+00 -1.938946247100830078e-01 -1.912903487682342529e-01 -1.723663508892059326e-01
1.197501063346862793e+00 -1.229332685470581055e+00 1.213631749153137207e+00 -1.946833729743957520e-01 -1.919995397329330444e-01 -1.705585271120071411e-01
