1.260555744171142578e+00 -1.150012850761413574e+00 1.227785825729370117e+00 -2.503114640712738037e-01 -1.927003711462020874e-01 -1.242904961109161377e-01
1.260310053825378418e+00 -1.150299787521362305e+00 1.227077960968017578e+00 -2.503613233566284180e-01 -1.924653947353363037e-01 -1.245976611971855164e-01
1.259607195854187012e+00 -1.151145577430725098e+00 1.225174427032470703e+00 -2.504547834396362305e-01 -1.918392479419708252e-01 -1.253924965858459473e-01
1.257622838020324707e+00 -1.153561353683471680e+00 1.219974517822265625e+00 -2.506965994834899902e-01 -1.900381296873092651e-01 -1.276945769786834717e-01
1.252318024635314941e+00 -1.159516930580139160e+00 1.206361413002014160e+00 -2.516807317733764648e-01 -1.851665526628494263e-01 -1.337957084178924561e-01
1.242641806602478027e+00 -1.170401811599731445e+00 1.184899687767028809e+00 -2.511936426162719727e-01 -1.763157844543457031e-01 -1.416374146938323975e-01
1.236114621162414551e+00 -1.176817536354064941e+00 1.168856859207153320e+00 -2.483662068843841553e-01 -1.687069535255432129e-01 -1.428532153367996216e-01
1.236557960510253906e+00 -1.174800395965576172e+00 1.162573575973510742e+00 -2.454834878444671631e-01 -1.629194915294647217e-01 -1.424606144428253174e-01
1.239301800727844238e+00 -1.170650362968444824e+00 1.158228993415832520e+00 -2.438765764236450195e-01 -1.571803987026214600e-01 -1.446591317653656006e-01
1.242275476455688477e+00 -1.167509198188781738e+00 1.154757738113403320e+00 -2.429062426090240479e-01 -1.518537253141403198e-01 -1.478653550148010254e-01
1.245896935462951660e+00 -1.163503766059875488e+00 1.155366420745849609e+00 -2.417327314615249634e-01 -1.494601070880889893e-01 -1.491818875074386597e-01
