1.165487170219421387e+00 -1.280990242958068848e+00 1.244008660316467285e+00 -1.568796783685684204e-01 -2.466092854738235474e-01 -2.504058182239532471e-01
1.165588021278381348e+00 -1.280882954597473145e+00 1.244037389755249023e+00 -1.569187641143798828e-01 -2.466347068548202515e-01 -2.503578662872314453e-01
1.165855288505554199e+00 -1.280610322952270508e+00 1.244130015373229980e+00 -1.570183336734771729e-01 -2.467004060745239258e-01 -2.502304613590240479e-01
1.166581153869628906e+00 -1.279907584190368652e+00 1.244405627250671387e+00 -1.573110222816467285e-01 -2.468923479318618774e-01 -2.499184012413024902e-01
1.168650031089782715e+00 -1.277637958526611328e+00 1.244715929031372070e+00 -1.583821475505828857e-01 -2.479010522365570068e-01 -2.482017278671264648e-01
1.172901034355163574e+00 -1.273250102996826172e+00 1.244298100471496582e+00 -1.600921303033828735e-01 -2.499226033687591553e-01 -2.422945946455001831e-01
1.176469922065734863e+00 -1.270554184913635254e+00 1.244596123695373535e+00 -1.604401767253875732e-01 -2.499868571758270264e-01 -2.370906174182891846e-01
1.178094506263732910e+00 -1.267799377441406250e+00 1.245160222053527832e+00 -1.608244776725769043e-01 -2.497286051511764526e-01 -2.335718125104904175e-01
1.179069280624389648e+00 -1.265758395195007324e+00 1.243790984153747559e+00 -1.613411307334899902e-01 -2.483533769845962524e-01 -2.315568625926971436e-01
1.180255770683288574e+00 -1.264217853546142578e+00 1.240810394287109375e+00 -1.617760807275772095e-01 -2.463155984878540039e-01 -2.296802550554275513e-01
1.184552192687988281e+00 -1.259761452674865723e+00 1.238237023353576660e+00 -1.635900884866714478e-01 -2.458362877368927002e-01 -2.271589189767837524e-01
