1.208768248558044434e+00 -1.217986226081848145e+00 1.199476122856140137e+00 -1.760049164295196533e-01 -1.225817948579788208e-01 -1.379296481609344482e-01
1.208730936050415039e+00 -1.218020796775817871e+00 1.199486851692199707e+00 -1.759539842605590820e-01 -1.225340142846107483e-01 -1.379263103008270264e-01
1.208631634712219238e+00 -1.218121528625488281e+00 1.199521183967590332e+00 -1.758187562227249146e-01 -1.223968416452407837e-01 -1.379096508026123047e-01
1.208350181579589844e+00 -1.218410134315490723e+00 1.199616551399230957e+00 -1.753976345062255859e-01 -1.219995096325874329e-01 -1.378426998853683472e-01
1.207723379135131836e+00 -1.219264388084411621e+00 1.200254440307617188e+00 -1.744571775197982788e-01 -1.209966167807579041e-01 -1.372074782848358154e-01
1.207157969474792480e+00 -1.220233321189880371e+00 1.201161503791809082e+00 -1.718041151762008667e-01 -1.188380718231201172e-01 -1.366885006427764893e-01
1.205034613609313965e+00 -1.222627997398376465e+00 1.201824188232421875e+00 -1.687716245651245117e-01 -1.149000525474548340e-01 -1.343588978052139282e-01
1.203454017639160156e+00 -1.224210262298583984e+00 1.204203128814697266e+00 -1.656292527914047241e-01 -1.136236041784286499e-01 -1.316882371902465820e-01
1.203549385070800781e+00 -1.225472688674926758e+00 1.205353140830993652e+00 -1.625932604074478149e-01 -1.120452880859375000e-01 -1.313459277153015137e-01
1.203222751617431641e+00 -1.226634979248046875e+00 1.206351637840270996e+00 -1.603733003139495850e-01 -1.106319949030876160e-01 -1.295746415853500366e-01
1.201476216316223145e+00 -1.228068470954895020e+00 1.207450747489929199e+00 -1.570049673318862915e-01 -1.083117946982383728e-01 -1.283847391605377197e-01
