1.195118784904479980e+00 -1.404915094375610352e+00 1.346654534339904785e+00 -1.664458513259887695e-01 -2.641567587852478027e-01 -1.641677021980285645e-01
1.194556236267089844e+00 -1.403754591941833496e+00 1.345781564712524414e+00 -1.668182313442230225e-01 -2.638545632362365723e-01 -1.648246496915817261e-01
1.193209767341613770e+00 -1.400160551071166992e+00 1.342950224876403809e+00 -1.679695248603820801e-01 -2.631780505180358887e-01 -1.661980152130126953e-01
1.189576387405395508e+00 -1.391275405883789062e+00 1.336532354354858398e+00 -1.706286072731018066e-01 -2.602204084396362305e-01 -1.726177036762237549e-01
1.177322387695312500e+00 -1.369431376457214355e+00 1.318470358848571777e+00 -1.807439923286437988e-01 -2.557786405086517334e-01 -1.836671084165573120e-01
1.169640302658081055e+00 -1.314472794532775879e+00 1.274559259414672852e+00 -2.055823206901550293e-01 -2.436690926551818848e-01 -2.002676725387573242e-01
1.192101478576660156e+00 -1.240259885787963867e+00 1.210835933685302734e+00 -2.261234521865844727e-01 -2.325929701328277588e-01 -2.101504653692245483e-01
1.204003095626831055e+00 -1.217083573341369629e+00 1.195030808448791504e+00 -2.259819209575653076e-01 -2.382872253656387329e-01 -1.944889128208160400e-01
1.209524273872375488e+00 -1.206771254539489746e+00 1.186200022697448730e+00 -2.273387759923934937e-01 -2.379877865314483643e-01 -1.875940859317779541e-01
1.208493232727050781e+00 -1.208177208900451660e+00 1.186895251274108887e+00 -2.274572849273681641e-01 -2.377467900514602661e-01 -1.840312182903289795e-01
1.209621667861938477e+00 -1.205151677131652832e+00 1.184050202369689941e+00 -2.294424474239349365e-01 -2.350843697786331177e-01 -1.832152307033538818e-01
