1.162809133529663086e+00 -1.215996026992797852e+00 1.216785788536071777e+00 -2.027577459812164307e-01 -1.519500017166137695e-01 -2.111731022596359253e-01
1.163444995880126953e+00 -1.215807795524597168e+00 1.216420054435729980e+00 -2.029097229242324829e-01 -1.521112471818923950e-01 -2.104432135820388794e-01
1.165190339088439941e+00 -1.215339541435241699e+00 1.215497851371765137e+00 -2.033306062221527100e-01 -1.524893194437026978e-01 -2.087191045284271240e-01
1.169505953788757324e+00 -1.214512467384338379e+00 1.213095903396606445e+00 -2.042951434850692749e-01 -1.535884439945220947e-01 -2.033081948757171631e-01
1.182028055191040039e+00 -1.210619688034057617e+00 1.205787420272827148e+00 -2.068297117948532104e-01 -1.556756943464279175e-01 -1.927233189344406128e-01
1.200722932815551758e+00 -1.208460330963134766e+00 1.196768045425415039e+00 -2.104306668043136597e-01 -1.604974865913391113e-01 -1.724430024623870850e-01
1.214115023612976074e+00 -1.204446434974670410e+00 1.188141107559204102e+00 -2.128476202487945557e-01 -1.616038531064987183e-01 -1.663980782032012939e-01
1.216401219367980957e+00 -1.204425573348999023e+00 1.188353180885314941e+00 -2.140531539916992188e-01 -1.643298566341400146e-01 -1.597371697425842285e-01
1.217403531074523926e+00 -1.204473495483398438e+00 1.187966227531433105e+00 -2.130070030689239502e-01 -1.650554835796356201e-01 -1.577328741550445557e-01
1.216733694076538086e+00 -1.204863309860229492e+00 1.187927603721618652e+00 -2.119144946336746216e-01 -1.663067638874053955e-01 -1.570931077003479004e-01
1.216413259506225586e+00 -1.205025792121887207e+00 1.187984108924865723e+00 -2.105543315410614014e-01 -1.672528386116027832e-01 -1.575500220060348511e-01
