1.179252266883850098e+00 -1.548168182373046875e+00 1.188584208488464355e+00 -1.880406588315963745e-01 -1.933585256338119507e-01 -2.318510562181472778e-01
1.178818583488464355e+00 -1.545757174491882324e+00 1.189995765686035156e+00 -1.882007122039794922e-01 -1.933808326721191406e-01 -2.317251712083816528e-01
1.177671074867248535e+00 -1.539035320281982422e+00 1.193787455558776855e+00 -1.888308525085449219e-01 -1.936281323432922363e-01 -2.313525974750518799e-01
1.173197031021118164e+00 -1.522675752639770508e+00 1.206250071525573730e+00 -1.898485124111175537e-01 -1.938797235488891602e-01 -2.313176691532135010e-01
1.163771390914916992e+00 -1.477353811264038086e+00 1.232935428619384766e+00 -1.955765485763549805e-01 -1.970342844724655151e-01 -2.342958003282546997e-01
1.143511176109313965e+00 -1.400495409965515137e+00 1.278491139411926270e+00 -2.103870362043380737e-01 -2.047263681888580322e-01 -2.379795908927917480e-01
1.132680177688598633e+00 -1.345595002174377441e+00 1.305740594863891602e+00 -2.291036099195480347e-01 -2.050981074571609497e-01 -2.306450754404067993e-01
1.124871611595153809e+00 -1.339918613433837891e+00 1.318145751953125000e+00 -2.384216040372848511e-01 -2.097457200288772583e-01 -2.247107923030853271e-01
1.122638583183288574e+00 -1.341779708862304688e+00 1.323181390762329102e+00 -2.429261356592178345e-01 -2.109698355197906494e-01 -2.274371087551116943e-01
1.122179269790649414e+00 -1.341272950172424316e+00 1.323657393455505371e+00 -2.465990185737609863e-01 -2.146457731723785400e-01 -2.250348925590515137e-01
1.120643377304077148e+00 -1.342945933341979980e+00 1.325169920921325684e+00 -2.497185170650482178e-01 -2.166184782981872559e-01 -2.247331142425537109e-01
