1.233742475509643555e+00 -1.123106241226196289e+00 1.204626917839050293e+00 -2.071965038776397705e-01 -2.189731001853942871e-01 -1.868263781070709229e-01
1.233545422554016113e+00 -1.124017596244812012e+00 1.204548239707946777e+00 -2.072160243988037109e-01 -2.189749479293823242e-01 -1.867972314357757568e-01
1.232886195182800293e+00 -1.126729488372802734e+00 1.204490542411804199e+00 -2.072269320487976074e-01 -2.190096974372863770e-01 -1.867664009332656860e-01
1.230983853340148926e+00 -1.134228348731994629e+00 1.204502105712890625e+00 -2.073194384574890137e-01 -2.187453210353851318e-01 -1.869067549705505371e-01
1.226431012153625488e+00 -1.152614831924438477e+00 1.203759789466857910e+00 -2.081748843193054199e-01 -2.194144576787948608e-01 -1.856095939874649048e-01
1.219057440757751465e+00 -1.184088110923767090e+00 1.199973106384277344e+00 -2.084657996892929077e-01 -2.158184796571731567e-01 -1.918523460626602173e-01
1.217145800590515137e+00 -1.201419591903686523e+00 1.194947242736816406e+00 -2.150663435459136963e-01 -2.133837938308715820e-01 -1.937626600265502930e-01
1.215226888656616211e+00 -1.204944372177124023e+00 1.192872643470764160e+00 -2.196809351444244385e-01 -2.150943130254745483e-01 -1.885461956262588501e-01
1.213756442070007324e+00 -1.207953572273254395e+00 1.193684935569763184e+00 -2.226141393184661865e-01 -2.136421203613281250e-01 -1.872846335172653198e-01
1.214689373970031738e+00 -1.207286596298217773e+00 1.196025371551513672e+00 -2.251755893230438232e-01 -2.134028375148773193e-01 -1.864078640937805176e-01
1.213193535804748535e+00 -1.209217667579650879e+00 1.194489240646362305e+00 -2.280626446008682251e-01 -2.119249701499938965e-01 -1.869628578424453735e-01
