1.282239317893981934e+00 -1.134961009025573730e+00 1.101323366165161133e+00 -1.945232450962066650e-01 -1.934959590435028076e-01 -1.652778089046478271e-01
1.281900405883789062e+00 -1.135118126869201660e+00 1.101669788360595703e+00 -1.944498717784881592e-01 -1.934155821800231934e-01 -1.653921902179718018e-01
1.281081914901733398e+00 -1.135349273681640625e+00 1.102421760559082031e+00 -1.943078786134719849e-01 -1.931808590888977051e-01 -1.655977964401245117e-01
1.277609944343566895e+00 -1.138281464576721191e+00 1.106680631637573242e+00 -1.930403560400009155e-01 -1.929119229316711426e-01 -1.661580353975296021e-01
1.272594213485717773e+00 -1.138279795646667480e+00 1.110459327697753906e+00 -1.920287907123565674e-01 -1.914287209510803223e-01 -1.677994430065155029e-01
1.253947138786315918e+00 -1.157560348510742188e+00 1.137064814567565918e+00 -1.870384216308593750e-01 -1.909575164318084717e-01 -1.692867130041122437e-01
1.241971850395202637e+00 -1.167184472084045410e+00 1.150562286376953125e+00 -1.840067505836486816e-01 -1.849321573972702026e-01 -1.724034249782562256e-01
1.237408161163330078e+00 -1.171408772468566895e+00 1.154621124267578125e+00 -1.795060932636260986e-01 -1.780961453914642334e-01 -1.714170426130294800e-01
1.238194346427917480e+00 -1.171925544738769531e+00 1.155566215515136719e+00 -1.751549839973449707e-01 -1.726873517036437988e-01 -1.659834086894989014e-01
1.237720012664794922e+00 -1.171131134033203125e+00 1.155751705169677734e+00 -1.734748780727386475e-01 -1.683905124664306641e-01 -1.596307158470153809e-01
1.235565662384033203e+00 -1.175519943237304688e+00 1.158667802810668945e+00 -1.686417609453201294e-01 -1.612871885299682617e-01 -1.567124426364898682e-01
