1.108350753784179688e+00 -1.245175004005432129e+00 1.243036866188049316e+00 -1.895681619644165039e-01 -2.936304509639739990e-01 -2.225943654775619507e-01
1.109355211257934570e+00 -1.245003819465637207e+00 1.242715597152709961e+00 -1.896027624607086182e-01 -2.935033142566680908e-01 -2.227993905544281006e-01
1.112116456031799316e+00 -1.244549155235290527e+00 1.241845369338989258e+00 -1.896509826183319092e-01 -2.931884527206420898e-01 -2.233639359474182129e-01
1.119558691978454590e+00 -1.243348717689514160e+00 1.239435434341430664e+00 -1.895630061626434326e-01 -2.929344773292541504e-01 -2.239263355731964111e-01
1.137932538986206055e+00 -1.241442441940307617e+00 1.233916401863098145e+00 -1.885877400636672974e-01 -2.885720729827880859e-01 -2.323738932609558105e-01
1.171828269958496094e+00 -1.235312223434448242e+00 1.222350955009460449e+00 -1.877925246953964233e-01 -2.887669503688812256e-01 -2.385312020778656006e-01
1.190532207489013672e+00 -1.236389398574829102e+00 1.218740701675415039e+00 -1.868829727172851562e-01 -2.806121408939361572e-01 -2.547430098056793213e-01
1.197290897369384766e+00 -1.234069347381591797e+00 1.216405868530273438e+00 -1.925083398818969727e-01 -2.778469026088714600e-01 -2.555745542049407959e-01
1.198329567909240723e+00 -1.232217192649841309e+00 1.213965415954589844e+00 -1.951459646224975586e-01 -2.790182828903198242e-01 -2.532519102096557617e-01
1.200419187545776367e+00 -1.229753732681274414e+00 1.211941719055175781e+00 -1.990037858486175537e-01 -2.770479619503021240e-01 -2.539750039577484131e-01
1.200939416885375977e+00 -1.228639006614685059e+00 1.210689187049865723e+00 -2.009721696376800537e-01 -2.766605615615844727e-01 -2.539884448051452637e-01
