1.189107298851013184e+00 -1.494180917739868164e+00 1.144538640975952148e+00 -1.045210808515548706e-01 -1.732183992862701416e-01 -2.747536301612854004e-01
1.188679933547973633e+00 -1.492175936698913574e+00 1.146134376525878906e+00 -1.049101874232292175e-01 -1.737416535615921021e-01 -2.739349007606506348e-01
1.187444210052490234e+00 -1.486738085746765137e+00 1.150619864463806152e+00 -1.059346497058868408e-01 -1.751821488142013550e-01 -2.716479599475860596e-01
1.185145616531372070e+00 -1.470568656921386719e+00 1.161539435386657715e+00 -1.088884845376014709e-01 -1.783029735088348389e-01 -2.661739289760589600e-01
1.177038788795471191e+00 -1.431923508644104004e+00 1.191608905792236328e+00 -1.140901148319244385e-01 -1.856360584497451782e-01 -2.504939138889312744e-01
1.163085937500000000e+00 -1.362271785736083984e+00 1.241044998168945312e+00 -1.246385872364044189e-01 -1.990946680307388306e-01 -2.172953188419342041e-01
1.162872791290283203e+00 -1.303692460060119629e+00 1.260671377182006836e+00 -1.275917589664459229e-01 -2.008263170719146729e-01 -2.112874537706375122e-01
1.161409378051757812e+00 -1.291964054107666016e+00 1.266555905342102051e+00 -1.286562979221343994e-01 -2.038276642560958862e-01 -2.040661126375198364e-01
1.161418080329895020e+00 -1.289577126502990723e+00 1.268154740333557129e+00 -1.320439577102661133e-01 -2.055625915527343750e-01 -2.007040828466415405e-01
1.162349820137023926e+00 -1.287799000740051270e+00 1.268227338790893555e+00 -1.336868256330490112e-01 -2.059453725814819336e-01 -1.984653174877166748e-01
1.162693977355957031e+00 -1.286817193031311035e+00 1.266132831573486328e+00 -1.362926810979843140e-01 -2.048518657684326172e-01 -1.986080408096313477e-01
