1.198194146156311035e+00 -1.284310340881347656e+00 1.159560322761535645e+00 -1.984603255987167358e-01 -2.125854045152664185e-01 -2.208207547664642334e-01
1.198290586471557617e+00 -1.283601760864257812e+00 1.160011529922485352e+00 -1.984913647174835205e-01 -2.127170264720916748e-01 -2.205937951803207397e-01
1.198575854301452637e+00 -1.281650900840759277e+00 1.161239981651306152e+00 -1.984936296939849854e-01 -2.131264954805374146e-01 -2.201604098081588745e-01
1.199082970619201660e+00 -1.276573538780212402e+00 1.164774775505065918e+00 -1.988276243209838867e-01 -2.137330770492553711e-01 -2.184949368238449097e-01
1.200368642807006836e+00 -1.263784289360046387e+00 1.173952460289001465e+00 -1.990238130092620850e-01 -2.171404361724853516e-01 -2.142830193042755127e-01
1.202951908111572266e+00 -1.240318298339843750e+00 1.189727306365966797e+00 -1.979875415563583374e-01 -2.234300523996353149e-01 -2.069362699985504150e-01
1.206399559974670410e+00 -1.222472190856933594e+00 1.197365283966064453e+00 -2.006970047950744629e-01 -2.240573167800903320e-01 -2.072482556104660034e-01
1.206266880035400391e+00 -1.220450401306152344e+00 1.200562119483947754e+00 -2.000555992126464844e-01 -2.242651432752609253e-01 -2.075792104005813599e-01
1.204711675643920898e+00 -1.222633004188537598e+00 1.204453110694885254e+00 -1.997105926275253296e-01 -2.262921631336212158e-01 -2.052914947271347046e-01
1.204664587974548340e+00 -1.221394300460815430e+00 1.202737092971801758e+00 -1.990969777107238770e-01 -2.272284328937530518e-01 -2.053102850914001465e-01
1.204722285270690918e+00 -1.222742080688476562e+00 1.204504489898681641e+00 -1.977579146623611450e-01 -2.264648973941802979e-01 -2.061818391084671021e-01
