1.241356968879699707e+00 -1.077412128448486328e+00 1.292022943496704102e+00 -1.680801659822463989e-01 -2.436123192310333252e-01 -3.064213097095489502e-01
1.240984797477722168e+00 -1.079009890556335449e+00 1.291115760803222656e+00 -1.683540940284729004e-01 -2.438832521438598633e-01 -3.057726025581359863e-01
1.239893674850463867e+00 -1.083486557006835938e+00 1.288673877716064453e+00 -1.690910011529922485e-01 -2.446152716875076294e-01 -3.040781319141387939e-01
1.237064719200134277e+00 -1.095342159271240234e+00 1.281628370285034180e+00 -1.708947122097015381e-01 -2.467985004186630249e-01 -2.987834513187408447e-01
1.229410171508789062e+00 -1.126224875450134277e+00 1.264603734016418457e+00 -1.760141551494598389e-01 -2.530276179313659668e-01 -2.845161259174346924e-01
1.217176914215087891e+00 -1.177657127380371094e+00 1.232408046722412109e+00 -1.822116374969482422e-01 -2.658949494361877441e-01 -2.571344971656799316e-01
1.208060264587402344e+00 -1.210651755332946777e+00 1.209640145301818848e+00 -1.854024976491928101e-01 -2.724637687206268311e-01 -2.436305433511734009e-01
1.206164002418518066e+00 -1.219608902931213379e+00 1.205689191818237305e+00 -1.872095614671707153e-01 -2.744778394699096680e-01 -2.422525137662887573e-01
1.205988049507141113e+00 -1.220550537109375000e+00 1.205048084259033203e+00 -1.872842460870742798e-01 -2.756620645523071289e-01 -2.415666431188583374e-01
1.204639792442321777e+00 -1.221525073051452637e+00 1.205914616584777832e+00 -1.873201131820678711e-01 -2.777820825576782227e-01 -2.402881532907485962e-01
1.204839825630187988e+00 -1.221556425094604492e+00 1.205965995788574219e+00 -1.875456720590591431e-01 -2.800374627113342285e-01 -2.382934391498565674e-01
