1.181614041328430176e+00 -1.266608595848083496e+00 1.249729752540588379e+00 -2.246316671371459961e-01 -1.549898684024810791e-01 -1.669690907001495361e-01
1.163080096244812012e+00 -1.260025501251220703e+00 1.255151152610778809e+00 -2.265453487634658813e-01 -1.580317020416259766e-01 -1.636697053909301758e-01
1.168801188468933105e+00 -1.251348137855529785e+00 1.271023273468017578e+00 -2.298646271228790283e-01 -1.587610244750976562e-01 -1.616525053977966309e-01
1.173122763633728027e+00 -1.247563719749450684e+00 1.277397036552429199e+00 -2.320799529552459717e-01 -1.564484834671020508e-01 -1.627847701311111450e-01
1.174619555473327637e+00 -1.247471570968627930e+00 1.281746983528137207e+00 -2.335237264633178711e-01 -1.565718054771423340e-01 -1.604358553886413574e-01
1.173984646797180176e+00 -1.246970057487487793e+00 1.282788872718811035e+00 -2.348295599222183228e-01 -1.558516025543212891e-01 -1.599706709384918213e-01
1.173208117485046387e+00 -1.246654629707336426e+00 1.284669280052185059e+00 -2.357112467288970947e-01 -1.522269397974014282e-01 -1.604252010583877563e-01
1.172391653060913086e+00 -1.244776964187622070e+00 1.283170461654663086e+00 -2.361231297254562378e-01 -1.478579789400100708e-01 -1.601509600877761841e-01
1.172650694847106934e+00 -1.244648933410644531e+00 1.284304261207580566e+00 -2.384157031774520874e-01 -1.485379338264465332e-01 -1.575732827186584473e-01
1.172829747200012207e+00 -1.245961904525756836e+00 1.283724188804626465e+00 -2.408355176448822021e-01 -1.478132605552673340e-01 -1.558254063129425049e-01
