1.129406690597534180e+00 -1.332196950912475586e+00 1.317833304405212402e+00 -1.160566359758377075e-01 -1.430504024028778076e-01 -1.370028108358383179e-01
1.200547814369201660e+00 -1.272806644439697266e+00 1.420063495635986328e+00 -1.179103180766105652e-01 -1.642175316810607910e-01 -1.315445750951766968e-01
1.200656414031982422e+00 -1.235617876052856445e+00 1.428900599479675293e+00 -1.208901181817054749e-01 -1.647296994924545288e-01 -1.410627961158752441e-01
1.223759293556213379e+00 -1.232084274291992188e+00 1.444760560989379883e+00 -1.192651093006134033e-01 -1.702873259782791138e-01 -1.406818330287933350e-01
1.220910191535949707e+00 -1.232579588890075684e+00 1.441249370574951172e+00 -1.173719838261604309e-01 -1.703971624374389648e-01 -1.393882185220718384e-01
1.222816824913024902e+00 -1.233049392700195312e+00 1.439575791358947754e+00 -1.170642822980880737e-01 -1.718740314245223999e-01 -1.417802572250366211e-01
1.222702383995056152e+00 -1.234895110130310059e+00 1.440094709396362305e+00 -1.156191602349281311e-01 -1.748785972595214844e-01 -1.407687962055206299e-01
1.220748186111450195e+00 -1.233762502670288086e+00 1.440283298492431641e+00 -1.139970272779464722e-01 -1.762257367372512817e-01 -1.393515914678573608e-01
1.219415307044982910e+00 -1.234169244766235352e+00 1.441528201103210449e+00 -1.119822859764099121e-01 -1.752051115036010742e-01 -1.406027078628540039e-01
1.219854354858398438e+00 -1.234048962593078613e+00 1.441711187362670898e+00 -1.108128726482391357e-01 -1.771139800548553467e-01 -1.410062760114669800e-01
