1.279219746589660645e+00 -1.140887141227722168e+00 1.220859766006469727e+00 -1.908390671014785767e-01 -2.405953705310821533e-01 -1.223010867834091187e-01
1.278938412666320801e+00 -1.141154289245605469e+00 1.220787167549133301e+00 -1.908561438322067261e-01 -2.405860424041748047e-01 -1.223187893629074097e-01
1.278198957443237305e+00 -1.141855239868164062e+00 1.220595598220825195e+00 -1.909009665250778198e-01 -2.405616641044616699e-01 -1.223655417561531067e-01
1.276268243789672852e+00 -1.143674135208129883e+00 1.220085382461547852e+00 -1.910166889429092407e-01 -2.405018508434295654e-01 -1.224898695945739746e-01
1.271369934082031250e+00 -1.148172020912170410e+00 1.218814015388488770e+00 -1.912943720817565918e-01 -2.403743118047714233e-01 -1.228150874376296997e-01
1.190543889999389648e+00 -1.744689345359802246e+00 1.519907236099243164e+00 -2.189803719520568848e-01 -2.562656402587890625e-01 -2.019812166690826416e-01
-1.401990532875061035e+00 2.106297969818115234e+00 -1.264360666275024414e+00 1.561217755079269409e-01 2.738577127456665039e-01 2.106547206640243530e-01
-1.877572178840637207e+00 1.984443426132202148e+00 -1.140853047370910645e+00 1.188480108976364136e-01 3.222132921218872070e-01 1.602758020162582397e-01
-2.293929100036621094e+00 1.757024765014648438e+00 -1.071363806724548340e+00 7.625007629394531250e-02 3.550938069820404053e-01 1.027328968048095703e-01
2.520928859710693359e+00 -1.399234652519226074e+00 9.613734483718872070e-01 -2.417459189891815186e-01 -2.348362356424331665e-01 -1.154415830969810486e-01
2.561965465545654297e+00 -9.137733578681945801e-01 8.795244693756103516e-01 -2.306555509567260742e-01 -2.338551580905914307e-01 -3.473174944519996643e-02
