1.201129198074340820e+00 -1.211309194564819336e+00 1.169645190238952637e+00 -2.246018201112747192e-01 -2.321154475212097168e-01 -1.976477354764938354e-01
1.200908064842224121e+00 -1.211350083351135254e+00 1.169672489166259766e+00 -2.246070206165313721e-01 -2.321243137121200562e-01 -1.976368576288223267e-01
1.200320005416870117e+00 -1.211460351943969727e+00 1.169740438461303711e+00 -2.246207594871520996e-01 -2.321470379829406738e-01 -1.976081579923629761e-01
1.198751330375671387e+00 -1.211747646331787109e+00 1.169927239418029785e+00 -2.246567904949188232e-01 -2.322069406509399414e-01 -1.975286155939102173e-01
1.194624304771423340e+00 -1.212453961372375488e+00 1.170462965965270996e+00 -2.247473299503326416e-01 -2.323598861694335938e-01 -1.972988247871398926e-01
1.190873146057128906e+00 -1.200425267219543457e+00 1.164019584655761719e+00 -2.250736355781555176e-01 -2.322334200143814087e-01 -1.945130228996276855e-01
1.168023586273193359e+00 -1.216183185577392578e+00 1.174307465553283691e+00 -2.243973910808563232e-01 -2.338354587554931641e-01 -1.958554089069366455e-01
1.155818581581115723e+00 -1.222554922103881836e+00 1.181758999824523926e+00 -2.240449637174606323e-01 -2.346418350934982300e-01 -1.954417824745178223e-01
1.150392293930053711e+00 -1.225973725318908691e+00 1.185367226600646973e+00 -2.240046113729476929e-01 -2.349408566951751709e-01 -1.948339939117431641e-01
1.147079110145568848e+00 -1.228323698043823242e+00 1.187525153160095215e+00 -2.240879833698272705e-01 -2.350724488496780396e-01 -1.941688358783721924e-01
1.144674301147460938e+00 -1.230281949043273926e+00 1.189257979393005371e+00 -2.242122292518615723e-01 -2.351595163345336914e-01 -1.934868991374969482e-01
