1.416395068168640137e+00 -1.044680714607238770e+00 1.117489457130432129e+00 -2.028377950191497803e-01 -1.357183009386062622e-01 -2.246388643980026245e-01
1.413987874984741211e+00 -1.046562433242797852e+00 1.118002533912658691e+00 -2.027188986539840698e-01 -1.358439624309539795e-01 -2.248552441596984863e-01
1.407729506492614746e+00 -1.051422238349914551e+00 1.119451999664306641e+00 -2.024044543504714966e-01 -1.361789107322692871e-01 -2.254130989313125610e-01
1.391786813735961914e+00 -1.063452124595642090e+00 1.123947858810424805e+00 -2.015705704689025879e-01 -1.370946466922760010e-01 -2.267947345972061157e-01
1.353721141815185547e+00 -1.092514157295227051e+00 1.137827992439270020e+00 -1.993499249219894409e-01 -1.395214349031448364e-01 -2.300756275653839111e-01
1.267764210700988770e+00 -1.070434808731079102e+00 1.127020955085754395e+00 -1.938353478908538818e-01 -1.408095359802246094e-01 -2.253038734197616577e-01
1.278476953506469727e+00 -1.144908547401428223e+00 1.193725824356079102e+00 -1.870589554309844971e-01 -1.455765664577484131e-01 -2.367851734161376953e-01
1.250328421592712402e+00 -1.175432562828063965e+00 1.193697929382324219e+00 -1.858301460742950439e-01 -1.469351798295974731e-01 -2.402222156524658203e-01
1.239491701126098633e+00 -1.185183405876159668e+00 1.194352626800537109e+00 -1.847441792488098145e-01 -1.471903026103973389e-01 -2.415566444396972656e-01
1.232845783233642578e+00 -1.190289258956909180e+00 1.196313142776489258e+00 -1.836739182472229004e-01 -1.468064934015274048e-01 -2.417198866605758667e-01
1.228631854057312012e+00 -1.193448662757873535e+00 1.198312997817993164e+00 -1.827157586812973022e-01 -1.463177502155303955e-01 -2.415188699960708618e-01
