1.140030384063720703e+00 -1.354079961776733398e+00 1.172351717948913574e+00 -1.725498884916305542e-01 -1.403123140335083008e-01 -1.698905378580093384e-01
1.140881657600402832e+00 -1.352863788604736328e+00 1.172796010971069336e+00 -1.725273579359054565e-01 -1.403646022081375122e-01 -1.697851121425628662e-01
1.143105149269104004e+00 -1.349681973457336426e+00 1.173949122428894043e+00 -1.724681407213211060e-01 -1.405012905597686768e-01 -1.695089340209960938e-01
1.148837804794311523e+00 -1.341431617736816406e+00 1.176890492439270020e+00 -1.723190099000930786e-01 -1.408580690622329712e-01 -1.687895059585571289e-01
1.162553429603576660e+00 -1.321488738059997559e+00 1.183713793754577637e+00 -1.720189899206161499e-01 -1.417374610900878906e-01 -1.670551449060440063e-01
1.213544487953186035e+00 -1.274695992469787598e+00 1.152714848518371582e+00 -1.732710301876068115e-01 -1.395234018564224243e-01 -1.626360863447189331e-01
1.222155332565307617e+00 -1.255013465881347656e+00 1.159473657608032227e+00 -1.738256365060806274e-01 -1.410214453935623169e-01 -1.608134359121322632e-01
1.224717974662780762e+00 -1.243255734443664551e+00 1.168897390365600586e+00 -1.742470115423202515e-01 -1.424808949232101440e-01 -1.591373980045318604e-01
1.225244045257568359e+00 -1.235479235649108887e+00 1.176982283592224121e+00 -1.745283156633377075e-01 -1.433529257774353027e-01 -1.576076149940490723e-01
1.225510478019714355e+00 -1.229575514793395996e+00 1.183076262474060059e+00 -1.748110651969909668e-01 -1.438809037208557129e-01 -1.562253683805465698e-01
1.226198434829711914e+00 -1.224620699882507324e+00 1.188116312026977539e+00 -1.750823408365249634e-01 -1.441582739353179932e-01 -1.549986004829406738e-01
