1.222994208335876465e+00 -1.171332836151123047e+00 1.200436115264892578e+00 -1.565026938915252686e-01 -2.401494085788726807e-01 -1.892046481370925903e-01
1.222865462303161621e+00 -1.171578645706176758e+00 1.200389385223388672e+00 -1.565000414848327637e-01 -2.401488721370697021e-01 -1.892406940460205078e-01
1.222520112991333008e+00 -1.172240018844604492e+00 1.200254201889038086e+00 -1.564938575029373169e-01 -2.401466220617294312e-01 -1.893377304077148438e-01
1.221612334251403809e+00 -1.173986792564392090e+00 1.199890971183776855e+00 -1.564770936965942383e-01 -2.401419728994369507e-01 -1.895994395017623901e-01
1.219322443008422852e+00 -1.178348541259765625e+00 1.199064850807189941e+00 -1.564131677150726318e-01 -2.401292026042938232e-01 -1.902704238891601562e-01
1.206217050552368164e+00 -1.225758194923400879e+00 1.216795206069946289e+00 -1.538620889186859131e-01 -2.409560978412628174e-01 -1.960887014865875244e-01
1.198160409927368164e+00 -1.228699445724487305e+00 1.220287919044494629e+00 -1.534664332866668701e-01 -2.405126541852951050e-01 -1.951724588871002197e-01
1.192861437797546387e+00 -1.230548620223999023e+00 1.220584869384765625e+00 -1.532571315765380859e-01 -2.398359328508377075e-01 -1.942935138940811157e-01
1.189822673797607422e+00 -1.225843071937561035e+00 1.217266440391540527e+00 -1.535245180130004883e-01 -2.390461415052413940e-01 -1.927427053451538086e-01
1.187786340713500977e+00 -1.221954226493835449e+00 1.215099930763244629e+00 -1.535767763853073120e-01 -2.384317219257354736e-01 -1.914549767971038818e-01
1.186530232429504395e+00 -1.219409584999084473e+00 1.213922500610351562e+00 -1.534267365932464600e-01 -2.379139661788940430e-01 -1.904814094305038452e-01
