1.267883181571960449e+00 -1.094773769378662109e+00 1.245455265045166016e+00 -2.200065404176712036e-01 -2.039708644151687622e-01 -2.051163613796234131e-01
1.267639160156250000e+00 -1.095327258110046387e+00 1.245112180709838867e+00 -2.200250029563903809e-01 -2.039254307746887207e-01 -2.051877230405807495e-01
1.266998052597045898e+00 -1.096790194511413574e+00 1.244202613830566406e+00 -2.200742959976196289e-01 -2.038057595491409302e-01 -2.053768336772918701e-01
1.265303730964660645e+00 -1.100696921348571777e+00 1.241741418838500977e+00 -2.202085852622985840e-01 -2.034858465194702148e-01 -2.058854103088378906e-01
1.260939002037048340e+00 -1.110978960990905762e+00 1.235070228576660156e+00 -2.205767929553985596e-01 -2.026427984237670898e-01 -2.072466611862182617e-01
1.251493215560913086e+00 -1.133232593536376953e+00 1.219803094863891602e+00 -2.214037328958511353e-01 -2.008042931556701660e-01 -2.103256136178970337e-01
1.241138696670532227e+00 -1.156286954879760742e+00 1.203979492187500000e+00 -2.221442759037017822e-01 -1.989461481571197510e-01 -2.137979865074157715e-01
1.235150814056396484e+00 -1.171501636505126953e+00 1.195583224296569824e+00 -2.224768549203872681e-01 -1.973369121551513672e-01 -2.159038931131362915e-01
1.231612443923950195e+00 -1.177560448646545410e+00 1.194935202598571777e+00 -2.227196991443634033e-01 -1.964891701936721802e-01 -2.166381776332855225e-01
1.229580521583557129e+00 -1.181649088859558105e+00 1.193994522094726562e+00 -2.231478989124298096e-01 -1.960397362709045410e-01 -2.172307670116424561e-01
1.228017210960388184e+00 -1.185367703437805176e+00 1.192119836807250977e+00 -2.236828804016113281e-01 -1.955607086420059204e-01 -2.177644520998001099e-01
