1.153499960899353027e+00 -1.150360107421875000e+00 1.148849248886108398e+00 -2.272524535655975342e-01 -2.418687343597412109e-01 -1.872960031032562256e-01
1.153998255729675293e+00 -1.150567770004272461e+00 1.149360418319702148e+00 -2.271813005208969116e-01 -2.419370561838150024e-01 -1.873741745948791504e-01
1.155307173728942871e+00 -1.151114821434020996e+00 1.150710940361022949e+00 -2.269927859306335449e-01 -2.421169579029083252e-01 -1.875806301832199097e-01
1.158698558807373047e+00 -1.152573466300964355e+00 1.154191136360168457e+00 -2.264920473098754883e-01 -2.425745427608489990e-01 -1.881295442581176758e-01
1.167286157608032227e+00 -1.156278252601623535e+00 1.163071990013122559e+00 -2.251705229282379150e-01 -2.437186241149902344e-01 -1.895601451396942139e-01
1.183952689170837402e+00 -1.163927793502807617e+00 1.179790019989013672e+00 -2.223399877548217773e-01 -2.457868456840515137e-01 -1.926154792308807373e-01
1.199473381042480469e+00 -1.170727491378784180e+00 1.196759343147277832e+00 -2.191330790519714355e-01 -2.476594597101211548e-01 -1.958101242780685425e-01
1.204980254173278809e+00 -1.175329804420471191e+00 1.210095882415771484e+00 -2.167298495769500732e-01 -2.488245666027069092e-01 -1.974553018808364868e-01
1.205573201179504395e+00 -1.178200960159301758e+00 1.219830989837646484e+00 -2.150789499282836914e-01 -2.494147717952728271e-01 -1.978515535593032837e-01
1.205438852310180664e+00 -1.179416179656982422e+00 1.228084444999694824e+00 -2.137632519006729126e-01 -2.499235868453979492e-01 -1.978850364685058594e-01
1.205658435821533203e+00 -1.180741310119628906e+00 1.234033823013305664e+00 -2.126489579677581787e-01 -2.501145899295806885e-01 -1.979427784681320190e-01
