1.125810146331787109e+00 -9.757272005081176758e-01 1.410132169723510742e+00 -1.978961825370788574e-01 -2.511891424655914307e-01 -1.670694649219512939e-01
1.208296418190002441e+00 -1.216683745384216309e+00 1.193716049194335938e+00 -2.081498950719833374e-01 -2.096378505229949951e-01 -2.006197869777679443e-01
1.209831357002258301e+00 -1.214356780052185059e+00 1.202182531356811523e+00 -2.195814400911331177e-01 -2.077834308147430420e-01 -1.970349252223968506e-01
1.212538480758666992e+00 -1.217984318733215332e+00 1.188624978065490723e+00 -2.034429460763931274e-01 -2.009517699480056763e-01 -2.028322815895080566e-01
1.199772119522094727e+00 -1.220229744911193848e+00 1.196978449821472168e+00 -1.949298381805419922e-01 -1.908011436462402344e-01 -1.963345408439636230e-01
1.204803228378295898e+00 -1.220261335372924805e+00 1.193829894065856934e+00 -1.921191662549972534e-01 -1.937683075666427612e-01 -2.033792436122894287e-01
1.203088760375976562e+00 -1.221823215484619141e+00 1.194944262504577637e+00 -1.980847865343093872e-01 -1.993995606899261475e-01 -2.051598876714706421e-01
1.213106751441955566e+00 -1.211829423904418945e+00 1.198912858963012695e+00 -2.097100764513015747e-01 -2.022002637386322021e-01 -1.971535682678222656e-01
1.206083774566650391e+00 -1.218713641166687012e+00 1.193530082702636719e+00 -2.093250751495361328e-01 -1.966999620199203491e-01 -2.005737721920013428e-01
1.207816720008850098e+00 -1.216616272926330566e+00 1.198752522468566895e+00 -2.128943204879760742e-01 -2.038091272115707397e-01 -2.060700356960296631e-01
1.201768517494201660e+00 -1.218771815299987793e+00 1.200562000274658203e+00 -2.169404774904251099e-01 -2.122058272361755371e-01 -2.024027407169342041e-01
