1.164717555046081543e+00 -1.232301235198974609e+00 1.183547616004943848e+00 -2.747541069984436035e-01 -1.795256435871124268e-01 -2.258195579051971436e-01
1.215661525726318359e+00 -1.216937184333801270e+00 1.190778970718383789e+00 -2.760659754276275635e-01 -1.811430156230926514e-01 -2.232296913862228394e-01
1.221626162528991699e+00 -1.210251688957214355e+00 1.186030268669128418e+00 -2.776259183883666992e-01 -1.720659732818603516e-01 -2.209194004535675049e-01
1.212865829467773438e+00 -1.217064261436462402e+00 1.189026951789855957e+00 -2.768814563751220703e-01 -1.724337041378021240e-01 -2.290959358215332031e-01
1.214842796325683594e+00 -1.221697449684143066e+00 1.192791104316711426e+00 -2.735404372215270996e-01 -1.786106675863265991e-01 -2.361717075109481812e-01
1.217936396598815918e+00 -1.215303301811218262e+00 1.192905664443969727e+00 -2.760702669620513916e-01 -1.833124607801437378e-01 -2.421613633632659912e-01
1.217430591583251953e+00 -1.218869566917419434e+00 1.189041256904602051e+00 -2.726313769817352295e-01 -1.757099777460098267e-01 -2.298837900161743164e-01
1.213806390762329102e+00 -1.218697190284729004e+00 1.194811344146728516e+00 -2.703754305839538574e-01 -1.814621239900588989e-01 -2.253564745187759399e-01
1.216328024864196777e+00 -1.216265678405761719e+00 1.189672231674194336e+00 -2.661672532558441162e-01 -1.754430532455444336e-01 -2.177611738443374634e-01
1.216099143028259277e+00 -1.215351819992065430e+00 1.190514445304870605e+00 -2.709497213363647461e-01 -1.793673783540725708e-01 -2.173733115196228027e-01
1.209424138069152832e+00 -1.223412752151489258e+00 1.197223663330078125e+00 -2.720144987106323242e-01 -1.834971159696578979e-01 -2.209638059139251709e-01
