1.254179120063781738e+00 -1.235541582107543945e+00 1.214827418327331543e+00 -1.658589392900466919e-01 -1.727348417043685913e-01 -2.156407833099365234e-01
1.210859656333923340e+00 -1.218706369400024414e+00 1.202838659286499023e+00 -1.689795255661010742e-01 -1.734882146120071411e-01 -2.094252407550811768e-01
1.210472106933593750e+00 -1.219971656799316406e+00 1.207966923713684082e+00 -1.715849936008453369e-01 -1.787729412317276001e-01 -1.977171897888183594e-01
1.201252460479736328e+00 -1.223569989204406738e+00 1.200970172882080078e+00 -1.662973463535308838e-01 -1.768323779106140137e-01 -1.898735165596008301e-01
1.205329895019531250e+00 -1.222053527832031250e+00 1.205584645271301270e+00 -1.662174016237258911e-01 -1.815243661403656006e-01 -2.043596506118774414e-01
1.208236694335937500e+00 -1.218265175819396973e+00 1.208159804344177246e+00 -1.667347848415374756e-01 -1.912861764430999756e-01 -2.037158608436584473e-01
1.205844759941101074e+00 -1.218729972839355469e+00 1.203729510307312012e+00 -1.708290427923202515e-01 -1.901523470878601074e-01 -2.111228853464126587e-01
1.206878781318664551e+00 -1.216912627220153809e+00 1.202177047729492188e+00 -1.639814525842666626e-01 -1.803339570760726929e-01 -2.065127938985824585e-01
1.205749511718750000e+00 -1.231284856796264648e+00 1.210887908935546875e+00 -1.589480638504028320e-01 -1.708528846502304077e-01 -2.076667696237564087e-01
1.212058544158935547e+00 -1.217377543449401855e+00 1.208171129226684570e+00 -1.657246053218841553e-01 -1.721084117889404297e-01 -2.057415246963500977e-01
1.206378817558288574e+00 -1.225989818572998047e+00 1.199866175651550293e+00 -1.659936755895614624e-01 -1.696983724832534790e-01 -2.067033201456069946e-01
