1.194516777992248535e+00 -1.260945677757263184e+00 1.175963997840881348e+00 -2.316411733627319336e-01 -2.627791464328765869e-01 -2.903307676315307617e-01
1.203549146652221680e+00 -1.223923206329345703e+00 1.208048939704895020e+00 -2.301345765590667725e-01 -2.692768275737762451e-01 -2.841193675994873047e-01
1.211024284362792969e+00 -1.219473481178283691e+00 1.210860013961791992e+00 -2.278775721788406372e-01 -2.466682791709899902e-01 -2.746208608150482178e-01
1.210402131080627441e+00 -1.218924641609191895e+00 1.207276821136474609e+00 -2.125810086727142334e-01 -2.501873672008514404e-01 -2.807828187942504883e-01
1.211290121078491211e+00 -1.220335364341735840e+00 1.211103439331054688e+00 -2.159637510776519775e-01 -2.553271353244781494e-01 -2.848279178142547607e-01
1.206105232238769531e+00 -1.221252322196960449e+00 1.209350943565368652e+00 -2.217640280723571777e-01 -2.740461826324462891e-01 -2.867209613323211670e-01
1.209595918655395508e+00 -1.216821193695068359e+00 1.209282279014587402e+00 -2.278006821870803833e-01 -2.671274542808532715e-01 -2.812851071357727051e-01
1.208394050598144531e+00 -1.218278884887695312e+00 1.217510819435119629e+00 -2.301126569509506226e-01 -2.709713876247406006e-01 -2.886699140071868896e-01
1.209233403205871582e+00 -1.219573616981506348e+00 1.211073040962219238e+00 -2.370998263359069824e-01 -2.685300111770629883e-01 -2.862557768821716309e-01
1.206640362739562988e+00 -1.221658468246459961e+00 1.209852457046508789e+00 -2.332401275634765625e-01 -2.676947116851806641e-01 -2.859333455562591553e-01
1.210091829299926758e+00 -1.218915700912475586e+00 1.200767636299133301e+00 -2.356476336717605591e-01 -2.712476849555969238e-01 -2.797238528728485107e-01
