1.431002974510192871e+00 -1.170075178146362305e+00 1.232775926589965820e+00 -3.693837225437164307e-01 -2.461653649806976318e-01 -1.237245798110961914e-01
1.204647421836853027e+00 -1.223440766334533691e+00 1.206766009330749512e+00 -3.762571215629577637e-01 -2.263098508119583130e-01 -1.230403035879135132e-01
1.201282501220703125e+00 -1.217590808868408203e+00 1.201876878738403320e+00 -3.576287627220153809e-01 -2.142943143844604492e-01 -1.479555070400238037e-01
1.193417906761169434e+00 -1.225718617439270020e+00 1.200083971023559570e+00 -3.678684532642364502e-01 -2.184392809867858887e-01 -1.385906338691711426e-01
1.202036976814270020e+00 -1.225411176681518555e+00 1.202348828315734863e+00 -3.664302527904510498e-01 -2.263227105140686035e-01 -1.437483429908752441e-01
1.205827355384826660e+00 -1.222015261650085449e+00 1.194634079933166504e+00 -3.802458047866821289e-01 -2.265631556510925293e-01 -1.134864613413810730e-01
1.204328775405883789e+00 -1.229443550109863281e+00 1.198770046234130859e+00 -3.719187974929809570e-01 -2.222127914428710938e-01 -1.191999912261962891e-01
1.203978061676025391e+00 -1.226133108139038086e+00 1.207379579544067383e+00 -3.686950206756591797e-01 -2.248733043670654297e-01 -1.211251020431518555e-01
1.205651044845581055e+00 -1.220615267753601074e+00 1.194926142692565918e+00 -3.714612424373626709e-01 -2.190963923931121826e-01 -1.195897608995437622e-01
1.208426594734191895e+00 -1.220592856407165527e+00 1.196593523025512695e+00 -3.742968440055847168e-01 -2.211432904005050659e-01 -1.208272650837898254e-01
1.203981161117553711e+00 -1.220853447914123535e+00 1.196916937828063965e+00 -3.743019700050354004e-01 -2.204654961824417114e-01 -1.169082596898078918e-01
