1.233938455581665039e+00 -1.199847936630249023e+00 1.176274657249450684e+00 -2.534423768520355225e-01 -1.974750459194183350e-01 -1.524240374565124512e-01
1.208938717842102051e+00 -1.208450794219970703e+00 1.194918870925903320e+00 -2.527636289596557617e-01 -1.999252140522003174e-01 -1.503735780715942383e-01
1.205342531204223633e+00 -1.217438817024230957e+00 1.206308722496032715e+00 -2.308910787105560303e-01 -2.041284441947937012e-01 -1.585690826177597046e-01
1.204265117645263672e+00 -1.217192173004150391e+00 1.211332798004150391e+00 -2.377411127090454102e-01 -1.970438063144683838e-01 -1.536696553230285645e-01
1.205811381340026855e+00 -1.217862486839294434e+00 1.197905540466308594e+00 -2.338207662105560303e-01 -1.999474018812179565e-01 -1.488067358732223511e-01
1.208384513854980469e+00 -1.212397933006286621e+00 1.197072386741638184e+00 -2.450562417507171631e-01 -2.047033458948135376e-01 -1.356756091117858887e-01
1.206490516662597656e+00 -1.211019277572631836e+00 1.193070650100708008e+00 -2.459118962287902832e-01 -2.074982225894927979e-01 -1.419343054294586182e-01
1.205480337142944336e+00 -1.214345097541809082e+00 1.198455333709716797e+00 -2.559208571910858154e-01 -2.043392062187194824e-01 -1.361744105815887451e-01
1.206021666526794434e+00 -1.215980887413024902e+00 1.196758985519409180e+00 -2.649835944175720215e-01 -2.109486907720565796e-01 -1.362386047840118408e-01
1.210549592971801758e+00 -1.208605885505676270e+00 1.197985768318176270e+00 -2.591903209686279297e-01 -2.044465392827987671e-01 -1.431856453418731689e-01
1.208094596862792969e+00 -1.215589523315429688e+00 1.204615712165832520e+00 -2.564653456211090088e-01 -2.036330103874206543e-01 -1.463884264230728149e-01
