1.344787836074829102e+00 -1.312105178833007812e+00 1.238502502441406250e+00 -1.428362429141998291e-01 -1.203888282179832458e-01 -2.255287468433380127e-01
1.217014789581298828e+00 -1.216670751571655273e+00 1.193832397460937500e+00 -1.547242999076843262e-01 -1.212505623698234558e-01 -2.086231708526611328e-01
1.219721913337707520e+00 -1.211776733398437500e+00 1.196316480636596680e+00 -1.563291251659393311e-01 -1.267825663089752197e-01 -1.963488459587097168e-01
1.216139793395996094e+00 -1.212455630302429199e+00 1.186803817749023438e+00 -1.711974143981933594e-01 -1.263954490423202515e-01 -2.122592180967330933e-01
1.211276650428771973e+00 -1.217589139938354492e+00 1.195796251296997070e+00 -1.601565927267074585e-01 -1.312176585197448730e-01 -2.137510776519775391e-01
1.215142130851745605e+00 -1.220755100250244141e+00 1.199462652206420898e+00 -1.594420373439788818e-01 -1.357096433639526367e-01 -2.115157395601272583e-01
1.215621471405029297e+00 -1.212189078330993652e+00 1.192560791969299316e+00 -1.569877862930297852e-01 -1.263353228569030762e-01 -2.190624773502349854e-01
1.212631225585937500e+00 -1.217583298683166504e+00 1.193857669830322266e+00 -1.571646332740783691e-01 -1.293772757053375244e-01 -2.050074040889739990e-01
1.213324308395385742e+00 -1.219402313232421875e+00 1.193278312683105469e+00 -1.570095270872116089e-01 -1.210776716470718384e-01 -2.147974222898483276e-01
1.215754866600036621e+00 -1.216025829315185547e+00 1.194413423538208008e+00 -1.507039219141006470e-01 -1.203911378979682922e-01 -2.103772312402725220e-01
1.210975289344787598e+00 -1.213987350463867188e+00 1.188143253326416016e+00 -1.569130420684814453e-01 -1.242511719465255737e-01 -2.142153978347778320e-01
