1.250934600830078125e+00 -1.140634059906005859e+00 1.233384132385253906e+00 -6.696821749210357666e-02 -2.008519172668457031e-01 -1.774198263883590698e-01
1.200912594795227051e+00 -1.228383064270019531e+00 1.208124637603759766e+00 -8.510123193264007568e-02 -2.022984623908996582e-01 -1.792429387569427490e-01
1.200278759002685547e+00 -1.229212880134582520e+00 1.208875179290771484e+00 -5.890194699168205261e-02 -2.097072005271911621e-01 -1.894297152757644653e-01
1.198563098907470703e+00 -1.228350877761840820e+00 1.208027720451354980e+00 -7.380390167236328125e-02 -2.175057232379913330e-01 -1.798014342784881592e-01
1.199132919311523438e+00 -1.228765845298767090e+00 1.209131956100463867e+00 -8.173684775829315186e-02 -2.150655686855316162e-01 -1.808413863182067871e-01
1.200110673904418945e+00 -1.229171156883239746e+00 1.209113955497741699e+00 -7.519939541816711426e-02 -2.163175791501998901e-01 -1.852374970912933350e-01
1.199913740158081055e+00 -1.229498028755187988e+00 1.208870768547058105e+00 -8.886910974979400635e-02 -2.051222622394561768e-01 -1.840167194604873657e-01
1.203428626060485840e+00 -1.225674510002136230e+00 1.205252647399902344e+00 -8.273024857044219971e-02 -1.972721964120864868e-01 -1.717309802770614624e-01
1.202222228050231934e+00 -1.226946830749511719e+00 1.205402970314025879e+00 -8.639236539602279663e-02 -1.980894356966018677e-01 -1.682228296995162964e-01
1.200683116912841797e+00 -1.228963255882263184e+00 1.209329962730407715e+00 -9.134612977504730225e-02 -1.995683610439300537e-01 -1.739257723093032837e-01
1.200116872787475586e+00 -1.228936910629272461e+00 1.208734750747680664e+00 -9.469512850046157837e-02 -2.062223851680755615e-01 -1.865282207727432251e-01
