1.178490042686462402e+00 -1.282639503479003906e+00 1.103666424751281738e+00 -3.420352041721343994e-01 -1.963414102792739868e-01 -2.225458920001983643e-01
1.209381103515625000e+00 -1.214139580726623535e+00 1.197694778442382812e+00 -3.375494480133056641e-01 -2.206855416297912598e-01 -2.171457409858703613e-01
1.209166765213012695e+00 -1.214918851852416992e+00 1.199185013771057129e+00 -2.979512214660644531e-01 -2.214719653129577637e-01 -2.063667625188827515e-01
1.209483027458190918e+00 -1.214600324630737305e+00 1.196167111396789551e+00 -3.053644001483917236e-01 -2.143409848213195801e-01 -2.150725424289703369e-01
1.210669875144958496e+00 -1.212545633316040039e+00 1.196172356605529785e+00 -3.164233267307281494e-01 -2.187588512897491455e-01 -2.075347602367401123e-01
1.209906220436096191e+00 -1.215072989463806152e+00 1.198503613471984863e+00 -3.239778876304626465e-01 -2.190164923667907715e-01 -2.250408828258514404e-01
1.210561156272888184e+00 -1.212944269180297852e+00 1.197626113891601562e+00 -3.187872171401977539e-01 -2.098379731178283691e-01 -2.023228555917739868e-01
1.209195137023925781e+00 -1.214519739151000977e+00 1.198510766029357910e+00 -3.242840468883514404e-01 -2.154819071292877197e-01 -2.125531136989593506e-01
1.210907459259033203e+00 -1.212489247322082520e+00 1.196726083755493164e+00 -3.261436820030212402e-01 -2.195311039686203003e-01 -2.165118306875228882e-01
1.208515405654907227e+00 -1.215279936790466309e+00 1.198539018630981445e+00 -3.273659050464630127e-01 -2.250351011753082275e-01 -2.193881422281265259e-01
1.209493637084960938e+00 -1.214785456657409668e+00 1.198706507682800293e+00 -3.246720433235168457e-01 -2.218078374862670898e-01 -2.154356539249420166e-01
