1.277028799057006836e+00 -1.191370725631713867e+00 1.208477139472961426e+00 -2.772562801837921143e-01 -4.424692094326019287e-01 -2.528289258480072021e-01
1.204220652580261230e+00 -1.220209240913391113e+00 1.204003691673278809e+00 -2.801508307456970215e-01 -3.958446681499481201e-01 -3.225929141044616699e-01
1.202620148658752441e+00 -1.230309724807739258e+00 1.202428221702575684e+00 -3.129185140132904053e-01 -3.978114128112792969e-01 -3.168576359748840332e-01
1.204220652580261230e+00 -1.221028208732604980e+00 1.204820990562438965e+00 -2.469882816076278687e-01 -3.905094861984252930e-01 -3.233879506587982178e-01
1.206196427345275879e+00 -1.217492103576660156e+00 1.201904654502868652e+00 -2.532241344451904297e-01 -3.906620144844055176e-01 -3.291603922843933105e-01
1.206874012947082520e+00 -1.217627882957458496e+00 1.202189564704895020e+00 -2.503129839897155762e-01 -3.732569217681884766e-01 -3.232481777667999268e-01
1.206898093223571777e+00 -1.218455672264099121e+00 1.201462745666503906e+00 -2.457241863012313843e-01 -3.820120692253112793e-01 -3.397217690944671631e-01
1.205832958221435547e+00 -1.217325448989868164e+00 1.203477025032043457e+00 -2.452318966388702393e-01 -3.808316290378570557e-01 -3.109090328216552734e-01
1.208395242691040039e+00 -1.215227007865905762e+00 1.199470758438110352e+00 -2.612026333808898926e-01 -3.799338340759277344e-01 -3.184973001480102539e-01
1.207544445991516113e+00 -1.216940045356750488e+00 1.201606750488281250e+00 -2.588385045528411865e-01 -3.784908950328826904e-01 -3.217360079288482666e-01
1.207461357116699219e+00 -1.217209100723266602e+00 1.201439499855041504e+00 -2.605715394020080566e-01 -3.816255331039428711e-01 -3.130338490009307861e-01
