1.169273376464843750e+00 -1.378533005714416504e+00 1.141525745391845703e+00 -2.328021228313446045e-01 -3.044204711914062500e-01 -2.746108770370483398e-01
1.208711385726928711e+00 -1.215620279312133789e+00 1.209001064300537109e+00 -2.329391390085220337e-01 -3.165061473846435547e-01 -2.429370880126953125e-01
1.200177431106567383e+00 -1.225097179412841797e+00 1.207797408103942871e+00 -2.446537017822265625e-01 -3.341087400913238525e-01 -2.901494503021240234e-01
1.198805689811706543e+00 -1.231258273124694824e+00 1.226385831832885742e+00 -2.148421257734298706e-01 -2.977052032947540283e-01 -2.441935837268829346e-01
1.204142689704895020e+00 -1.222375512123107910e+00 1.212134242057800293e+00 -2.292564064264297485e-01 -3.181818723678588867e-01 -2.520300149917602539e-01
1.206886053085327148e+00 -1.222463607788085938e+00 1.216633439064025879e+00 -2.201464325189590454e-01 -3.112119436264038086e-01 -2.485016137361526489e-01
1.208244204521179199e+00 -1.217927694320678711e+00 1.209085226058959961e+00 -2.187140733003616333e-01 -3.129757642745971680e-01 -2.524900436401367188e-01
1.204418778419494629e+00 -1.221322417259216309e+00 1.207360029220581055e+00 -2.652949988842010498e-01 -3.291911780834197998e-01 -2.506417930126190186e-01
1.203946113586425781e+00 -1.222275018692016602e+00 1.209926724433898926e+00 -2.295805513858795166e-01 -3.180988132953643799e-01 -2.540315389633178711e-01
1.209684133529663086e+00 -1.216833353042602539e+00 1.209677100181579590e+00 -2.309397459030151367e-01 -3.063880801200866699e-01 -2.442394495010375977e-01
1.203792691230773926e+00 -1.224956989288330078e+00 1.214897871017456055e+00 -2.220485806465148926e-01 -3.084449172019958496e-01 -2.470993846654891968e-01
