1.165591597557067871e+00 -1.221397519111633301e+00 1.517704844474792480e+00 -2.107527852058410645e-01 -2.832803130149841309e-01 -1.902165114879608154e-01
1.078474402427673340e+00 -1.390834569931030273e+00 1.374164938926696777e+00 -2.462720274925231934e-01 -2.685808539390563965e-01 -1.836198568344116211e-01
1.075205445289611816e+00 -1.400490880012512207e+00 1.382868409156799316e+00 -2.549175024032592773e-01 -2.395619004964828491e-01 -2.138078808784484863e-01
1.013197779655456543e+00 -1.472570419311523438e+00 1.455412030220031738e+00 -2.449430674314498901e-01 -2.818514108657836914e-01 -1.967045664787292480e-01
9.404838085174560547e-01 -1.559936881065368652e+00 1.538787841796875000e+00 -2.025604248046875000e-01 -2.682025432586669922e-01 -2.701382637023925781e-01
1.009189605712890625e+00 -1.480522394180297852e+00 1.460675597190856934e+00 -2.310483157634735107e-01 -2.590541243553161621e-01 -2.544713318347930908e-01
9.753289222717285156e-01 -1.520769000053405762e+00 1.500598192214965820e+00 -2.272603809833526611e-01 -2.507386505603790283e-01 -2.644158601760864258e-01
1.015660643577575684e+00 -1.472884058952331543e+00 1.455779075622558594e+00 -2.297417223453521729e-01 -2.776205241680145264e-01 -2.120904624462127686e-01
9.546028375625610352e-01 -1.543532252311706543e+00 1.522921919822692871e+00 -2.102139145135879517e-01 -2.638823390007019043e-01 -2.301808595657348633e-01
9.469255208969116211e-01 -1.551373004913330078e+00 1.530417203903198242e+00 -2.073592841625213623e-01 -2.468608319759368896e-01 -2.243717610836029053e-01
9.385293722152709961e-01 -1.560207009315490723e+00 1.540049552917480469e+00 -2.107085287570953369e-01 -2.332824617624282837e-01 -2.165063619613647461e-01
