1.268996119499206543e+00 -1.190229415893554688e+00 1.206543326377868652e+00 -2.023522406816482544e-01 -7.368730753660202026e-02 -1.357028633356094360e-01
1.210056424140930176e+00 -1.217092156410217285e+00 1.198406815528869629e+00 -2.068367898464202881e-01 -9.494863450527191162e-02 -1.286316663026809692e-01
1.208417773246765137e+00 -1.216925263404846191e+00 1.198602437973022461e+00 -2.100833207368850708e-01 -9.352974593639373779e-02 -1.055572330951690674e-01
1.209519267082214355e+00 -1.216177701950073242e+00 1.199051618576049805e+00 -2.065767198801040649e-01 -1.017563194036483765e-01 -1.267417520284652710e-01
1.209439873695373535e+00 -1.215166687965393066e+00 1.198643684387207031e+00 -2.106555402278900146e-01 -1.013350859284400940e-01 -1.190001145005226135e-01
1.207950353622436523e+00 -1.218799114227294922e+00 1.201365351676940918e+00 -2.030032277107238770e-01 -9.989502280950546265e-02 -1.193708777427673340e-01
1.207005977630615234e+00 -1.218160390853881836e+00 1.200494527816772461e+00 -2.227078974246978760e-01 -1.206062585115432739e-01 -9.489212930202484131e-02
1.209763884544372559e+00 -1.215655803680419922e+00 1.198127508163452148e+00 -2.144058793783187866e-01 -9.739509969949722290e-02 -1.171047240495681763e-01
1.206906318664550781e+00 -1.220160841941833496e+00 1.202829957008361816e+00 -2.090103030204772949e-01 -9.839981794357299805e-02 -1.135179772973060608e-01
1.205625534057617188e+00 -1.220942735671997070e+00 1.203143119812011719e+00 -2.171964496374130249e-01 -1.001507714390754700e-01 -1.170554682612419128e-01
1.210445523262023926e+00 -1.214087247848510742e+00 1.196493268013000488e+00 -2.180866003036499023e-01 -1.023017093539237976e-01 -1.190461888909339905e-01
