1.172881603240966797e+00 -1.056048274040222168e+00 1.239611506462097168e+00 -1.823688149452209473e-01 -1.491304486989974976e-01 -2.163638919591903687e-01
1.197452306747436523e+00 -1.233785748481750488e+00 1.215502858161926270e+00 -1.965514123439788818e-01 -1.740900576114654541e-01 -1.751695871353149414e-01
1.199102044105529785e+00 -1.231437802314758301e+00 1.211567640304565430e+00 -1.938545703887939453e-01 -1.769334971904754639e-01 -1.603601276874542236e-01
1.196291089057922363e+00 -1.236591100692749023e+00 1.217493653297424316e+00 -1.921156942844390869e-01 -1.594438701868057251e-01 -1.869836896657943726e-01
1.198051214218139648e+00 -1.233958005905151367e+00 1.216121912002563477e+00 -1.983039081096649170e-01 -1.761318445205688477e-01 -1.619999110698699951e-01
1.197248935699462891e+00 -1.235482811927795410e+00 1.217200875282287598e+00 -1.893457472324371338e-01 -1.771185696125030518e-01 -1.800803393125534058e-01
1.197454690933227539e+00 -1.234268307685852051e+00 1.216010928153991699e+00 -1.824102997779846191e-01 -1.781241297721862793e-01 -1.789875328540802002e-01
1.196322441101074219e+00 -1.233850717544555664e+00 1.215944528579711914e+00 -1.900250166654586792e-01 -1.808503866195678711e-01 -1.645982116460800171e-01
1.198318481445312500e+00 -1.231554508209228516e+00 1.214815974235534668e+00 -1.903566122055053711e-01 -1.845476329326629639e-01 -1.731331050395965576e-01
1.199520826339721680e+00 -1.231490731239318848e+00 1.213254928588867188e+00 -1.987876892089843750e-01 -1.788470894098281860e-01 -1.815543472766876221e-01
1.197781324386596680e+00 -1.233589649200439453e+00 1.215584397315979004e+00 -1.976526975631713867e-01 -1.857438385486602783e-01 -1.749881803989410400e-01
