1.178472876548767090e+00 -1.183117151260375977e+00 1.289185881614685059e+00 -2.575995624065399170e-01 -2.715718746185302734e-01 -1.908330321311950684e-01
1.208361029624938965e+00 -1.216789484024047852e+00 1.200369954109191895e+00 -2.533034086227416992e-01 -2.513207793235778809e-01 -2.083091735839843750e-01
1.209370374679565430e+00 -1.212607026100158691e+00 1.201370954513549805e+00 -2.541345953941345215e-01 -2.718255519866943359e-01 -1.785631477832794189e-01
1.206794619560241699e+00 -1.218129158020019531e+00 1.198037385940551758e+00 -2.532077431678771973e-01 -2.413106560707092285e-01 -2.120996862649917603e-01
1.203889369964599609e+00 -1.219806551933288574e+00 1.203210353851318359e+00 -2.485081553459167480e-01 -2.530265152454376221e-01 -2.020123749971389771e-01
1.207174181938171387e+00 -1.218122005462646484e+00 1.199318408966064453e+00 -2.385109364986419678e-01 -2.476838231086730957e-01 -2.228184938430786133e-01
1.207234621047973633e+00 -1.217212200164794922e+00 1.200918912887573242e+00 -2.477444112300872803e-01 -2.526915073394775391e-01 -2.202737778425216675e-01
1.208579540252685547e+00 -1.215622782707214355e+00 1.199473857879638672e+00 -2.484090626239776611e-01 -2.586353421211242676e-01 -2.206609845161437988e-01
1.208438992500305176e+00 -1.214952707290649414e+00 1.199400782585144043e+00 -2.530271410942077637e-01 -2.519800066947937012e-01 -2.093555629253387451e-01
1.207548022270202637e+00 -1.215986251831054688e+00 1.200599431991577148e+00 -2.544474303722381592e-01 -2.523918151855468750e-01 -2.112032175064086914e-01
1.207253217697143555e+00 -1.216524243354797363e+00 1.198955535888671875e+00 -2.535456120967864990e-01 -2.542981505393981934e-01 -2.178295999765396118e-01
