1.123716473579406738e+00 -1.158312201499938965e+00 1.136138319969177246e+00 -2.112371772527694702e-01 -1.147459968924522400e-01 -2.026853561401367188e-01
1.211623907089233398e+00 -1.210753202438354492e+00 1.190677881240844727e+00 -2.368829548358917236e-01 -1.613129228353500366e-01 -1.645487546920776367e-01
1.208797097206115723e+00 -1.216941833496093750e+00 1.197449922561645508e+00 -2.312524616718292236e-01 -1.558280736207962036e-01 -1.810743212699890137e-01
1.212758183479309082e+00 -1.211425304412841797e+00 1.193715810775756836e+00 -2.366374582052230835e-01 -1.532603651285171509e-01 -1.813808083534240723e-01
1.214335322380065918e+00 -1.208619475364685059e+00 1.191269874572753906e+00 -2.489190995693206787e-01 -1.465265750885009766e-01 -1.802092194557189941e-01
1.212886452674865723e+00 -1.209610581398010254e+00 1.192808270454406738e+00 -2.524947822093963623e-01 -1.544942557811737061e-01 -1.532758176326751709e-01
1.214322090148925781e+00 -1.208690881729125977e+00 1.191426396369934082e+00 -2.470238357782363892e-01 -1.448406577110290527e-01 -1.574805229902267456e-01
1.211839318275451660e+00 -1.212715625762939453e+00 1.195636868476867676e+00 -2.374054193496704102e-01 -1.408551037311553955e-01 -1.478064805269241333e-01
1.212256193161010742e+00 -1.213265657424926758e+00 1.196654677391052246e+00 -2.333505451679229736e-01 -1.426477283239364624e-01 -1.640289127826690674e-01
1.214175343513488770e+00 -1.209843873977661133e+00 1.191857099533081055e+00 -2.264338731765747070e-01 -1.463844329118728638e-01 -1.705640107393264771e-01
1.212744593620300293e+00 -1.209759950637817383e+00 1.192769169807434082e+00 -2.359745800495147705e-01 -1.545797437429428101e-01 -1.522063165903091431e-01
