1.125431060791015625e+00 -1.091108560562133789e+00 1.170437335968017578e+00 -2.136137783527374268e-01 -2.167620658874511719e-01 -1.732891201972961426e-01
1.126321315765380859e+00 -1.092561960220336914e+00 1.170821309089660645e+00 -2.135650813579559326e-01 -2.169133424758911133e-01 -1.733847856521606445e-01
1.129019379615783691e+00 -1.096094489097595215e+00 1.171392560005187988e+00 -2.135692536830902100e-01 -2.173427045345306396e-01 -1.734661459922790527e-01
1.134558916091918945e+00 -1.108516216278076172e+00 1.176130414009094238e+00 -2.127320468425750732e-01 -2.182622551918029785e-01 -1.750147491693496704e-01
1.150892853736877441e+00 -1.136775612831115723e+00 1.183839440345764160e+00 -2.110424190759658813e-01 -2.201127707958221436e-01 -1.787542551755905151e-01
1.179642558097839355e+00 -1.189359545707702637e+00 1.199730515480041504e+00 -2.060134410858154297e-01 -2.186854481697082520e-01 -1.937586218118667603e-01
1.199621200561523438e+00 -1.217090010643005371e+00 1.208328723907470703e+00 -2.071906030178070068e-01 -2.212432324886322021e-01 -1.941890716552734375e-01
1.202414274215698242e+00 -1.225580215454101562e+00 1.207875013351440430e+00 -2.068265974521636963e-01 -2.207073122262954712e-01 -1.981490850448608398e-01
1.204451322555541992e+00 -1.226895689964294434e+00 1.208562254905700684e+00 -2.069230079650878906e-01 -2.202182114124298096e-01 -2.006685286760330200e-01
1.204983472824096680e+00 -1.227455973625183105e+00 1.209490776062011719e+00 -2.067762315273284912e-01 -2.202712446451187134e-01 -2.027608454227447510e-01
1.201895952224731445e+00 -1.230148911476135254e+00 1.210155487060546875e+00 -2.064833045005798340e-01 -2.198396176099777222e-01 -2.058337330818176270e-01
