1.284578323364257812e+00 -1.153226017951965332e+00 1.192974448204040527e+00 -1.909406781196594238e-01 -2.151130437850952148e-01 -1.957741081714630127e-01
1.283575177192687988e+00 -1.154186964035034180e+00 1.193281650543212891e+00 -1.908819973468780518e-01 -2.151875346899032593e-01 -1.958096027374267578e-01
1.280832886695861816e+00 -1.156820416450500488e+00 1.194048643112182617e+00 -1.907780468463897705e-01 -2.154857814311981201e-01 -1.957331448793411255e-01
1.273077487945556641e+00 -1.164390087127685547e+00 1.196444392204284668e+00 -1.902738213539123535e-01 -2.157283276319503784e-01 -1.962556242942810059e-01
1.254566788673400879e+00 -1.182157754898071289e+00 1.201464176177978516e+00 -1.887230724096298218e-01 -2.164270579814910889e-01 -1.975444704294204712e-01
1.222047805786132812e+00 -1.212255477905273438e+00 1.207994103431701660e+00 -1.864553540945053101e-01 -2.154740095138549805e-01 -2.043664604425430298e-01
1.199245095252990723e+00 -1.231633901596069336e+00 1.215572476387023926e+00 -1.846378147602081299e-01 -2.173767238855361938e-01 -2.038739621639251709e-01
1.196421265602111816e+00 -1.235140800476074219e+00 1.215509533882141113e+00 -1.850158274173736572e-01 -2.178711444139480591e-01 -2.043161690235137939e-01
1.194476604461669922e+00 -1.237523436546325684e+00 1.216884613037109375e+00 -1.856890171766281128e-01 -2.182213068008422852e-01 -2.054900974035263062e-01
1.193760633468627930e+00 -1.239432930946350098e+00 1.219046711921691895e+00 -1.860655695199966431e-01 -2.185096144676208496e-01 -2.057695835828781128e-01
1.193904995918273926e+00 -1.239443659782409668e+00 1.219792008399963379e+00 -1.862723231315612793e-01 -2.185547947883605957e-01 -2.064363360404968262e-01
