1.099165916442871094e+00 -1.346367835998535156e+00 1.222961068153381348e+00 -1.871784627437591553e-01 -2.054873704910278320e-01 -2.519048154354095459e-01
1.100422859191894531e+00 -1.344959497451782227e+00 1.222775578498840332e+00 -1.874731779098510742e-01 -2.057510167360305786e-01 -2.511184215545654297e-01
1.103947877883911133e+00 -1.340967297554016113e+00 1.222160696983337402e+00 -1.883066147565841675e-01 -2.064754664897918701e-01 -2.487051337957382202e-01
1.112645745277404785e+00 -1.331366062164306641e+00 1.221306562423706055e+00 -1.904076486825942993e-01 -2.084894329309463501e-01 -2.447079271078109741e-01
1.136431574821472168e+00 -1.304404616355895996e+00 1.216784715652465820e+00 -1.951734721660614014e-01 -2.144503891468048096e-01 -2.307530641555786133e-01
1.176352381706237793e+00 -1.261364698410034180e+00 1.213424086570739746e+00 -2.035979032516479492e-01 -2.279817759990692139e-01 -2.045566290616989136e-01
1.196349382400512695e+00 -1.236350536346435547e+00 1.215523481369018555e+00 -2.043731212615966797e-01 -2.279822528362274170e-01 -2.033193707466125488e-01
1.199026226997375488e+00 -1.234436154365539551e+00 1.213747739791870117e+00 -2.044449895620346069e-01 -2.280823588371276855e-01 -2.031128257513046265e-01
1.204721093177795410e+00 -1.226920723915100098e+00 1.211380124092102051e+00 -2.058925926685333252e-01 -2.303105145692825317e-01 -1.988047361373901367e-01
1.205415368080139160e+00 -1.228051304817199707e+00 1.210306644439697266e+00 -2.055296003818511963e-01 -2.309851646423339844e-01 -1.977541744709014893e-01
1.203325629234313965e+00 -1.228038191795349121e+00 1.209388971328735352e+00 -2.064858675003051758e-01 -2.320186793804168701e-01 -1.962546259164810181e-01
