1.084598183631896973e+00 -1.208986639976501465e+00 1.197225093841552734e+00 -2.357612550258636475e-01 -2.013121396303176880e-01 -1.618784815073013306e-01
1.085760593414306641e+00 -1.209432244300842285e+00 1.197637200355529785e+00 -2.356186956167221069e-01 -2.012650966644287109e-01 -1.621653884649276733e-01
1.089007496833801270e+00 -1.210565686225891113e+00 1.198781490325927734e+00 -2.353072315454483032e-01 -2.013151347637176514e-01 -1.626667678356170654e-01
1.097632765769958496e+00 -1.214022397994995117e+00 1.201851248741149902e+00 -2.340123355388641357e-01 -2.005267143249511719e-01 -1.654811352491378784e-01
1.120918512344360352e+00 -1.220546722412109375e+00 1.208938479423522949e+00 -2.321548461914062500e-01 -2.007925808429718018e-01 -1.687880158424377441e-01
1.156565666198730469e+00 -1.237396359443664551e+00 1.226300954818725586e+00 -2.276569306850433350e-01 -2.008706629276275635e-01 -1.773132532835006714e-01
1.184593081474304199e+00 -1.242388844490051270e+00 1.224956035614013672e+00 -2.242426723241806030e-01 -1.985025405883789062e-01 -1.841857284307479858e-01
1.190918326377868652e+00 -1.243108510971069336e+00 1.226443767547607422e+00 -2.232736498117446899e-01 -1.991635859012603760e-01 -1.855123341083526611e-01
1.192297458648681641e+00 -1.242983460426330566e+00 1.228078603744506836e+00 -2.234019637107849121e-01 -1.998226046562194824e-01 -1.859841346740722656e-01
1.192287325859069824e+00 -1.244423747062683105e+00 1.229589462280273438e+00 -2.223817706108093262e-01 -2.003299891948699951e-01 -1.868816465139389038e-01
1.192408561706542969e+00 -1.245228409767150879e+00 1.229503512382507324e+00 -2.219009399414062500e-01 -2.007248401641845703e-01 -1.866148412227630615e-01
