1.034904241561889648e+00 -1.288402795791625977e+00 1.193422794342041016e+00 -2.214283794164657593e-01 -1.985039860010147095e-01 -1.874871999025344849e-01
1.036403894424438477e+00 -1.288238525390625000e+00 1.194127798080444336e+00 -2.213280946016311646e-01 -1.986192315816879272e-01 -1.875570714473724365e-01
1.040572643280029297e+00 -1.287699222564697266e+00 1.196250677108764648e+00 -2.210252285003662109e-01 -1.989968419075012207e-01 -1.877353191375732422e-01
1.051699280738830566e+00 -1.286661505699157715e+00 1.201659917831420898e+00 -2.202961444854736328e-01 -2.000500857830047607e-01 -1.881529092788696289e-01
1.082921743392944336e+00 -1.282080292701721191e+00 1.216600537300109863e+00 -2.175296247005462646e-01 -2.014586776494979858e-01 -1.909325867891311646e-01
1.134406566619873047e+00 -1.280377149581909180e+00 1.241427779197692871e+00 -2.120383679866790771e-01 -2.028609365224838257e-01 -1.975595653057098389e-01
1.160032510757446289e+00 -1.280865073204040527e+00 1.256746411323547363e+00 -2.073646634817123413e-01 -2.032937705516815186e-01 -2.033854126930236816e-01
1.172712922096252441e+00 -1.275185942649841309e+00 1.255168914794921875e+00 -2.049290835857391357e-01 -2.014565616846084595e-01 -2.058806419372558594e-01
1.178593516349792480e+00 -1.269019484519958496e+00 1.250538945198059082e+00 -2.025577127933502197e-01 -1.994852274656295776e-01 -2.072352916002273560e-01
1.180760502815246582e+00 -1.263810992240905762e+00 1.245145916938781738e+00 -2.019910067319869995e-01 -1.985130906105041504e-01 -2.064321190118789673e-01
1.183816075325012207e+00 -1.260455965995788574e+00 1.237731337547302246e+00 -2.000800222158432007e-01 -1.956778913736343384e-01 -2.074518948793411255e-01
