1.246864080429077148e+00 -1.090039134025573730e+00 1.263822197914123535e+00 -1.912070363759994507e-01 -2.484719157218933105e-01 -1.454740613698959351e-01
1.259597420692443848e+00 -1.147167325019836426e+00 1.134703516960144043e+00 -1.934238076210021973e-01 -2.159110605716705322e-01 -1.792806237936019897e-01
1.264070868492126465e+00 -1.152816414833068848e+00 1.145029902458190918e+00 -2.035729885101318359e-01 -2.138399183750152588e-01 -1.683646738529205322e-01
1.269372105598449707e+00 -1.135192155838012695e+00 1.124057531356811523e+00 -2.078749090433120728e-01 -2.264152169227600098e-01 -1.719993948936462402e-01
1.272454261779785156e+00 -1.131077527999877930e+00 1.120660066604614258e+00 -2.041684985160827637e-01 -2.216280698776245117e-01 -1.677021086215972900e-01
1.259101510047912598e+00 -1.146887063980102539e+00 1.129121303558349609e+00 -1.944867670536041260e-01 -2.246550768613815308e-01 -1.876701414585113525e-01
1.259805679321289062e+00 -1.142476797103881836e+00 1.124036788940429688e+00 -1.965239048004150391e-01 -2.191954553127288818e-01 -1.842234581708908081e-01
1.241276025772094727e+00 -1.175782442092895508e+00 1.161686301231384277e+00 -1.903430372476577759e-01 -2.204508781433105469e-01 -1.776788830757141113e-01
1.253506183624267578e+00 -1.158085107803344727e+00 1.142551302909851074e+00 -1.920611858367919922e-01 -2.217867970466613770e-01 -1.870338618755340576e-01
1.251894831657409668e+00 -1.153560519218444824e+00 1.145135045051574707e+00 -1.904680579900741577e-01 -2.203701287508010864e-01 -1.834240257740020752e-01
1.252101778984069824e+00 -1.156882524490356445e+00 1.137560844421386719e+00 -1.896289139986038208e-01 -2.197776585817337036e-01 -1.850111633539199829e-01
