1.207929015159606934e+00 -1.219102263450622559e+00 1.197335839271545410e+00 -2.372781336307525635e-01 -2.233913242816925049e-01 -2.194081395864486694e-01
1.203201293945312500e+00 -1.225745797157287598e+00 1.204606056213378906e+00 -2.362986654043197632e-01 -2.244992256164550781e-01 -2.191781401634216309e-01
1.154399752616882324e+00 -1.296143889427185059e+00 1.276547551155090332e+00 -2.281856089830398560e-01 -2.347483634948730469e-01 -2.225923538208007812e-01
1.212937951087951660e+00 -1.212020874023437500e+00 1.188943386077880859e+00 -2.379002571105957031e-01 -2.041667103767395020e-01 -2.107297182083129883e-01
1.181052565574645996e+00 -1.258212566375732422e+00 1.239709973335266113e+00 -2.393833547830581665e-01 -2.269002646207809448e-01 -2.169914692640304565e-01
1.191597104072570801e+00 -1.240129828453063965e+00 1.222481727600097656e+00 -2.447420209646224976e-01 -2.354478389024734497e-01 -2.222594320774078369e-01
1.195180416107177734e+00 -1.234512448310852051e+00 1.216951966285705566e+00 -2.435364127159118652e-01 -2.223591655492782593e-01 -2.138874530792236328e-01
1.174066662788391113e+00 -1.263176918029785156e+00 1.245159506797790527e+00 -2.396131902933120728e-01 -2.362699806690216064e-01 -2.250809967517852783e-01
1.169886589050292969e+00 -1.271530985832214355e+00 1.253113865852355957e+00 -2.339753806591033936e-01 -2.309684753417968750e-01 -2.265104353427886963e-01
1.157602190971374512e+00 -1.289257884025573730e+00 1.267259001731872559e+00 -2.293049395084381104e-01 -2.327740639448165894e-01 -2.306996881961822510e-01
1.185313820838928223e+00 -1.251590371131896973e+00 1.233776092529296875e+00 -2.320295125246047974e-01 -2.304786145687103271e-01 -2.217521220445632935e-01
