1.198502063751220703e+00 -1.230208873748779297e+00 1.207534432411193848e+00 -2.711399197578430176e-01 -1.769216507673263550e-01 -1.680738329887390137e-01
1.304762482643127441e+00 -1.255230903625488281e+00 1.224891543388366699e+00 -2.700380682945251465e-01 -1.927234381437301636e-01 -1.644089072942733765e-01
1.279719352722167969e+00 -1.259677767753601074e+00 1.150270223617553711e+00 -2.781623303890228271e-01 -1.826206445693969727e-01 -1.616431772708892822e-01
1.282002329826354980e+00 -1.305914878845214844e+00 1.136140823364257812e+00 -2.829911112785339355e-01 -1.868790388107299805e-01 -1.571935564279556274e-01
1.244655847549438477e+00 -1.317968487739562988e+00 1.134745597839355469e+00 -2.838613688945770264e-01 -1.800085455179214478e-01 -1.596115976572036743e-01
1.233364701271057129e+00 -1.315037012100219727e+00 1.165599107742309570e+00 -2.823170423507690430e-01 -1.808458566665649414e-01 -1.643425226211547852e-01
1.228863239288330078e+00 -1.300193905830383301e+00 1.193642616271972656e+00 -2.812939584255218506e-01 -1.825022250413894653e-01 -1.666707843542098999e-01
1.234774112701416016e+00 -1.284094095230102539e+00 1.213551998138427734e+00 -2.817035615444183350e-01 -1.861781179904937744e-01 -1.655075401067733765e-01
1.244581460952758789e+00 -1.275902628898620605e+00 1.219389200210571289e+00 -2.828574478626251221e-01 -1.885191053152084351e-01 -1.637451350688934326e-01
1.249364137649536133e+00 -1.274167895317077637e+00 1.217544078826904297e+00 -2.843887805938720703e-01 -1.890377402305603027e-01 -1.628848463296890259e-01
