1.138929367065429688e+00 -1.307905077934265137e+00 1.264824151992797852e+00 -9.618958085775375366e-02 -2.225977629423141479e-01 -2.089792042970657349e-01
1.081895351409912109e+00 -1.225538492202758789e+00 1.096269965171813965e+00 -1.199210509657859802e-01 -2.093415856361389160e-01 -1.831334829330444336e-01
1.160774707794189453e+00 -1.327667474746704102e+00 1.078022480010986328e+00 -1.186336129903793335e-01 -2.184773087501525879e-01 -1.876495927572250366e-01
1.066268324851989746e+00 -1.330018877983093262e+00 1.005099058151245117e+00 -1.209810078144073486e-01 -1.893713474273681641e-01 -2.038639932870864868e-01
1.076322793960571289e+00 -1.336769104003906250e+00 1.045146226882934570e+00 -1.203968748450279236e-01 -2.025165259838104248e-01 -1.936839967966079712e-01
1.058691740036010742e+00 -1.338089227676391602e+00 1.067800760269165039e+00 -1.193748638033866882e-01 -2.063338607549667358e-01 -1.905710995197296143e-01
1.057502388954162598e+00 -1.327483415603637695e+00 1.099191427230834961e+00 -1.166021823883056641e-01 -2.070728689432144165e-01 -1.930337548255920410e-01
1.062014937400817871e+00 -1.317421793937683105e+00 1.114632606506347656e+00 -1.167377009987831116e-01 -2.096638679504394531e-01 -1.916039139032363892e-01
1.067768812179565430e+00 -1.314264416694641113e+00 1.121176242828369141e+00 -1.172414571046829224e-01 -2.105472534894943237e-01 -1.917580366134643555e-01
1.070096015930175781e+00 -1.313783764839172363e+00 1.121784090995788574e+00 -1.186813637614250183e-01 -2.120089679956436157e-01 -1.913774162530899048e-01
