1.199015498161315918e+00 -1.231560468673706055e+00 1.214357495307922363e+00 -2.338354736566543579e-01 -2.285447120666503906e-01 -1.951226294040679932e-01
1.200259685516357422e+00 -1.230642437934875488e+00 1.214588284492492676e+00 -2.340587973594665527e-01 -2.283861935138702393e-01 -1.950899809598922729e-01
1.201179146766662598e+00 -1.229978919029235840e+00 1.214456915855407715e+00 -2.343220561742782593e-01 -2.281516492366790771e-01 -1.950837373733520508e-01
1.201736330986022949e+00 -1.229551672935485840e+00 1.214211225509643555e+00 -2.345774620771408081e-01 -2.279049009084701538e-01 -1.950825452804565430e-01
1.202191472053527832e+00 -1.229197740554809570e+00 1.213873028755187988e+00 -2.348386347293853760e-01 -2.276541441679000854e-01 -1.950214058160781860e-01
1.202671170234680176e+00 -1.228793263435363770e+00 1.213665723800659180e+00 -2.351064831018447876e-01 -2.274196445941925049e-01 -1.948477327823638916e-01
1.203015089035034180e+00 -1.228626966476440430e+00 1.213325142860412598e+00 -2.353282719850540161e-01 -2.270922958850860596e-01 -1.949592232704162598e-01
1.203325271606445312e+00 -1.228451609611511230e+00 1.212994456291198730e+00 -2.355473041534423828e-01 -2.267668843269348145e-01 -1.950654089450836182e-01
1.203584551811218262e+00 -1.228290319442749023e+00 1.212691903114318848e+00 -2.357658743858337402e-01 -2.264454513788223267e-01 -1.951733529567718506e-01
1.203834652900695801e+00 -1.228317260742187500e+00 1.212287902832031250e+00 -2.359806448221206665e-01 -2.260909229516983032e-01 -1.953698843717575073e-01
