1.197466969490051270e+00 -1.226651191711425781e+00 1.210436224937438965e+00 -2.539216279983520508e-01 -2.885543704032897949e-01 -1.002660095691680908e-01
1.196995139122009277e+00 -1.225820302963256836e+00 1.211210727691650391e+00 -2.538280189037322998e-01 -2.885734438896179199e-01 -1.000845432281494141e-01
1.197335958480834961e+00 -1.224953413009643555e+00 1.212042212486267090e+00 -2.537373602390289307e-01 -2.886630296707153320e-01 -9.991164505481719971e-02
1.197707295417785645e+00 -1.224346280097961426e+00 1.212559819221496582e+00 -2.536842823028564453e-01 -2.887099981307983398e-01 -9.978252649307250977e-02
1.197438120841979980e+00 -1.224297523498535156e+00 1.212663292884826660e+00 -2.536976635456085205e-01 -2.886801660060882568e-01 -9.961183369159698486e-02
1.197412133216857910e+00 -1.224195361137390137e+00 1.212869167327880859e+00 -2.536960244178771973e-01 -2.886773347854614258e-01 -9.946568310260772705e-02
1.197435736656188965e+00 -1.224138736724853516e+00 1.212986707687377930e+00 -2.537063956260681152e-01 -2.886641323566436768e-01 -9.933649003505706787e-02
1.197458386421203613e+00 -1.224092006683349609e+00 1.213085651397705078e+00 -2.537201046943664551e-01 -2.886481285095214844e-01 -9.920829534530639648e-02
1.197477579116821289e+00 -1.224053144454956055e+00 1.213169693946838379e+00 -2.537363171577453613e-01 -2.886299490928649902e-01 -9.908108413219451904e-02
1.197466850280761719e+00 -1.224167346954345703e+00 1.213084936141967773e+00 -2.537851631641387939e-01 -2.885980010032653809e-01 -9.895895421504974365e-02
