1.234032869338989258e+00 -1.261103630065917969e+00 1.277630686759948730e+00 -9.138309955596923828e-02 -1.557308137416839600e-01 -2.709445655345916748e-01
1.197557687759399414e+00 -1.229581832885742188e+00 1.199017763137817383e+00 -1.271003782749176025e-01 -1.851344704627990723e-01 -2.044104337692260742e-01
1.204062938690185547e+00 -1.239758014678955078e+00 1.217488169670104980e+00 -1.242701560258865356e-01 -2.023236155509948730e-01 -2.091765999794006348e-01
1.207516312599182129e+00 -1.223859667778015137e+00 1.200421690940856934e+00 -1.382331401109695435e-01 -1.931374818086624146e-01 -2.052515745162963867e-01
1.206174015998840332e+00 -1.231307744979858398e+00 1.214610815048217773e+00 -1.264293044805526733e-01 -1.931783109903335571e-01 -2.079878002405166626e-01
1.206610560417175293e+00 -1.224815249443054199e+00 1.210658431053161621e+00 -1.419641077518463135e-01 -1.925778090953826904e-01 -1.998888850212097168e-01
1.192761421203613281e+00 -1.240259528160095215e+00 1.224154472351074219e+00 -1.462970376014709473e-01 -1.947003751993179321e-01 -1.981801986694335938e-01
1.193889856338500977e+00 -1.241121172904968262e+00 1.224997282028198242e+00 -1.409432888031005859e-01 -1.914442032575607300e-01 -2.080375701189041138e-01
1.195119738578796387e+00 -1.240578532218933105e+00 1.219131827354431152e+00 -1.419100165367126465e-01 -1.937498748302459717e-01 -2.129839211702346802e-01
1.198663711547851562e+00 -1.242039442062377930e+00 1.215579509735107422e+00 -1.317571103572845459e-01 -1.816243827342987061e-01 -2.291746735572814941e-01
1.192741513252258301e+00 -1.242694616317749023e+00 1.221876263618469238e+00 -1.348272413015365601e-01 -1.930304765701293945e-01 -2.066851407289505005e-01
