1.179980158805847168e+00 -1.038390040397644043e+00 1.129866719245910645e+00 -2.219857573509216309e-01 -1.971647143363952637e-01 -1.713774055242538452e-01
1.268284082412719727e+00 -1.118583440780639648e+00 1.104097604751586914e+00 -2.270055562257766724e-01 -2.057208418846130371e-01 -1.685701757669448853e-01
1.274999380111694336e+00 -1.103720903396606445e+00 1.087697863578796387e+00 -2.239600569009780884e-01 -1.971389502286911011e-01 -1.532378047704696655e-01
1.313709020614624023e+00 -1.034556269645690918e+00 1.019157052040100098e+00 -2.236023098230361938e-01 -2.061055898666381836e-01 -1.514845937490463257e-01
1.331902623176574707e+00 -1.002848863601684570e+00 1.009802937507629395e+00 -2.216601222753524780e-01 -1.968099474906921387e-01 -1.504763066768646240e-01
1.299790382385253906e+00 -1.064422845840454102e+00 1.053974390029907227e+00 -2.177288532257080078e-01 -1.913939565420150757e-01 -1.610739529132843018e-01
1.285705685615539551e+00 -1.086863994598388672e+00 1.070985078811645508e+00 -2.172036767005920410e-01 -2.002140283584594727e-01 -1.526253074407577515e-01
1.267315030097961426e+00 -1.118185043334960938e+00 1.107166290283203125e+00 -2.194584161043167114e-01 -1.977225244045257568e-01 -1.667716354131698608e-01
1.280209302902221680e+00 -1.097236633300781250e+00 1.085999131202697754e+00 -2.251502573490142822e-01 -1.935203671455383301e-01 -1.617190539836883545e-01
1.303664445877075195e+00 -1.054316520690917969e+00 1.040432214736938477e+00 -2.349685728549957275e-01 -1.930152773857116699e-01 -1.599114388227462769e-01
1.286084890365600586e+00 -1.083790898323059082e+00 1.069843649864196777e+00 -2.393363565206527710e-01 -1.970608830451965332e-01 -1.730459779500961304e-01
