1.107425570487976074e+00 -1.261934041976928711e+00 1.129295706748962402e+00 -3.332403004169464111e-01 -1.587121933698654175e-01 -1.309836953878402710e-01
1.108401536941528320e+00 -1.261630892753601074e+00 1.130330443382263184e+00 -3.331318795680999756e-01 -1.589181125164031982e-01 -1.313275992870330811e-01
1.111063718795776367e+00 -1.260780811309814453e+00 1.133124113082885742e+00 -3.329300582408905029e-01 -1.594151854515075684e-01 -1.322911381721496582e-01
1.118130326271057129e+00 -1.258510708808898926e+00 1.140644550323486328e+00 -3.326711058616638184e-01 -1.607213020324707031e-01 -1.344853192567825317e-01
1.136081814765930176e+00 -1.252738833427429199e+00 1.160160303115844727e+00 -3.294965028762817383e-01 -1.651314795017242432e-01 -1.395770311355590820e-01
1.168108820915222168e+00 -1.240940690040588379e+00 1.192228555679321289e+00 -3.206416368484497070e-01 -1.725921034812927246e-01 -1.531719416379928589e-01
1.189432621002197266e+00 -1.233492732048034668e+00 1.212536811828613281e+00 -3.155744075775146484e-01 -1.761407852172851562e-01 -1.647412478923797607e-01
1.195370197296142578e+00 -1.231616377830505371e+00 1.217858672142028809e+00 -3.160543441772460938e-01 -1.783246248960494995e-01 -1.667292714118957520e-01
1.196651577949523926e+00 -1.231577754020690918e+00 1.219053506851196289e+00 -3.161059021949768066e-01 -1.805023401975631714e-01 -1.673733741044998169e-01
1.197209239006042480e+00 -1.231510758399963379e+00 1.219946742057800293e+00 -3.152636587619781494e-01 -1.840421408414840698e-01 -1.678070127964019775e-01
1.196945786476135254e+00 -1.231636524200439453e+00 1.220482945442199707e+00 -3.140380084514617920e-01 -1.895639598369598389e-01 -1.687761545181274414e-01
