1.290956735610961914e+00 -1.068861603736877441e+00 1.130065679550170898e+00 -2.189672589302062988e-01 -2.027819752693176270e-01 -1.875270158052444458e-01
1.290079355239868164e+00 -1.070455670356750488e+00 1.130736112594604492e+00 -2.189101725816726685e-01 -2.029949873685836792e-01 -1.875882297754287720e-01
1.287596464157104492e+00 -1.074971914291381836e+00 1.132724046707153320e+00 -2.187168300151824951e-01 -2.036471664905548096e-01 -1.877069026231765747e-01
1.280635714530944824e+00 -1.087605714797973633e+00 1.138521313667297363e+00 -2.181724905967712402e-01 -2.056344747543334961e-01 -1.880493015050888062e-01
1.263339281082153320e+00 -1.119073867797851562e+00 1.152544379234313965e+00 -2.163554131984710693e-01 -2.099101692438125610e-01 -1.894376873970031738e-01
1.235095143318176270e+00 -1.171032190322875977e+00 1.174056887626647949e+00 -2.117787003517150879e-01 -2.163386195898056030e-01 -1.911745667457580566e-01
1.213845610618591309e+00 -1.209970235824584961e+00 1.196085572242736816e+00 -2.066812217235565186e-01 -2.219993174076080322e-01 -1.958696693181991577e-01
1.208658576011657715e+00 -1.219142198562622070e+00 1.203160047531127930e+00 -2.044458091259002686e-01 -2.252890616655349731e-01 -1.993364095687866211e-01
1.207537293434143066e+00 -1.220902800559997559e+00 1.205067276954650879e+00 -2.042736262083053589e-01 -2.299926280975341797e-01 -1.993224471807479858e-01
1.206926822662353516e+00 -1.221495389938354492e+00 1.206507921218872070e+00 -2.035149186849594116e-01 -2.344202995300292969e-01 -1.980787813663482666e-01
1.206416845321655273e+00 -1.222938895225524902e+00 1.207352280616760254e+00 -2.002462744712829590e-01 -2.350273430347442627e-01 -1.992685049772262573e-01
