1.193503260612487793e+00 -1.111950993537902832e+00 1.394949913024902344e+00 -2.395180314779281616e-01 -1.905698180198669434e-01 -2.244175225496292114e-01
1.193603634834289551e+00 -1.113402843475341797e+00 1.393133401870727539e+00 -2.399418205022811890e-01 -1.906367242336273193e-01 -2.242463827133178711e-01
1.193820595741271973e+00 -1.117461919784545898e+00 1.388181924819946289e+00 -2.410868704319000244e-01 -1.908093243837356567e-01 -2.237699180841445923e-01
1.194389820098876953e+00 -1.128405809402465820e+00 1.374661326408386230e+00 -2.444111704826354980e-01 -1.914754807949066162e-01 -2.220272272825241089e-01
1.196332931518554688e+00 -1.155237555503845215e+00 1.339916944503784180e+00 -2.526187598705291748e-01 -1.929450929164886475e-01 -2.168640196323394775e-01
1.198201060295104980e+00 -1.202292442321777344e+00 1.278334856033325195e+00 -2.640285193920135498e-01 -1.935695707798004150e-01 -2.069027125835418701e-01
1.199336886405944824e+00 -1.230601787567138672e+00 1.236091256141662598e+00 -2.669858038425445557e-01 -1.922764182090759277e-01 -1.989403218030929565e-01
1.200048565864562988e+00 -1.237495064735412598e+00 1.226352810859680176e+00 -2.661554217338562012e-01 -1.907535493373870850e-01 -1.994585394859313965e-01
1.200789690017700195e+00 -1.237505078315734863e+00 1.224556565284729004e+00 -2.663204371929168701e-01 -1.904896199703216553e-01 -2.011108398437500000e-01
1.202043771743774414e+00 -1.235314726829528809e+00 1.221837639808654785e+00 -2.665200233459472656e-01 -1.906583011150360107e-01 -2.010461539030075073e-01
1.203103780746459961e+00 -1.234264373779296875e+00 1.220771908760070801e+00 -2.657104432582855225e-01 -1.918319612741470337e-01 -1.993984580039978027e-01
