1.236432433128356934e+00 -1.174949884414672852e+00 1.162044525146484375e+00 -2.037050127983093262e-01 -2.240197062492370605e-01 -1.629540324211120605e-01
1.236326456069946289e+00 -1.175082445144653320e+00 1.162124991416931152e+00 -2.036748230457305908e-01 -2.239649295806884766e-01 -1.630930751562118530e-01
1.236031532287597656e+00 -1.175464987754821777e+00 1.162373185157775879e+00 -2.035709768533706665e-01 -2.238316237926483154e-01 -1.634661853313446045e-01
1.235419750213623047e+00 -1.176243782043457031e+00 1.162821412086486816e+00 -2.032811939716339111e-01 -2.234310358762741089e-01 -1.644180715084075928e-01
1.233446240425109863e+00 -1.178671121597290039e+00 1.164356112480163574e+00 -2.022996544837951660e-01 -2.222884893417358398e-01 -1.669249087572097778e-01
1.223426342010498047e+00 -1.193268537521362305e+00 1.176886796951293945e+00 -1.987526416778564453e-01 -2.214113771915435791e-01 -1.729584336280822754e-01
1.212601423263549805e+00 -1.210730552673339844e+00 1.192266821861267090e+00 -1.941016763448715210e-01 -2.203262150287628174e-01 -1.798873841762542725e-01
1.211094617843627930e+00 -1.213163495063781738e+00 1.194773197174072266e+00 -1.906090974807739258e-01 -2.168430387973785400e-01 -1.858011931180953979e-01
1.211933493614196777e+00 -1.211217403411865234e+00 1.192744493484497070e+00 -1.885554194450378418e-01 -2.144666612148284912e-01 -1.890138238668441772e-01
1.211790084838867188e+00 -1.211941957473754883e+00 1.193031907081604004e+00 -1.868165731430053711e-01 -2.133755385875701904e-01 -1.912354379892349243e-01
1.209767222404479980e+00 -1.214814662933349609e+00 1.195364236831665039e+00 -1.849808990955352783e-01 -2.138680517673492432e-01 -1.931476891040802002e-01
