9.981023669242858887e-01 -1.245488882064819336e+00 1.278964161872863770e+00 -1.992593407630920410e-01 -3.259332776069641113e-01 -1.793542802333831787e-01
1.215804934501647949e+00 -1.198868870735168457e+00 1.196696996688842773e+00 -2.029209733009338379e-01 -3.026682138442993164e-01 -2.304469943046569824e-01
1.176247239112854004e+00 -1.265168547630310059e+00 1.255260944366455078e+00 -1.971372663974761963e-01 -3.212494850158691406e-01 -2.339923679828643799e-01
1.212115883827209473e+00 -1.202639818191528320e+00 1.192145347595214844e+00 -2.114872485399246216e-01 -2.970155775547027588e-01 -2.525503039360046387e-01
1.218041777610778809e+00 -1.200996160507202148e+00 1.191072463989257812e+00 -1.970054507255554199e-01 -3.000683784484863281e-01 -2.577789425849914551e-01
1.211633205413818359e+00 -1.207878351211547852e+00 1.190240740776062012e+00 -1.881780475378036499e-01 -2.944210767745971680e-01 -2.600225806236267090e-01
1.206604838371276855e+00 -1.217819333076477051e+00 1.201438069343566895e+00 -2.011351585388183594e-01 -2.943365871906280518e-01 -2.474330365657806396e-01
1.210673689842224121e+00 -1.214268445968627930e+00 1.205263495445251465e+00 -2.068168222904205322e-01 -3.146832287311553955e-01 -2.312850952148437500e-01
1.211975097656250000e+00 -1.209537029266357422e+00 1.202173948287963867e+00 -2.076675891876220703e-01 -3.014094233512878418e-01 -2.486180365085601807e-01
1.213213205337524414e+00 -1.205116271972656250e+00 1.196762561798095703e+00 -2.100681662559509277e-01 -3.014288246631622314e-01 -2.572543621063232422e-01
1.204875111579895020e+00 -1.219361305236816406e+00 1.209510207176208496e+00 -2.083741128444671631e-01 -3.091483116149902344e-01 -2.462943196296691895e-01
